dataset,model,evaluation_mode,utility,analysis_role,condition,metric,left,right,mean_difference,median_difference,ci95_low,ci95_high,permutation_p,sign_test_p,cohens_dz,n_users,wins,losses,ties,bootstrap_draws,permutation_draws,p_holm
Amazon-Digital-Music,itemknn,full_unseen_catalogue,target_margin,full_catalogue,full_catalogue,aia,shapley_mc,lime,-0.8400958721114566,-0.8690476190476191,-0.9426075279300455,-0.7331371517682956,9.999000099990002e-05,1.3348718073403994e-31,-1.000795217416,250,35,210,5,10000,10000,0.000999900009999
Amazon-Digital-Music,itemknn,full_unseen_catalogue,target_margin,full_catalogue,full_catalogue,aia,shapley_mc,loo,-0.9081035811642502,-0.9599999999999997,-1.0044093326398795,-0.8090848878172127,9.999000099990002e-05,1.4205844900619773e-40,-1.1426551954328144,250,24,219,7,10000,10000,0.000999900009999
Amazon-Digital-Music,itemknn,full_unseen_catalogue,target_margin,full_catalogue,full_catalogue,aia,shapley_mc,greedy_cf,-0.5680041413315113,-0.626106691377415,-0.6827819314469772,-0.4492504102894284,9.999000099990002e-05,3.5898462903083414e-11,-0.603552791097422,250,69,171,10,10000,10000,0.000999900009999
Amazon-Digital-Music,itemknn,full_unseen_catalogue,target_margin,full_catalogue,full_catalogue,aia,shapley_mc,random,-0.1145231740076413,-0.08922077922077923,-0.1956039871092634,-0.0326734315320672,0.005099490050994901,0.2275537562891071,-0.17341760559385344,250,114,134,2,10000,10000,0.005099490050994901
Amazon-Digital-Music,itemknn,full_unseen_catalogue,target_margin,full_catalogue,full_catalogue,aia,lime,loo,-0.06800770905279349,0.0,-0.09070574380484289,-0.04873255196066652,9.999000099990002e-05,4.56640478646766e-13,-0.4058414149954641,250,23,102,125,10000,10000,0.000999900009999
Amazon-Digital-Music,itemknn,full_unseen_catalogue,target_margin,full_catalogue,full_catalogue,aia,lime,greedy_cf,0.2720917307799451,0.19999999999999998,0.22281105509938648,0.3230684704893091,9.999000099990002e-05,2.5077497013114968e-23,0.6690506325458055,250,163,30,57,10000,10000,0.000999900009999
Amazon-Digital-Music,itemknn,full_unseen_catalogue,target_margin,full_catalogue,full_catalogue,aia,lime,random,0.7255726981038152,0.7843939393939393,0.6697853545982807,0.7815342096078743,9.999000099990002e-05,7.323600332824691e-54,1.6205849515957245,250,235,13,2,10000,10000,0.000999900009999
Amazon-Digital-Music,itemknn,full_unseen_catalogue,target_margin,full_catalogue,full_catalogue,aia,loo,greedy_cf,0.34009943983273855,0.30205776681459773,0.28857139397537696,0.39386777837811915,9.999000099990002e-05,2.976573714647283e-31,0.7969287497369112,250,169,19,62,10000,10000,0.000999900009999
Amazon-Digital-Music,itemknn,full_unseen_catalogue,target_margin,full_catalogue,full_catalogue,aia,loo,random,0.7935804071566088,0.84,0.738137412136278,0.8448584826509238,9.999000099990002e-05,2.1088746101442878e-55,1.8320993169578499,250,237,12,1,10000,10000,0.000999900009999
Amazon-Digital-Music,itemknn,full_unseen_catalogue,target_margin,full_catalogue,full_catalogue,aia,greedy_cf,random,0.4534809673238702,0.5,0.3861614365687782,0.5187774751921859,9.999000099990002e-05,1.2305850938546542e-27,0.8484967277379033,250,206,41,3,10000,10000,0.000999900009999
Amazon-Digital-Music,itemknn,full_unseen_catalogue,target_margin,full_catalogue,full_catalogue,aia_ndcg,shapley_mc,lime,0.2747130955976193,0.0,-0.14729537233052695,0.9187300314539116,0.7476252374762524,1.0,0.36662997927382973,6,2,1,3,10000,10000,1.0
Amazon-Digital-Music,itemknn,full_unseen_catalogue,target_margin,full_catalogue,full_catalogue,aia_ndcg,shapley_mc,loo,0.274135162203971,0.0,-0.14729537233052695,0.9047679924567181,0.7543245675432457,1.0,0.3657339340415835,6,2,2,2,10000,10000,1.0
Amazon-Digital-Music,itemknn,full_unseen_catalogue,target_margin,full_catalogue,full_catalogue,aia_ndcg,shapley_mc,greedy_cf,0.0776709006307398,0.0,-0.19999999999999996,0.43301270189221935,1.0,1.0,0.1857960519516531,6,1,1,4,10000,10000,1.0
Amazon-Digital-Music,itemknn,full_unseen_catalogue,target_margin,full_catalogue,full_catalogue,aia_ndcg,shapley_mc,random,0.38874554765777286,0.5435231383473651,0.006730792954889449,0.6485531687931044,0.0933906609339066,0.21875,0.8358894335687568,6,5,1,0,10000,10000,0.933906609339066
Amazon-Digital-Music,itemknn,full_unseen_catalogue,target_margin,full_catalogue,full_catalogue,aia_ndcg,lime,loo,-0.0005779333936483111,0.0,-0.0017338001809449333,0.0,1.0,1.0,-0.40824829046386296,6,0,1,5,10000,10000,1.0
Amazon-Digital-Music,itemknn,full_unseen_catalogue,target_margin,full_catalogue,full_catalogue,aia_ndcg,lime,greedy_cf,-0.19704219496687947,0.0,-0.4857173295616924,0.0,0.501949805019498,0.5,-0.5608999271522898,6,0,2,4,10000,10000,1.0
Amazon-Digital-Music,itemknn,full_unseen_catalogue,target_margin,full_catalogue,full_catalogue,aia_ndcg,lime,random,0.11403245206015362,0.4518194168527215,-0.6007192086568249,0.712543727944655,0.7837216278372163,0.6875,0.12616144185985317,6,4,2,0,10000,10000,1.0
Amazon-Digital-Music,itemknn,full_unseen_catalogue,target_margin,full_catalogue,full_catalogue,aia_ndcg,loo,greedy_cf,-0.19646426157323116,0.0,-0.48571732956169233,0.0011558667872966222,0.4961503849615039,1.0,-0.5586320136785226,6,1,2,3,10000,10000,1.0
Amazon-Digital-Music,itemknn,full_unseen_catalogue,target_margin,full_catalogue,full_catalogue,aia_ndcg,loo,random,0.11461038545380194,0.4518194168527215,-0.5842864449596795,0.7136995947319518,0.7785221477852214,0.6875,0.12673489023749424,6,4,2,0,10000,10000,1.0
Amazon-Digital-Music,itemknn,full_unseen_catalogue,target_margin,full_catalogue,full_catalogue,aia_ndcg,greedy_cf,random,0.3110746470270331,0.6099332998611404,-0.14309906156006202,0.7652483556141281,0.2526747325267473,0.6875,0.4726753082286397,6,4,2,0,10000,10000,1.0
Amazon-Digital-Music,itemknn,full_unseen_catalogue,target_margin,full_catalogue,full_catalogue,faithfulness_alignment,shapley_mc,lime,-1.2090418947303445,-1.3934256056477767,-1.2854147766752735,-1.1323745163930714,9.999000099990002e-05,6.914307364461858e-67,-1.9394088764157493,250,4,244,2,10000,10000,0.000999900009999
Amazon-Digital-Music,itemknn,full_unseen_catalogue,target_margin,full_catalogue,full_catalogue,faithfulness_alignment,shapley_mc,loo,-1.2875059628372278,-1.4515949202859113,-1.354612720584285,-1.219294967182848,9.999000099990002e-05,2.210859150104178e-75,-2.329376965593838,250,0,249,1,10000,10000,0.000999900009999
Amazon-Digital-Music,itemknn,full_unseen_catalogue,target_margin,full_catalogue,full_catalogue,faithfulness_alignment,shapley_mc,greedy_cf,-0.8605642142469171,-1.0,-0.957876319895838,-0.7612138043495535,9.999000099990002e-05,1.9720957749972732e-30,-1.0841209620405514,250,35,205,10,10000,10000,0.000999900009999
Amazon-Digital-Music,itemknn,full_unseen_catalogue,target_margin,full_catalogue,full_catalogue,faithfulness_alignment,shapley_mc,random,-0.28628942584286976,-0.32999999999999996,-0.3604897536334217,-0.21132998373913958,9.999000099990002e-05,2.2192782831812313e-11,-0.47062622623611033,250,72,177,1,10000,10000,0.000999900009999
Amazon-Digital-Music,itemknn,full_unseen_catalogue,target_margin,full_catalogue,full_catalogue,faithfulness_alignment,lime,loo,-0.0784640681068835,-0.00448439551744273,-0.09901495156318661,-0.060964197002819645,9.999000099990002e-05,5.739718509874451e-42,-0.5191996062444783,250,0,138,112,10000,10000,0.000999900009999
Amazon-Digital-Music,itemknn,full_unseen_catalogue,target_margin,full_catalogue,full_catalogue,faithfulness_alignment,lime,greedy_cf,0.3484776804834272,0.32,0.30567951085017314,0.3922773797297484,9.999000099990002e-05,1.864392420400858e-45,1.0048692029367343,250,187,8,55,10000,10000,0.000999900009999
Amazon-Digital-Music,itemknn,full_unseen_catalogue,target_margin,full_catalogue,full_catalogue,faithfulness_alignment,lime,random,0.9227524688874745,0.9,0.887781270687519,0.9566574874695157,9.999000099990002e-05,5.5271478752604446e-73,3.299222888803205,250,248,1,1,10000,10000,0.000999900009999
Amazon-Digital-Music,itemknn,full_unseen_catalogue,target_margin,full_catalogue,full_catalogue,faithfulness_alignment,loo,greedy_cf,0.42694174859031064,0.4532377896024542,0.3810722164728761,0.47413230390324645,9.999000099990002e-05,4.9784122222889134e-60,1.1251262392832622,250,198,0,52,10000,10000,0.000999900009999
Amazon-Digital-Music,itemknn,full_unseen_catalogue,target_margin,full_catalogue,full_catalogue,faithfulness_alignment,loo,random,1.0012165369943582,1.0,0.9715424465090925,1.0311898009534515,9.999000099990002e-05,1.105429575052089e-75,4.083749032790557,250,250,0,0,10000,10000,0.000999900009999
Amazon-Digital-Music,itemknn,full_unseen_catalogue,target_margin,full_catalogue,full_catalogue,faithfulness_alignment,greedy_cf,random,0.5742747884040474,0.6,0.5182565801334146,0.6306592508657213,9.999000099990002e-05,4.0910149643658594e-42,1.2894327866669666,250,225,24,1,10000,10000,0.000999900009999
Amazon-Digital-Music,itemknn,full_unseen_catalogue,target_margin,full_catalogue,full_catalogue,actionability_gap,shapley_mc,lime,0.3689460226188879,0.004545454545454639,0.2924535410483235,0.4503212009035013,9.999000099990002e-05,2.225811352050909e-22,0.5791619494486504,250,126,16,108,10000,10000,0.000999900009999
Amazon-Digital-Music,itemknn,full_unseen_catalogue,target_margin,full_catalogue,full_catalogue,actionability_gap,shapley_mc,loo,0.3794023816729779,0.02532754073168953,0.3045428230580199,0.46244684708274886,9.999000099990002e-05,1.9030709288774035e-30,0.592739570039106,250,143,11,96,10000,10000,0.000999900009999
Amazon-Digital-Music,itemknn,full_unseen_catalogue,target_margin,full_catalogue,full_catalogue,actionability_gap,shapley_mc,greedy_cf,0.29256007291540576,0.0,0.21588388838447767,0.3730652769813068,9.999000099990002e-05,2.554536552562813e-13,0.460997153350713,250,115,29,106,10000,10000,0.000999900009999
Amazon-Digital-Music,itemknn,full_unseen_catalogue,target_margin,full_catalogue,full_catalogue,actionability_gap,shapley_mc,random,0.1717662518352285,0.0,0.12723183762338713,0.22030107949146135,9.999000099990002e-05,2.3497857955010335e-12,0.4599364448410552,250,114,31,105,10000,10000,0.000999900009999
Amazon-Digital-Music,itemknn,full_unseen_catalogue,target_margin,full_catalogue,full_catalogue,actionability_gap,lime,loo,0.010456359054089998,0.0,0.0009945864986469265,0.020335654196601712,0.0342965703429657,0.0006667238970035186,0.1330597357743362,250,79,41,130,10000,10000,0.0342965703429657
Amazon-Digital-Music,itemknn,full_unseen_catalogue,target_margin,full_catalogue,full_catalogue,actionability_gap,lime,greedy_cf,-0.0763859497034821,0.0,-0.11009560157144818,-0.043881157222156915,9.999000099990002e-05,0.00011021131111835157,-0.2871503867604731,250,41,85,124,10000,10000,0.000999900009999
Amazon-Digital-Music,itemknn,full_unseen_catalogue,target_margin,full_catalogue,full_catalogue,actionability_gap,lime,random,-0.19717977078365936,-0.00182730018169656,-0.2422756371960535,-0.1546552416897436,9.999000099990002e-05,7.03340962290385e-23,-0.544107650231104,250,16,128,106,10000,10000,0.000999900009999
Amazon-Digital-Music,itemknn,full_unseen_catalogue,target_margin,full_catalogue,full_catalogue,actionability_gap,loo,greedy_cf,-0.08684230875757211,0.0,-0.12094630348420946,-0.055397163086270206,9.999000099990002e-05,2.33137290207802e-07,-0.32926793300770263,250,39,100,111,10000,10000,0.000999900009999
Amazon-Digital-Music,itemknn,full_unseen_catalogue,target_margin,full_catalogue,full_catalogue,actionability_gap,loo,random,-0.20763612983774937,-0.020000000000000205,-0.25430414051734845,-0.16480548659923394,9.999000099990002e-05,1.6764239361333992e-34,-0.5672727673952445,250,8,148,94,10000,10000,0.000999900009999
Amazon-Digital-Music,itemknn,full_unseen_catalogue,target_margin,full_catalogue,full_catalogue,actionability_gap,greedy_cf,random,-0.12079382108017728,0.0,-0.1675450841344692,-0.07795198608950323,9.999000099990002e-05,0.0011725629873702774,-0.3348974034544846,250,53,93,104,10000,10000,0.000999900009999
Amazon-Digital-Music,itemknn,full_unseen_catalogue,target_margin,full_catalogue,full_catalogue,signed_alignment,shapley_mc,lime,-0.21372070572140586,-0.1452195093338769,-0.25207460809192045,-0.17668613662710916,9.999000099990002e-05,2.542955941702934e-36,-0.6926545193925735,250,13,171,66,10000,10000,0.000999900009999
Amazon-Digital-Music,itemknn,full_unseen_catalogue,target_margin,full_catalogue,full_catalogue,signed_alignment,shapley_mc,loo,-0.2362826548377018,-0.17807642155035758,-0.27663970156265766,-0.19765814636105336,9.999000099990002e-05,8.29560841232113e-39,-0.7422424286674514,250,12,177,61,10000,10000,0.000999900009999
Amazon-Digital-Music,itemknn,full_unseen_catalogue,target_margin,full_catalogue,full_catalogue,signed_alignment,shapley_mc,greedy_cf,0.6600044588349545,0.6210346368939095,0.5733132379525049,0.7429835019333482,9.999000099990002e-05,5.430695505656242e-32,0.9593007766825585,250,207,33,10,10000,10000,0.000999900009999
Amazon-Digital-Music,itemknn,full_unseen_catalogue,target_margin,full_catalogue,full_catalogue,signed_alignment,shapley_mc,random,0.7165299942374366,0.7411597812932521,0.6669544984930991,0.764946719033286,9.999000099990002e-05,4.849377940630808e-58,1.7845536083413698,250,239,10,1,10000,10000,0.000999900009999
Amazon-Digital-Music,itemknn,full_unseen_catalogue,target_margin,full_catalogue,full_catalogue,signed_alignment,lime,loo,-0.022561949116295926,0.0,-0.03193164126646523,-0.014432536768262914,9.999000099990002e-05,2.3222098297326027e-11,-0.3219980664301261,250,20,88,142,10000,10000,0.000999900009999
Amazon-Digital-Music,itemknn,full_unseen_catalogue,target_margin,full_catalogue,full_catalogue,signed_alignment,lime,greedy_cf,0.8737251645563604,0.8417394783812715,0.8123901279150503,0.9345963374925945,9.999000099990002e-05,2.1147133073844473e-69,1.7414510153020588,250,242,2,6,10000,10000,0.000999900009999
Amazon-Digital-Music,itemknn,full_unseen_catalogue,target_margin,full_catalogue,full_catalogue,signed_alignment,lime,random,0.9302506999588425,0.9268825793168796,0.896149231704201,0.9629202960342531,9.999000099990002e-05,1.365293959555334e-70,3.4277582263503286,250,246,2,2,10000,10000,0.000999900009999
Amazon-Digital-Music,itemknn,full_unseen_catalogue,target_margin,full_catalogue,full_catalogue,signed_alignment,loo,greedy_cf,0.8962871136726565,0.8690476190476191,0.8358927558742906,0.958575087893098,9.999000099990002e-05,1.066023221560632e-69,1.8203931371721773,250,243,2,5,10000,10000,0.000999900009999
Amazon-Digital-Music,itemknn,full_unseen_catalogue,target_margin,full_catalogue,full_catalogue,signed_alignment,loo,random,0.9528126490751383,0.9646261883140879,0.9196632924503589,0.9850736167595225,9.999000099990002e-05,1.1010078567518806e-72,3.58893853179668,250,247,1,2,10000,10000,0.000999900009999
Amazon-Digital-Music,itemknn,full_unseen_catalogue,target_margin,full_catalogue,full_catalogue,signed_alignment,greedy_cf,random,0.056525535402481994,0.1283023731051354,-0.010221204764465773,0.12076495929098648,0.09309069093090691,0.0014811661331282483,0.10679575165302077,250,150,99,1,10000,10000,0.09309069093090691
Amazon-Digital-Music,itemknn,full_unseen_catalogue,target_margin,full_catalogue,full_catalogue,signed_alignment_ndcg,shapley_mc,lime,-0.05270462766947296,0.0,-0.1581138830084189,0.0,1.0,1.0,-0.408248290463863,6,0,1,5,10000,10000,1.0
Amazon-Digital-Music,itemknn,full_unseen_catalogue,target_margin,full_catalogue,full_catalogue,signed_alignment_ndcg,shapley_mc,loo,-0.05328256106312127,0.0,-0.1586918164020672,0.0,0.48965103489651035,0.5,-0.41360810471923937,6,0,2,4,10000,10000,1.0
Amazon-Digital-Music,itemknn,full_unseen_catalogue,target_margin,full_catalogue,full_catalogue,signed_alignment_ndcg,shapley_mc,greedy_cf,0.03333333333333335,0.0,0.0,0.10000000000000003,1.0,1.0,0.4082482904638631,6,1,0,5,10000,10000,1.0
Amazon-Digital-Music,itemknn,full_unseen_catalogue,target_margin,full_catalogue,full_catalogue,signed_alignment_ndcg,shapley_mc,random,0.5624034631899139,0.5760353871521696,0.27861433609583375,0.8611393962837058,0.0653934606539346,0.0625,1.3943298556173152,6,5,0,1,10000,10000,0.622937706229377
Amazon-Digital-Music,itemknn,full_unseen_catalogue,target_margin,full_catalogue,full_catalogue,signed_alignment_ndcg,lime,loo,-0.0005779333936483111,0.0,-0.0017338001809449333,0.0,1.0,1.0,-0.40824829046386296,6,0,1,5,10000,10000,1.0
Amazon-Digital-Music,itemknn,full_unseen_catalogue,target_margin,full_catalogue,full_catalogue,signed_alignment_ndcg,lime,greedy_cf,0.0860379610028063,0.0,0.0,0.1914472163417522,0.5025497450254974,0.5,0.6222725712429714,6,2,0,4,10000,10000,1.0
Amazon-Digital-Music,itemknn,full_unseen_catalogue,target_margin,full_catalogue,full_catalogue,signed_alignment_ndcg,lime,random,0.6151080908593868,0.5998076211353316,0.2886751345948129,0.9326507389136808,0.0628937106289371,0.0625,1.417814893523449,6,5,0,1,10000,10000,0.622937706229377
Amazon-Digital-Music,itemknn,full_unseen_catalogue,target_margin,full_catalogue,full_catalogue,signed_alignment_ndcg,loo,greedy_cf,0.08661589439645462,0.0017338001809449333,0.0005779333936483111,0.19202514973540055,0.24497550244975502,0.25,0.6283838767826029,6,3,0,3,10000,10000,1.0
Amazon-Digital-Music,itemknn,full_unseen_catalogue,target_margin,full_catalogue,full_catalogue,signed_alignment_ndcg,loo,random,0.615686024253035,0.5998076211353316,0.3088572336443231,0.9332286723073291,0.06479352064793521,0.0625,1.4206330883988536,6,5,0,1,10000,10000,0.622937706229377
Amazon-Digital-Music,itemknn,full_unseen_catalogue,target_margin,full_catalogue,full_catalogue,signed_alignment_ndcg,greedy_cf,random,0.5290701298565804,0.4998076211353316,0.25320508075688775,0.8466127779108746,0.06229377062293771,0.0625,1.3228801193792283,6,5,0,1,10000,10000,0.622937706229377
Amazon-Digital-Music,itemknn,full_unseen_catalogue,target_margin,full_catalogue,full_catalogue,direction_accuracy,shapley_mc,lime,-0.3631365300059418,-0.3333333333333333,-0.40329392954757665,-0.3235847741702742,9.999000099990002e-05,2.5684187733338287e-46,-1.1277022207437584,250,14,211,25,10000,10000,0.000999900009999
Amazon-Digital-Music,itemknn,full_unseen_catalogue,target_margin,full_catalogue,full_catalogue,direction_accuracy,shapley_mc,loo,-0.37838275528393184,-0.33333333333333337,-0.41727771033868094,-0.3403586125965538,9.999000099990002e-05,1.5773908142028354e-50,-1.201746677357002,250,11,216,23,10000,10000,0.000999900009999
Amazon-Digital-Music,itemknn,full_unseen_catalogue,target_margin,full_catalogue,full_catalogue,direction_accuracy,shapley_mc,greedy_cf,-0.09757823529411766,0.0,-0.13830350640862407,-0.056850088150411704,9.999000099990002e-05,0.05137558857869288,-0.29803575311001573,250,89,118,43,10000,10000,0.000999900009999
Amazon-Digital-Music,itemknn,full_unseen_catalogue,target_margin,full_catalogue,full_catalogue,direction_accuracy,shapley_mc,random,0.01649056192173839,0.06666666666666665,-0.019985105933282413,0.051827262647483205,0.36166383361663834,0.01166409231767769,0.05756437848570204,250,140,100,10,10000,10000,0.36166383361663834
Amazon-Digital-Music,itemknn,full_unseen_catalogue,target_margin,full_catalogue,full_catalogue,direction_accuracy,lime,loo,-0.015246225277989982,0.0,-0.022449085773703414,-0.008914320176555475,9.999000099990002e-05,5.299581744111492e-06,-0.27705028522258157,250,7,37,206,10000,10000,0.000999900009999
Amazon-Digital-Music,itemknn,full_unseen_catalogue,target_margin,full_catalogue,full_catalogue,direction_accuracy,lime,greedy_cf,0.2655582947118241,0.30000000000000004,0.24803388627875392,0.28251583093540444,9.999000099990002e-05,2.8438062670845893e-58,1.9158204237604861,250,232,8,10,10000,10000,0.000999900009999
Amazon-Digital-Music,itemknn,full_unseen_catalogue,target_margin,full_catalogue,full_catalogue,direction_accuracy,lime,random,0.3796270919276802,0.4,0.3578946901366607,0.40167031629318395,9.999000099990002e-05,2.550117333197226e-64,2.1744474157977263,250,240,5,5,10000,10000,0.000999900009999
Amazon-Digital-Music,itemknn,full_unseen_catalogue,target_margin,full_catalogue,full_catalogue,direction_accuracy,loo,greedy_cf,0.28080451998981415,0.3333333333333333,0.2641130938587556,0.29742715728715735,9.999000099990002e-05,4.2923918833638617e-69,2.1139695766860123,250,235,1,14,10000,10000,0.000999900009999
Amazon-Digital-Music,itemknn,full_unseen_catalogue,target_margin,full_catalogue,full_catalogue,direction_accuracy,loo,random,0.39487331720567015,0.42,0.3732509053136406,0.4166224079237756,9.999000099990002e-05,5.268111979271673e-66,2.24489132408712,250,241,4,5,10000,10000,0.000999900009999
Amazon-Digital-Music,itemknn,full_unseen_catalogue,target_margin,full_catalogue,full_catalogue,direction_accuracy,greedy_cf,random,0.11406879721585605,0.1333333333333333,0.08786795361174773,0.14055234003904596,9.999000099990002e-05,1.5352744512602433e-13,0.5359322340648816,250,171,60,19,10000,10000,0.000999900009999
Amazon-Digital-Music,itemknn,full_unseen_catalogue,target_margin,full_catalogue,full_catalogue,direction_accuracy_ndcg,shapley_mc,lime,0.0,0.0,0.0,0.0,1.0,1.0,0.0,6,0,0,6,10000,10000,1.0
Amazon-Digital-Music,itemknn,full_unseen_catalogue,target_margin,full_catalogue,full_catalogue,direction_accuracy_ndcg,shapley_mc,loo,0.0,0.0,0.0,0.0,1.0,1.0,0.0,6,0,0,6,10000,10000,1.0
Amazon-Digital-Music,itemknn,full_unseen_catalogue,target_margin,full_catalogue,full_catalogue,direction_accuracy_ndcg,shapley_mc,greedy_cf,0.22222222222222224,0.0,0.0,0.5555555555555556,0.49125087491250874,0.5,0.5504818825631803,6,2,0,4,10000,10000,1.0
Amazon-Digital-Music,itemknn,full_unseen_catalogue,target_margin,full_catalogue,full_catalogue,direction_accuracy_ndcg,shapley_mc,random,0.38888888888888884,0.4666666666666667,0.19999999999999996,0.5555555555555556,0.06459354064593541,0.0625,1.5283988521017755,6,5,0,1,10000,10000,0.626937306269373
Amazon-Digital-Music,itemknn,full_unseen_catalogue,target_margin,full_catalogue,full_catalogue,direction_accuracy_ndcg,lime,loo,0.0,0.0,0.0,0.0,1.0,1.0,0.0,6,0,0,6,10000,10000,1.0
Amazon-Digital-Music,itemknn,full_unseen_catalogue,target_margin,full_catalogue,full_catalogue,direction_accuracy_ndcg,lime,greedy_cf,0.22222222222222224,0.0,0.0,0.5555555555555556,0.5043495650434956,0.5,0.5504818825631803,6,2,0,4,10000,10000,1.0
Amazon-Digital-Music,itemknn,full_unseen_catalogue,target_margin,full_catalogue,full_catalogue,direction_accuracy_ndcg,lime,random,0.38888888888888884,0.4666666666666667,0.18888888888888888,0.5555555555555556,0.06509349065093491,0.0625,1.5283988521017755,6,5,0,1,10000,10000,0.626937306269373
Amazon-Digital-Music,itemknn,full_unseen_catalogue,target_margin,full_catalogue,full_catalogue,direction_accuracy_ndcg,loo,greedy_cf,0.22222222222222224,0.0,0.0,0.5555555555555556,0.4978502149785021,0.5,0.5504818825631803,6,2,0,4,10000,10000,1.0
Amazon-Digital-Music,itemknn,full_unseen_catalogue,target_margin,full_catalogue,full_catalogue,direction_accuracy_ndcg,loo,random,0.38888888888888884,0.4666666666666667,0.18888888888888888,0.5555555555555556,0.06269373062693731,0.0625,1.5283988521017755,6,5,0,1,10000,10000,0.626937306269373
Amazon-Digital-Music,itemknn,full_unseen_catalogue,target_margin,full_catalogue,full_catalogue,direction_accuracy_ndcg,greedy_cf,random,0.16666666666666666,0.09999999999999998,-0.10000000000000002,0.43333333333333335,0.3711628837116288,0.625,0.42937836660795387,6,3,1,2,10000,10000,1.0
Amazon-Digital-Music,itemknn,full_unseen_catalogue,target_margin,full_catalogue,full_catalogue,top1_precision,shapley_mc,lime,0.1456,0.0,0.07840000000000001,0.21439999999999998,0.00019998000199980003,0.0010650742732639187,0.26526017725228246,250,76,40,134,10000,10000,0.000999900009999
Amazon-Digital-Music,itemknn,full_unseen_catalogue,target_margin,full_catalogue,full_catalogue,top1_precision,shapley_mc,loo,0.11439999999999999,0.0,0.04160000000000001,0.188,0.0031996800319968005,0.032272020733093106,0.1919469858123227,250,70,46,134,10000,10000,0.006399360063993601
Amazon-Digital-Music,itemknn,full_unseen_catalogue,target_margin,full_catalogue,full_catalogue,top1_precision,shapley_mc,greedy_cf,0.5864000000000001,1.0,0.5287999999999999,0.6416000000000002,9.999000099990002e-05,2.1382117680737565e-50,1.2668089404983176,250,166,0,84,10000,10000,0.000999900009999
Amazon-Digital-Music,itemknn,full_unseen_catalogue,target_margin,full_catalogue,full_catalogue,top1_precision,shapley_mc,random,0.45759999999999995,0.6,0.40479999999999994,0.5095999999999999,9.999000099990002e-05,9.629710963169603e-31,1.079168912072593,250,167,19,64,10000,10000,0.000999900009999
Amazon-Digital-Music,itemknn,full_unseen_catalogue,target_margin,full_catalogue,full_catalogue,top1_precision,lime,loo,-0.031199999999999995,0.0,-0.0616,-0.0032,0.048795120487951205,0.03508203336969018,-0.12957499601788722,250,10,23,217,10000,10000,0.048795120487951205
Amazon-Digital-Music,itemknn,full_unseen_catalogue,target_margin,full_catalogue,full_catalogue,top1_precision,lime,greedy_cf,0.4408,0.0,0.3832,0.5,9.999000099990002e-05,1.88079096131566e-37,0.925342006421651,250,123,0,127,10000,10000,0.000999900009999
Amazon-Digital-Music,itemknn,full_unseen_catalogue,target_margin,full_catalogue,full_catalogue,top1_precision,lime,random,0.312,0.19999999999999998,0.2504,0.3736,9.999000099990002e-05,4.273991390647431e-07,0.6302370518136509,250,127,58,65,10000,10000,0.000999900009999
Amazon-Digital-Music,itemknn,full_unseen_catalogue,target_margin,full_catalogue,full_catalogue,top1_precision,loo,greedy_cf,0.472,0.0,0.412,0.536,9.999000099990002e-05,6.018531076210112e-36,0.9435908204108582,250,118,0,132,10000,10000,0.000999900009999
Amazon-Digital-Music,itemknn,full_unseen_catalogue,target_margin,full_catalogue,full_catalogue,top1_precision,loo,random,0.3432,0.09999999999999998,0.27918000000000004,0.4064199999999997,9.999000099990002e-05,8.136075913165827e-07,0.6664460397030828,250,125,58,67,10000,10000,0.000999900009999
Amazon-Digital-Music,itemknn,full_unseen_catalogue,target_margin,full_catalogue,full_catalogue,top1_precision,greedy_cf,random,-0.1288,0.0,-0.1584,-0.09839999999999999,9.999000099990002e-05,3.1128320466458535e-28,-0.533142468976212,250,7,122,121,10000,10000,0.000999900009999
Amazon-Digital-Music,itemknn,full_unseen_catalogue,target_margin,full_catalogue,full_catalogue,top3_precision,shapley_mc,lime,0.10426666666666665,0.0,0.07493333333333332,0.13306666666666667,9.999000099990002e-05,7.381338353514595e-10,0.4413055907930735,250,108,35,107,10000,10000,0.000999900009999
Amazon-Digital-Music,itemknn,full_unseen_catalogue,target_margin,full_catalogue,full_catalogue,top3_precision,shapley_mc,loo,0.07706666666666664,0.0,0.04426666666666664,0.10879999999999998,9.999000099990002e-05,2.087575969839328e-06,0.2996064337666604,250,97,41,112,10000,10000,0.000999900009999
Amazon-Digital-Music,itemknn,full_unseen_catalogue,target_margin,full_catalogue,full_catalogue,top3_precision,shapley_mc,greedy_cf,0.18106666666666665,0.2,0.15573333333333333,0.2066666666666667,9.999000099990002e-05,3.218114236143491e-34,0.882804945687185,250,136,5,109,10000,10000,0.000999900009999
Amazon-Digital-Music,itemknn,full_unseen_catalogue,target_margin,full_catalogue,full_catalogue,top3_precision,shapley_mc,random,0.24133333333333332,0.19999999999999998,0.21573333333333333,0.26719999999999994,9.999000099990002e-05,1.659679419208622e-54,1.1751290783379618,250,197,3,50,10000,10000,0.000999900009999
Amazon-Digital-Music,itemknn,full_unseen_catalogue,target_margin,full_catalogue,full_catalogue,top3_precision,lime,loo,-0.027200000000000002,0.0,-0.04293333333333334,-0.012266666666666669,0.000999900009999,0.009475304279476404,-0.21649077653111504,250,11,28,211,10000,10000,0.000999900009999
Amazon-Digital-Music,itemknn,full_unseen_catalogue,target_margin,full_catalogue,full_catalogue,top3_precision,lime,greedy_cf,0.0768,0.0,0.052,0.10213333333333333,9.999000099990002e-05,1.807703105408552e-09,0.3754504236230319,250,65,13,172,10000,10000,0.000999900009999
Amazon-Digital-Music,itemknn,full_unseen_catalogue,target_margin,full_catalogue,full_catalogue,top3_precision,lime,random,0.13706666666666667,0.0,0.09839999999999999,0.17653333333333332,9.999000099990002e-05,0.0014738975238987979,0.4345801107368314,250,119,74,57,10000,10000,0.000999900009999
Amazon-Digital-Music,itemknn,full_unseen_catalogue,target_margin,full_catalogue,full_catalogue,top3_precision,loo,greedy_cf,0.104,0.0,0.07733333333333334,0.13066666666666668,9.999000099990002e-05,3.5245694262351566e-14,0.47895062458190985,250,70,7,173,10000,10000,0.000999900009999
Amazon-Digital-Music,itemknn,full_unseen_catalogue,target_margin,full_catalogue,full_catalogue,top3_precision,loo,random,0.16426666666666664,0.06666666666666665,0.12346666666666667,0.20586666666666667,9.999000099990002e-05,4.544338303247267e-05,0.496596786970946,250,128,70,52,10000,10000,0.000999900009999
Amazon-Digital-Music,itemknn,full_unseen_catalogue,target_margin,full_catalogue,full_catalogue,top3_precision,greedy_cf,random,0.06026666666666665,0.0,0.03386666666666666,0.08639999999999998,9.999000099990002e-05,0.009382073714845333,0.28797694922403777,250,115,78,57,10000,10000,0.000999900009999
Amazon-Digital-Music,itemknn,full_unseen_catalogue,target_margin,full_catalogue,full_catalogue,top5_precision,shapley_mc,lime,0.10987999999999999,0.0,0.08781266666666665,0.13254699999999997,9.999000099990002e-05,3.316620298377512e-16,0.6050746159848599,250,112,21,117,10000,10000,0.000999900009999
Amazon-Digital-Music,itemknn,full_unseen_catalogue,target_margin,full_catalogue,full_catalogue,top5_precision,shapley_mc,loo,0.0888,0.0,0.06561133333333331,0.11188,9.999000099990002e-05,6.327437536723091e-09,0.47838189196113295,250,96,31,123,10000,10000,0.000999900009999
Amazon-Digital-Music,itemknn,full_unseen_catalogue,target_margin,full_catalogue,full_catalogue,top5_precision,shapley_mc,greedy_cf,0.146,0.19999999999999996,0.12751966666666667,0.16488066666666665,9.999000099990002e-05,2.0745989755018755e-32,0.9585093062880685,250,137,7,106,10000,10000,0.000999900009999
Amazon-Digital-Music,itemknn,full_unseen_catalogue,target_margin,full_catalogue,full_catalogue,top5_precision,shapley_mc,random,0.17939999999999998,0.15999999999999998,0.16119899999999998,0.19814699999999996,9.999000099990002e-05,6.316360507029059e-59,1.188248672144682,250,201,1,48,10000,10000,0.000999900009999
Amazon-Digital-Music,itemknn,full_unseen_catalogue,target_margin,full_catalogue,full_catalogue,top5_precision,lime,loo,-0.02108,0.0,-0.03172,-0.011040000000000003,0.00019998000199980003,4.2277022657799534e-05,-0.2506483823136996,250,7,33,210,10000,10000,0.000999900009999
Amazon-Digital-Music,itemknn,full_unseen_catalogue,target_margin,full_catalogue,full_catalogue,top5_precision,lime,greedy_cf,0.03612,0.0,0.019039999999999994,0.05376,9.999000099990002e-05,4.453448771493584e-05,0.2584575301435102,250,51,17,182,10000,10000,0.000999900009999
Amazon-Digital-Music,itemknn,full_unseen_catalogue,target_margin,full_catalogue,full_catalogue,top5_precision,lime,random,0.06952,0.0,0.041970999999999994,0.09866666666666665,9.999000099990002e-05,0.0535062501075568,0.30008376532003056,250,112,84,54,10000,10000,0.000999900009999
Amazon-Digital-Music,itemknn,full_unseen_catalogue,target_margin,full_catalogue,full_catalogue,top5_precision,loo,greedy_cf,0.0572,0.0,0.039400000000000004,0.0752,9.999000099990002e-05,4.466174729063311e-09,0.38997184911019867,250,59,11,180,10000,10000,0.000999900009999
Amazon-Digital-Music,itemknn,full_unseen_catalogue,target_margin,full_catalogue,full_catalogue,top5_precision,loo,random,0.09060000000000001,0.0,0.06129233333333333,0.12092099999999999,9.999000099990002e-05,0.0002499205508094502,0.3791080354085151,250,124,72,54,10000,10000,0.000999900009999
Amazon-Digital-Music,itemknn,full_unseen_catalogue,target_margin,full_catalogue,full_catalogue,top5_precision,greedy_cf,random,0.0334,0.0,0.012306666666666669,0.054600666666666665,0.0023997600239976003,0.19263362197418885,0.19642844996922534,250,105,86,59,10000,10000,0.0023997600239976003
Amazon-Digital-Music,itemknn,full_unseen_catalogue,target_margin,full_catalogue,full_catalogue,joint_effect_primary,shapley_mc,lime,-7.96433722589118e-05,-7.533703523177076e-06,-0.0002672647086311947,0.00010655635507224389,0.39776022397760225,0.01479950504548329,-0.053400143360210296,250,91,128,31,10000,10000,0.6039396060393961
Amazon-Digital-Music,itemknn,full_unseen_catalogue,target_margin,full_catalogue,full_catalogue,joint_effect_primary,shapley_mc,loo,-9.84363523208324e-05,-3.969256318550607e-05,-0.00028570348762299846,9.373630863350216e-05,0.30196980301969806,0.003491640494694064,-0.06583380253142887,250,87,131,32,10000,10000,0.6039396060393961
Amazon-Digital-Music,itemknn,full_unseen_catalogue,target_margin,full_catalogue,full_catalogue,joint_effect_primary,shapley_mc,greedy_cf,0.002335729958129979,0.001552482235236713,0.001997345405868785,0.0027034260951861707,9.999000099990002e-05,4.937827968409691e-36,0.8152339494925713,250,214,29,7,10000,10000,0.000999900009999
Amazon-Digital-Music,itemknn,full_unseen_catalogue,target_margin,full_catalogue,full_catalogue,joint_effect_primary,shapley_mc,random,0.0025557145580939597,0.0018757492540630416,0.0022382249513620053,0.0028924284932565583,9.999000099990002e-05,3.464102688231924e-53,0.9695436236714993,250,236,14,0,10000,10000,0.000999900009999
Amazon-Digital-Music,itemknn,full_unseen_catalogue,target_margin,full_catalogue,full_catalogue,joint_effect_primary,lime,loo,-1.879298006192061e-05,0.0,-3.657760560954957e-05,-3.5442789613011023e-06,0.024897510248975102,0.13604594767093658,-0.13887385283342468,250,10,19,221,10000,10000,0.09959004099590041
Amazon-Digital-Music,itemknn,full_unseen_catalogue,target_margin,full_catalogue,full_catalogue,joint_effect_primary,lime,greedy_cf,0.002415373330388891,0.002023007639503638,0.002165908812075762,0.0026744808510283944,9.999000099990002e-05,4.996585460613888e-64,1.1644056606897406,250,239,5,6,10000,10000,0.000999900009999
Amazon-Digital-Music,itemknn,full_unseen_catalogue,target_margin,full_catalogue,full_catalogue,joint_effect_primary,lime,random,0.002635357930352872,0.002098106226264618,0.002373883153747279,0.0029109631750132434,9.999000099990002e-05,2.7746282333807432e-73,1.1997142699755297,250,249,1,0,10000,10000,0.000999900009999
Amazon-Digital-Music,itemknn,full_unseen_catalogue,target_margin,full_catalogue,full_catalogue,joint_effect_primary,loo,greedy_cf,0.002434166310450811,0.002044572205135875,0.0021876223679081707,0.0027004475040266138,9.999000099990002e-05,1.0364920578056386e-65,1.1721041497326377,250,240,4,6,10000,10000,0.000999900009999
Amazon-Digital-Music,itemknn,full_unseen_catalogue,target_margin,full_catalogue,full_catalogue,joint_effect_primary,loo,random,0.002654150910414792,0.0021639375550118077,0.002390450095092508,0.002938715997740956,9.999000099990002e-05,2.7746282333807432e-73,1.2096174418217827,250,249,1,0,10000,10000,0.000999900009999
Amazon-Digital-Music,itemknn,full_unseen_catalogue,target_margin,full_catalogue,full_catalogue,joint_effect_primary,greedy_cf,random,0.00021998459996398095,0.00014990755606064112,-6.238952702009342e-05,0.0005129423548521379,0.13888611138886112,0.049706787790206826,0.09524765886221134,250,141,109,0,10000,10000,0.4166583341665834
Amazon-Digital-Music,itemknn,full_unseen_catalogue,target_margin,full_catalogue,full_catalogue,joint_effect_ndcg,shapley_mc,lime,0.0008599253055828133,0.0,-0.0003101120416257797,0.0028898879583742197,1.0,1.0,0.056112522392721645,250,1,1,248,10000,10000,1.0
Amazon-Digital-Music,itemknn,full_unseen_catalogue,target_margin,full_catalogue,full_catalogue,joint_effect_ndcg,shapley_mc,loo,0.0008599253055828133,0.0,-0.0003101120416257797,0.0028898879583742197,1.0,1.0,0.056112522392721645,250,1,1,248,10000,10000,1.0
Amazon-Digital-Music,itemknn,full_unseen_catalogue,target_margin,full_catalogue,full_catalogue,joint_effect_ndcg,shapley_mc,greedy_cf,0.0009891386562602218,0.0,0.0,0.002941573298645183,0.5012498750124987,0.5,0.064925896654831,250,2,0,248,10000,10000,1.0
Amazon-Digital-Music,itemknn,full_unseen_catalogue,target_margin,full_catalogue,full_catalogue,joint_effect_ndcg,shapley_mc,random,0.0029775907513628235,0.0,0.0006826817393157993,0.005813072804051599,0.0306969303069693,0.03125,0.14521516147554295,250,6,0,244,10000,10000,0.306969303069693
Amazon-Digital-Music,itemknn,full_unseen_catalogue,target_margin,full_catalogue,full_catalogue,joint_effect_ndcg,lime,loo,0.0,0.0,0.0,0.0,1.0,1.0,0.0,250,0,0,250,10000,10000,1.0
Amazon-Digital-Music,itemknn,full_unseen_catalogue,target_margin,full_catalogue,full_catalogue,joint_effect_ndcg,lime,greedy_cf,0.00012921335067740846,0.0,0.0,0.0003876400520322254,1.0,1.0,0.06324555320336758,250,1,0,249,10000,10000,1.0
Amazon-Digital-Music,itemknn,full_unseen_catalogue,target_margin,full_catalogue,full_catalogue,joint_effect_ndcg,lime,random,0.002117665445780011,0.0,0.00010886440122329799,0.004584314682602108,0.08869113088691132,0.21875,0.11528815730690709,250,5,1,244,10000,10000,0.7982201779822018
Amazon-Digital-Music,itemknn,full_unseen_catalogue,target_margin,full_catalogue,full_catalogue,joint_effect_ndcg,loo,greedy_cf,0.00012921335067740846,0.0,0.0,0.0003876400520322254,1.0,1.0,0.06324555320336758,250,1,0,249,10000,10000,1.0
Amazon-Digital-Music,itemknn,full_unseen_catalogue,target_margin,full_catalogue,full_catalogue,joint_effect_ndcg,loo,random,0.002117665445780011,0.0,0.00010886440122329799,0.0046284060021689185,0.0932906709329067,0.21875,0.11528815730690709,250,5,1,244,10000,10000,0.7982201779822018
Amazon-Digital-Music,itemknn,full_unseen_catalogue,target_margin,full_catalogue,full_catalogue,joint_effect_ndcg,greedy_cf,random,0.001988452095102602,0.0,9.216934503013144e-05,0.004366382838237442,0.09259074092590741,0.21875,0.11432806281885037,250,5,1,244,10000,10000,0.7982201779822018
Amazon-Digital-Music,itemknn,full_unseen_catalogue,target_margin,full_catalogue,full_catalogue,joint_effect_target_margin,shapley_mc,lime,-7.96433722589118e-05,-7.533703523177076e-06,-0.0002558194055361811,0.00010390590292283405,0.40475952404759524,0.01479950504548329,-0.053400143360210296,250,91,128,31,10000,10000,0.595940405959404
Amazon-Digital-Music,itemknn,full_unseen_catalogue,target_margin,full_catalogue,full_catalogue,joint_effect_target_margin,shapley_mc,loo,-9.84363523208324e-05,-3.969256318550607e-05,-0.00028183369843533365,9.34675029668392e-05,0.297970202979702,0.003491640494694064,-0.06583380253142887,250,87,131,32,10000,10000,0.595940405959404
Amazon-Digital-Music,itemknn,full_unseen_catalogue,target_margin,full_catalogue,full_catalogue,joint_effect_target_margin,shapley_mc,greedy_cf,0.002335729958129979,0.001552482235236713,0.0019828183316927934,0.00269299989052241,9.999000099990002e-05,4.937827968409691e-36,0.8152339494925713,250,214,29,7,10000,10000,0.000999900009999
Amazon-Digital-Music,itemknn,full_unseen_catalogue,target_margin,full_catalogue,full_catalogue,joint_effect_target_margin,shapley_mc,random,0.0025557145580939597,0.0018757492540630416,0.002239399102548706,0.0028913783917746414,9.999000099990002e-05,3.464102688231924e-53,0.9695436236714993,250,236,14,0,10000,10000,0.000999900009999
Amazon-Digital-Music,itemknn,full_unseen_catalogue,target_margin,full_catalogue,full_catalogue,joint_effect_target_margin,lime,loo,-1.879298006192061e-05,0.0,-3.648122414020958e-05,-3.7591692816208635e-06,0.022297770222977704,0.13604594767093658,-0.13887385283342468,250,10,19,221,10000,10000,0.08919108089191082
Amazon-Digital-Music,itemknn,full_unseen_catalogue,target_margin,full_catalogue,full_catalogue,joint_effect_target_margin,lime,greedy_cf,0.002415373330388891,0.002023007639503638,0.0021707758200075135,0.002680185208213911,9.999000099990002e-05,4.996585460613888e-64,1.1644056606897406,250,239,5,6,10000,10000,0.000999900009999
Amazon-Digital-Music,itemknn,full_unseen_catalogue,target_margin,full_catalogue,full_catalogue,joint_effect_target_margin,lime,random,0.002635357930352872,0.002098106226264618,0.0023756933192624133,0.002923959002883116,9.999000099990002e-05,2.7746282333807432e-73,1.1997142699755297,250,249,1,0,10000,10000,0.000999900009999
Amazon-Digital-Music,itemknn,full_unseen_catalogue,target_margin,full_catalogue,full_catalogue,joint_effect_target_margin,loo,greedy_cf,0.002434166310450811,0.002044572205135875,0.0021823792683665997,0.002697425015428559,9.999000099990002e-05,1.0364920578056386e-65,1.1721041497326377,250,240,4,6,10000,10000,0.000999900009999
Amazon-Digital-Music,itemknn,full_unseen_catalogue,target_margin,full_catalogue,full_catalogue,joint_effect_target_margin,loo,random,0.002654150910414792,0.0021639375550118077,0.0023890802054057,0.0029363686810889916,9.999000099990002e-05,2.7746282333807432e-73,1.2096174418217827,250,249,1,0,10000,10000,0.000999900009999
Amazon-Digital-Music,itemknn,full_unseen_catalogue,target_margin,full_catalogue,full_catalogue,joint_effect_target_margin,greedy_cf,random,0.00021998459996398095,0.00014990755606064112,-5.7684226055535834e-05,0.0005229413799927009,0.1361863813618638,0.049706787790206826,0.09524765886221134,250,141,109,0,10000,10000,0.40855914408559146
Amazon-Digital-Music,itemknn,full_unseen_catalogue,target_margin,full_catalogue,full_catalogue,intervention_success,shapley_mc,lime,0.1984,0.0,0.1464,0.2504,9.999000099990002e-05,2.1457960315833694e-08,0.47676590298022087,250,56,11,183,10000,10000,0.000999900009999
Amazon-Digital-Music,itemknn,full_unseen_catalogue,target_margin,full_catalogue,full_catalogue,intervention_success,shapley_mc,loo,0.1936,0.0,0.14,0.248,9.999000099990002e-05,1.0289941458812896e-07,0.44209889558013316,250,57,13,180,10000,10000,0.000999900009999
Amazon-Digital-Music,itemknn,full_unseen_catalogue,target_margin,full_catalogue,full_catalogue,intervention_success,shapley_mc,greedy_cf,0.3976,0.0,0.3344,0.46,9.999000099990002e-05,2.000237426140383e-22,0.7782052953283808,250,107,9,134,10000,10000,0.000999900009999
Amazon-Digital-Music,itemknn,full_unseen_catalogue,target_margin,full_catalogue,full_catalogue,intervention_success,shapley_mc,random,0.47120000000000006,0.6,0.4264,0.5167999999999999,9.999000099990002e-05,3.4577946255240806e-42,1.2697098688454342,250,186,11,53,10000,10000,0.000999900009999
Amazon-Digital-Music,itemknn,full_unseen_catalogue,target_margin,full_catalogue,full_catalogue,intervention_success,lime,loo,-0.0048000000000000004,0.0,-0.0216,0.011200000000000002,0.5814418558144185,0.7265625,-0.036132584282832794,250,3,5,242,10000,10000,0.5814418558144185
Amazon-Digital-Music,itemknn,full_unseen_catalogue,target_margin,full_catalogue,full_catalogue,intervention_success,lime,greedy_cf,0.1992,0.0,0.148,0.2512199999999997,9.999000099990002e-05,2.2598589666245064e-13,0.47452215055030417,250,55,3,192,10000,10000,0.000999900009999
Amazon-Digital-Music,itemknn,full_unseen_catalogue,target_margin,full_catalogue,full_catalogue,intervention_success,lime,random,0.27280000000000004,0.19999999999999996,0.22157999999999997,0.32559999999999995,9.999000099990002e-05,3.599961156920933e-11,0.6408898095511278,250,134,46,70,10000,10000,0.000999900009999
Amazon-Digital-Music,itemknn,full_unseen_catalogue,target_margin,full_catalogue,full_catalogue,intervention_success,loo,greedy_cf,0.204,0.0,0.152,0.256,9.999000099990002e-05,8.554268404736831e-14,0.4820386789541821,250,53,2,195,10000,10000,0.000999900009999
Amazon-Digital-Music,itemknn,full_unseen_catalogue,target_margin,full_catalogue,full_catalogue,intervention_success,loo,random,0.2776,0.19999999999999996,0.22397999999999998,0.332,9.999000099990002e-05,3.599961156920933e-11,0.6454800390462221,250,134,46,70,10000,10000,0.000999900009999
Amazon-Digital-Music,itemknn,full_unseen_catalogue,target_margin,full_catalogue,full_catalogue,intervention_success,greedy_cf,random,0.0736,0.0,0.019980000000000005,0.12960000000000002,0.0100989901009899,0.7031386893685866,0.16529684873533002,250,83,89,78,10000,10000,0.0201979802019798
Amazon-Digital-Music,itemknn,full_unseen_catalogue,target_margin,full_catalogue,full_catalogue,abstention,shapley_mc,lime,-0.4608,0.0,-0.5216000000000001,-0.39920000000000005,9.999000099990002e-05,6.018531076210112e-36,-0.9316376373021859,250,0,118,132,10000,10000,0.000999900009999
Amazon-Digital-Music,itemknn,full_unseen_catalogue,target_margin,full_catalogue,full_catalogue,abstention,shapley_mc,loo,-0.456,0.0,-0.52,-0.396,9.999000099990002e-05,9.62964972193618e-35,-0.9137189682507287,250,0,114,136,10000,10000,0.000999900009999
Amazon-Digital-Music,itemknn,full_unseen_catalogue,target_margin,full_catalogue,full_catalogue,abstention,shapley_mc,greedy_cf,0.0,0.0,0.0,0.0,1.0,1.0,0.0,250,0,0,250,10000,10000,1.0
Amazon-Digital-Music,itemknn,full_unseen_catalogue,target_margin,full_catalogue,full_catalogue,abstention,shapley_mc,random,-0.0528,0.0,-0.06720000000000001,-0.039200000000000006,9.999000099990002e-05,1.1102230246251565e-16,-0.46408843751978485,250,0,54,196,10000,10000,0.000999900009999
Amazon-Digital-Music,itemknn,full_unseen_catalogue,target_margin,full_catalogue,full_catalogue,abstention,lime,loo,0.0048000000000000004,0.0,-0.011200000000000002,0.0216,0.5854414558544145,0.7265625,0.036132584282832794,250,5,3,242,10000,10000,1.0
Amazon-Digital-Music,itemknn,full_unseen_catalogue,target_margin,full_catalogue,full_catalogue,abstention,lime,greedy_cf,0.4608,0.0,0.3992,0.5216000000000001,9.999000099990002e-05,6.018531076210112e-36,0.9316376373021859,250,118,0,132,10000,10000,0.000999900009999
Amazon-Digital-Music,itemknn,full_unseen_catalogue,target_margin,full_catalogue,full_catalogue,abstention,lime,random,0.4079999999999999,0.0,0.3472,0.4696,9.999000099990002e-05,2.3310651653913926e-16,0.8214682628066925,250,117,23,110,10000,10000,0.000999900009999
Amazon-Digital-Music,itemknn,full_unseen_catalogue,target_margin,full_catalogue,full_catalogue,abstention,loo,greedy_cf,0.456,0.0,0.392,0.516,9.999000099990002e-05,9.62964972193618e-35,0.9137189682507287,250,114,0,136,10000,10000,0.000999900009999
Amazon-Digital-Music,itemknn,full_unseen_catalogue,target_margin,full_catalogue,full_catalogue,abstention,loo,random,0.4032,0.0,0.34238,0.46559999999999996,9.999000099990002e-05,3.1689394097139794e-15,0.804930871001797,250,114,24,112,10000,10000,0.000999900009999
Amazon-Digital-Music,itemknn,full_unseen_catalogue,target_margin,full_catalogue,full_catalogue,abstention,greedy_cf,random,-0.0528,0.0,-0.06720000000000001,-0.039200000000000006,9.999000099990002e-05,1.1102230246251565e-16,-0.46408843751978485,250,0,54,196,10000,10000,0.000999900009999
Amazon-Digital-Music,itemknn,full_unseen_catalogue,target_margin,full_catalogue,full_catalogue,joint_regret_primary,shapley_mc,lime,7.964337225891179e-05,7.533703523177056e-06,-0.00010338863066574914,0.00026277869071914244,0.40745925407459255,0.01479950504548329,0.05340014336021029,250,128,91,31,10000,10000,0.6129387061293871
Amazon-Digital-Music,itemknn,full_unseen_catalogue,target_margin,full_catalogue,full_catalogue,joint_regret_primary,shapley_mc,loo,9.84363523208324e-05,3.969256318550607e-05,-8.863860532604158e-05,0.000284805677903283,0.30646935306469353,0.003491640494694064,0.06583380253142887,250,131,87,32,10000,10000,0.6129387061293871
Amazon-Digital-Music,itemknn,full_unseen_catalogue,target_margin,full_catalogue,full_catalogue,joint_regret_primary,shapley_mc,greedy_cf,-0.002335729958129979,-0.001552482235236713,-0.002697388470454154,-0.0019888904030971794,9.999000099990002e-05,4.937827968409691e-36,-0.8152339494925713,250,29,214,7,10000,10000,0.000999900009999
Amazon-Digital-Music,itemknn,full_unseen_catalogue,target_margin,full_catalogue,full_catalogue,joint_regret_primary,shapley_mc,random,-0.0025557145580939597,-0.0018757492540630413,-0.002887981823227378,-0.002242002014935065,9.999000099990002e-05,3.464102688231924e-53,-0.9695436236714993,250,14,236,0,10000,10000,0.000999900009999
Amazon-Digital-Music,itemknn,full_unseen_catalogue,target_margin,full_catalogue,full_catalogue,joint_regret_primary,lime,loo,1.879298006192061e-05,0.0,3.726108519661287e-06,3.6915921389333654e-05,0.020097990200979902,0.13604594767093658,0.13887385283342468,250,19,10,221,10000,10000,0.08039196080391961
Amazon-Digital-Music,itemknn,full_unseen_catalogue,target_margin,full_catalogue,full_catalogue,joint_regret_primary,lime,greedy_cf,-0.002415373330388891,-0.002023007639503638,-0.0026818250912934096,-0.0021667857440417094,9.999000099990002e-05,4.996585460613888e-64,-1.1644056606897406,250,5,239,6,10000,10000,0.000999900009999
Amazon-Digital-Music,itemknn,full_unseen_catalogue,target_margin,full_catalogue,full_catalogue,joint_regret_primary,lime,random,-0.002635357930352872,-0.002098106226264618,-0.0029077913681182046,-0.0023729807846618995,9.999000099990002e-05,2.7746282333807432e-73,-1.1997142699755297,250,1,249,0,10000,10000,0.000999900009999
Amazon-Digital-Music,itemknn,full_unseen_catalogue,target_margin,full_catalogue,full_catalogue,joint_regret_primary,loo,greedy_cf,-0.002434166310450811,-0.002044572205135875,-0.0027007043515895,-0.00219003555279177,9.999000099990002e-05,1.0364920578056386e-65,-1.1721041497326377,250,4,240,6,10000,10000,0.000999900009999
Amazon-Digital-Music,itemknn,full_unseen_catalogue,target_margin,full_catalogue,full_catalogue,joint_regret_primary,loo,random,-0.002654150910414792,-0.0021639375550118077,-0.0029356668800243663,-0.002397318244722589,9.999000099990002e-05,2.7746282333807432e-73,-1.2096174418217827,250,1,249,0,10000,10000,0.000999900009999
Amazon-Digital-Music,itemknn,full_unseen_catalogue,target_margin,full_catalogue,full_catalogue,joint_regret_primary,greedy_cf,random,-0.00021998459996398095,-0.00014990755606064101,-0.0005072512585229415,5.535432095373575e-05,0.1317868213178682,0.049706787790206826,-0.09524765886221134,250,109,141,0,10000,10000,0.3953604639536046
Amazon-Digital-Music,itemknn,full_unseen_catalogue,target_margin,full_catalogue,full_catalogue,normalized_regret_primary,shapley_mc,lime,0.27949960919385153,0.0,0.03135374912847163,0.5845389086427586,0.046795320467953205,0.9412590347294774,0.13460354324284152,215,93,91,31,10000,10000,0.14038596140385962
Amazon-Digital-Music,itemknn,full_unseen_catalogue,target_margin,full_catalogue,full_catalogue,normalized_regret_primary,shapley_mc,loo,0.2937879732317267,0.0,0.03925127266794162,0.5886504488504907,0.031196880311968805,0.5543865913391659,0.14118062156325245,215,96,87,32,10000,10000,0.12478752124787522
Amazon-Digital-Music,itemknn,full_unseen_catalogue,target_margin,full_catalogue,full_catalogue,normalized_regret_primary,shapley_mc,greedy_cf,-3.7707559672432702,-1.1368483002996994,-8.31615525828192,-1.3492689825389126,9.999000099990002e-05,1.089373710528278e-41,-0.11991396017336477,215,14,194,7,10000,10000,0.000999900009999
Amazon-Digital-Music,itemknn,full_unseen_catalogue,target_margin,full_catalogue,full_catalogue,normalized_regret_primary,shapley_mc,random,-2.0435455767880626,-1.1912137805171583,-2.9212673326816745,-1.415928771945552,9.999000099990002e-05,1.4210634389288696e-55,-0.351601311107315,215,5,210,0,10000,10000,0.000999900009999
Amazon-Digital-Music,itemknn,full_unseen_catalogue,target_margin,full_catalogue,full_catalogue,normalized_regret_primary,lime,loo,0.014288364037875046,0.0,0.00045913350518389116,0.030395988335601053,0.05849415058494151,0.13604594767093658,0.12886213025149262,215,19,10,186,10000,10000,0.14038596140385962
Amazon-Digital-Music,itemknn,full_unseen_catalogue,target_margin,full_catalogue,full_catalogue,normalized_regret_primary,lime,greedy_cf,-4.050255576437121,-1.0298683259893529,-8.61616463252755,-1.5698370588080548,9.999000099990002e-05,7.889506006069264e-54,-0.12880023901868284,215,5,204,6,10000,10000,0.000999900009999
Amazon-Digital-Music,itemknn,full_unseen_catalogue,target_margin,full_catalogue,full_catalogue,normalized_regret_primary,lime,random,-2.323045185981915,-1.1224019107006373,-3.3215667069710904,-1.5924314964148554,9.999000099990002e-05,8.204170532336466e-63,-0.35935798070157365,215,1,214,0,10000,10000,0.000999900009999
Amazon-Digital-Music,itemknn,full_unseen_catalogue,target_margin,full_catalogue,full_catalogue,normalized_regret_primary,loo,greedy_cf,-4.064543940474996,-1.0783610189801076,-8.657183280553529,-1.5893110698067718,9.999000099990002e-05,1.914564275123445e-55,-0.129260280997576,215,4,205,6,10000,10000,0.000999900009999
Amazon-Digital-Music,itemknn,full_unseen_catalogue,target_margin,full_catalogue,full_catalogue,normalized_regret_primary,loo,random,-2.3373335500197894,-1.1312711644170446,-3.321967749570172,-1.6180963422076737,9.999000099990002e-05,8.204170532336466e-63,-0.3616505889706178,215,1,214,0,10000,10000,0.000999900009999
Amazon-Digital-Music,itemknn,full_unseen_catalogue,target_margin,full_catalogue,full_catalogue,normalized_regret_primary,greedy_cf,random,1.7272103904552076,-0.11241167173264932,-0.2670313222259605,5.486226772359728,0.712928707129287,0.10145232764870649,0.06526736367032711,215,95,120,0,10000,10000,0.712928707129287
Amazon-Digital-Music,itemknn,full_unseen_catalogue,target_margin,full_catalogue,full_catalogue,joint_regret_ndcg,shapley_mc,lime,-0.0008599253055828131,0.0,-0.0028898879583742197,0.0003101120416257803,1.0,1.0,-0.05611252239272163,250,1,1,248,10000,10000,1.0
Amazon-Digital-Music,itemknn,full_unseen_catalogue,target_margin,full_catalogue,full_catalogue,joint_regret_ndcg,shapley_mc,loo,-0.0008599253055828131,0.0,-0.0028898879583742197,0.0003101120416257803,1.0,1.0,-0.05611252239272163,250,1,1,248,10000,10000,1.0
Amazon-Digital-Music,itemknn,full_unseen_catalogue,target_margin,full_catalogue,full_catalogue,joint_regret_ndcg,shapley_mc,greedy_cf,-0.0009891386562602216,0.0,-0.002941573298645183,0.0,0.49525047495250474,0.5,-0.06492589665483098,250,0,2,248,10000,10000,1.0
Amazon-Digital-Music,itemknn,full_unseen_catalogue,target_margin,full_catalogue,full_catalogue,joint_regret_ndcg,shapley_mc,random,-0.0029775907513628235,0.0,-0.005754961646673216,-0.0007748510843459308,0.033896610338966106,0.03125,-0.14521516147554295,250,0,6,244,10000,10000,0.33896610338966104
Amazon-Digital-Music,itemknn,full_unseen_catalogue,target_margin,full_catalogue,full_catalogue,joint_regret_ndcg,lime,loo,0.0,0.0,0.0,0.0,1.0,1.0,0.0,250,0,0,250,10000,10000,1.0
Amazon-Digital-Music,itemknn,full_unseen_catalogue,target_margin,full_catalogue,full_catalogue,joint_regret_ndcg,lime,greedy_cf,-0.00012921335067740846,0.0,-0.0003876400520322254,0.0,1.0,1.0,-0.06324555320336758,250,0,1,249,10000,10000,1.0
Amazon-Digital-Music,itemknn,full_unseen_catalogue,target_margin,full_catalogue,full_catalogue,joint_regret_ndcg,lime,random,-0.002117665445780011,0.0,-0.004636527678891805,-9.216934503013144e-05,0.09759024097590241,0.21875,-0.11528815730690711,250,1,5,244,10000,10000,0.8747125287471254
Amazon-Digital-Music,itemknn,full_unseen_catalogue,target_margin,full_catalogue,full_catalogue,joint_regret_ndcg,loo,greedy_cf,-0.00012921335067740846,0.0,-0.0003876400520322254,0.0,1.0,1.0,-0.06324555320336758,250,0,1,249,10000,10000,1.0
Amazon-Digital-Music,itemknn,full_unseen_catalogue,target_margin,full_catalogue,full_catalogue,joint_regret_ndcg,loo,random,-0.002117665445780011,0.0,-0.004608057052714809,-9.216934503013144e-05,0.09719028097190281,0.21875,-0.11528815730690711,250,1,5,244,10000,10000,0.8747125287471254
Amazon-Digital-Music,itemknn,full_unseen_catalogue,target_margin,full_catalogue,full_catalogue,joint_regret_ndcg,greedy_cf,random,-0.001988452095102602,0.0,-0.004383155589839956,-9.216934503013144e-05,0.09819018098190181,0.21875,-0.11432806281885037,250,1,5,244,10000,10000,0.8747125287471254
Amazon-Digital-Music,itemknn,full_unseen_catalogue,target_margin,full_catalogue,full_catalogue,normalized_regret_ndcg,shapley_mc,lime,-0.144494397918711,0.0,-0.4800000000000001,0.046516806243867045,1.0,1.0,-0.3926762965960282,5,1,1,3,10000,10000,1.0
Amazon-Digital-Music,itemknn,full_unseen_catalogue,target_margin,full_catalogue,full_catalogue,normalized_regret_ndcg,shapley_mc,loo,-0.144494397918711,0.0,-0.4800000000000001,0.046516806243867045,1.0,1.0,-0.3926762965960282,5,1,1,3,10000,10000,1.0
Amazon-Digital-Music,itemknn,full_unseen_catalogue,target_margin,full_catalogue,full_catalogue,normalized_regret_ndcg,shapley_mc,greedy_cf,-0.16387640052032226,0.0,-0.4838764005203222,0.0,0.5013498650134987,0.5,-0.4607114199311161,5,0,2,3,10000,10000,1.0
Amazon-Digital-Music,itemknn,full_unseen_catalogue,target_margin,full_catalogue,full_catalogue,normalized_regret_ndcg,shapley_mc,random,-0.5373024194302621,-0.6000000000000001,-0.8023576399011688,-0.2361235994796777,0.12388761123887611,0.125,-1.487287519990406,5,0,4,1,10000,10000,1.0
Amazon-Digital-Music,itemknn,full_unseen_catalogue,target_margin,full_catalogue,full_catalogue,normalized_regret_ndcg,lime,loo,0.0,0.0,0.0,0.0,1.0,1.0,0.0,5,0,0,5,10000,10000,1.0
Amazon-Digital-Music,itemknn,full_unseen_catalogue,target_margin,full_catalogue,full_catalogue,normalized_regret_ndcg,lime,greedy_cf,-0.01938200260161127,0.0,-0.05814600780483381,0.0,1.0,1.0,-0.447213595499958,5,0,1,4,10000,10000,1.0
Amazon-Digital-Music,itemknn,full_unseen_catalogue,target_margin,full_catalogue,full_catalogue,normalized_regret_ndcg,lime,random,-0.39280802151155114,-0.4581460078048337,-0.7739868414621355,-0.011629201560966761,0.24987501249875013,0.625,-0.8107103419789494,5,1,3,1,10000,10000,1.0
Amazon-Digital-Music,itemknn,full_unseen_catalogue,target_margin,full_catalogue,full_catalogue,normalized_regret_ndcg,loo,greedy_cf,-0.01938200260161127,0.0,-0.05814600780483381,0.0,1.0,1.0,-0.447213595499958,5,0,1,4,10000,10000,1.0
Amazon-Digital-Music,itemknn,full_unseen_catalogue,target_margin,full_catalogue,full_catalogue,normalized_regret_ndcg,loo,random,-0.39280802151155114,-0.4581460078048337,-0.7739868414621355,-0.011629201560966761,0.250974902509749,0.625,-0.8107103419789494,5,1,3,1,10000,10000,1.0
Amazon-Digital-Music,itemknn,full_unseen_catalogue,target_margin,full_catalogue,full_catalogue,normalized_regret_ndcg,greedy_cf,random,-0.37342601890993987,-0.36123599479677737,-0.7546048388605241,0.007752801040644508,0.2578742125787421,0.625,-0.7728304794028781,5,1,3,1,10000,10000,1.0
Amazon-Digital-Music,itemknn,full_unseen_catalogue,target_margin,full_catalogue,full_catalogue,intervention_success_ndcg,shapley_mc,lime,0.0032,0.0,0.0,0.009600000000000001,1.0,1.0,0.06324555320336758,250,1,0,249,10000,10000,1.0
Amazon-Digital-Music,itemknn,full_unseen_catalogue,target_margin,full_catalogue,full_catalogue,intervention_success_ndcg,shapley_mc,loo,0.0032,0.0,0.0,0.009600000000000001,1.0,1.0,0.06324555320336758,250,1,0,249,10000,10000,1.0
Amazon-Digital-Music,itemknn,full_unseen_catalogue,target_margin,full_catalogue,full_catalogue,intervention_success_ndcg,shapley_mc,greedy_cf,0.0032,0.0,0.0,0.009600000000000001,1.0,1.0,0.06324555320336758,250,1,0,249,10000,10000,1.0
Amazon-Digital-Music,itemknn,full_unseen_catalogue,target_margin,full_catalogue,full_catalogue,intervention_success_ndcg,shapley_mc,random,0.0104,0.0,0.0016,0.022400000000000003,0.12348765123487651,0.125,0.12324903968336455,250,4,0,246,10000,10000,1.0
Amazon-Digital-Music,itemknn,full_unseen_catalogue,target_margin,full_catalogue,full_catalogue,intervention_success_ndcg,lime,loo,0.0,0.0,0.0,0.0,1.0,1.0,0.0,250,0,0,250,10000,10000,1.0
Amazon-Digital-Music,itemknn,full_unseen_catalogue,target_margin,full_catalogue,full_catalogue,intervention_success_ndcg,lime,greedy_cf,0.0,0.0,0.0,0.0,1.0,1.0,0.0,250,0,0,250,10000,10000,1.0
Amazon-Digital-Music,itemknn,full_unseen_catalogue,target_margin,full_catalogue,full_catalogue,intervention_success_ndcg,lime,random,0.0072,0.0,-0.0008,0.0176,0.24807519248075194,0.625,0.09380180431498797,250,3,1,246,10000,10000,1.0
Amazon-Digital-Music,itemknn,full_unseen_catalogue,target_margin,full_catalogue,full_catalogue,intervention_success_ndcg,loo,greedy_cf,0.0,0.0,0.0,0.0,1.0,1.0,0.0,250,0,0,250,10000,10000,1.0
Amazon-Digital-Music,itemknn,full_unseen_catalogue,target_margin,full_catalogue,full_catalogue,intervention_success_ndcg,loo,random,0.0072,0.0,-0.0008,0.0184,0.2545745425457454,0.625,0.09380180431498797,250,3,1,246,10000,10000,1.0
Amazon-Digital-Music,itemknn,full_unseen_catalogue,target_margin,full_catalogue,full_catalogue,intervention_success_ndcg,greedy_cf,random,0.0072,0.0,-0.0008,0.0176,0.24517548245175483,0.625,0.09380180431498797,250,3,1,246,10000,10000,1.0
Amazon-Digital-Music,itemknn,sampled_unseen_negatives_with_target,target_margin,primary,primary,aia,shapley_mc,lime,-0.4130483396821839,-0.23409378123008395,-0.4488827167284293,-0.3782015129448166,9.999000099990002e-05,1.30941609916041e-113,-0.7258044494379555,993,102,713,178,10000,10000,0.000999900009999
Amazon-Digital-Music,itemknn,sampled_unseen_negatives_with_target,target_margin,primary,primary,aia,shapley_mc,loo,-0.43701824139229295,-0.30000000000000004,-0.4721139276917337,-0.40188125143706327,9.999000099990002e-05,4.6683309084376725e-143,-0.7710882953952476,993,77,764,152,10000,10000,0.000999900009999
Amazon-Digital-Music,itemknn,sampled_unseen_negatives_with_target,target_margin,primary,primary,aia,shapley_mc,greedy_cf,0.2830663291521806,0.4530225316205407,0.2377089959524897,0.32779065922900846,9.999000099990002e-05,4.315386770942038e-44,0.3878484034389816,993,663,249,81,10000,10000,0.000999900009999
Amazon-Digital-Music,itemknn,sampled_unseen_negatives_with_target,target_margin,primary,primary,aia,shapley_mc,random,0.4244157539536716,0.52,0.3873773132554311,0.4607555169104565,9.999000099990002e-05,1.8697094847714128e-76,0.7254833878985036,993,774,210,9,10000,10000,0.000999900009999
Amazon-Digital-Music,itemknn,sampled_unseen_negatives_with_target,target_margin,primary,primary,aia,lime,loo,-0.023969901710109105,0.0,-0.03166068510973849,-0.016320555873874328,9.999000099990002e-05,7.864264929388761e-35,-0.19080884162754866,993,135,419,439,10000,10000,0.000999900009999
Amazon-Digital-Music,itemknn,sampled_unseen_negatives_with_target,target_margin,primary,primary,aia,lime,greedy_cf,0.6961146688343645,0.6,0.6637512611188368,0.7300828187224128,9.999000099990002e-05,1.226040898037601e-195,1.3169499367952415,993,882,52,59,10000,10000,0.000999900009999
Amazon-Digital-Music,itemknn,sampled_unseen_negatives_with_target,target_margin,primary,primary,aia,lime,random,0.8374640936358555,0.8660254037844387,0.8165510447631374,0.8589298312845252,9.999000099990002e-05,1.106452373325072e-260,2.4299794923267113,993,973,18,2,10000,10000,0.000999900009999
Amazon-Digital-Music,itemknn,sampled_unseen_negatives_with_target,target_margin,primary,primary,aia,loo,greedy_cf,0.7200845705444736,0.6000000000000001,0.6878353436909255,0.7530921704791601,9.999000099990002e-05,1.0400690264631399e-225,1.379623229813869,993,885,25,83,10000,10000,0.000999900009999
Amazon-Digital-Music,itemknn,sampled_unseen_negatives_with_target,target_margin,primary,primary,aia,loo,random,0.8614339953459647,0.9,0.83944927424102,0.8829570603970461,9.999000099990002e-05,1.4081907091436724e-257,2.4605180809157865,993,972,20,1,10000,10000,0.000999900009999
Amazon-Digital-Music,itemknn,sampled_unseen_negatives_with_target,target_margin,primary,primary,aia,greedy_cf,random,0.14134942480149107,0.18,0.10584404025292407,0.17661085928774592,9.999000099990002e-05,1.3499073824314203e-14,0.24920168624845804,993,611,370,12,10000,10000,0.000999900009999
Amazon-Digital-Music,itemknn,sampled_unseen_negatives_with_target,target_margin,primary,primary,aia_ndcg,shapley_mc,lime,0.06976565373731836,0.0,0.0336982152779547,0.10754978864189764,0.0004999500049995,0.01323360775882629,0.24050523892469985,233,69,42,122,10000,10000,0.0014998500149985001
Amazon-Digital-Music,itemknn,sampled_unseen_negatives_with_target,target_margin,primary,primary,aia_ndcg,shapley_mc,loo,0.06175329034543376,0.0,0.021789829389156072,0.10211542068793504,0.0028997100289971,0.30875256919282823,0.1982641758159209,233,63,76,94,10000,10000,0.0057994200579942
Amazon-Digital-Music,itemknn,sampled_unseen_negatives_with_target,target_margin,primary,primary,aia_ndcg,shapley_mc,greedy_cf,0.34368290820375597,0.32944422522931827,0.2760357757947478,0.41086567671010693,9.999000099990002e-05,5.89356533562401e-21,0.651229245816401,233,146,27,60,10000,10000,0.000999900009999
Amazon-Digital-Music,itemknn,sampled_unseen_negatives_with_target,target_margin,primary,primary,aia_ndcg,shapley_mc,random,0.4976370821665989,0.5682441122218034,0.43821510416063814,0.5560916996963148,9.999000099990002e-05,7.48384309364308e-33,1.0612485081465126,233,201,29,3,10000,10000,0.000999900009999
Amazon-Digital-Music,itemknn,sampled_unseen_negatives_with_target,target_margin,primary,primary,aia_ndcg,lime,loo,-0.008012363391884611,0.0,-0.022947197910793835,0.006120564102401656,0.28247175282471754,0.0002133912534118648,-0.07141932126750569,233,32,70,131,10000,10000,0.28247175282471754
Amazon-Digital-Music,itemknn,sampled_unseen_negatives_with_target,target_margin,primary,primary,aia_ndcg,lime,greedy_cf,0.27391725446643755,0.27386127875258304,0.19945782608636406,0.3460851245878202,9.999000099990002e-05,1.8373021340639184e-15,0.4789482036971912,233,137,35,61,10000,10000,0.000999900009999
Amazon-Digital-Music,itemknn,sampled_unseen_negatives_with_target,target_margin,primary,primary,aia_ndcg,lime,random,0.4278714284292805,0.5196152422706632,0.3601125233678263,0.49278168371981,9.999000099990002e-05,6.928377941894815e-28,0.8356481948935848,233,194,35,4,10000,10000,0.000999900009999
Amazon-Digital-Music,itemknn,sampled_unseen_negatives_with_target,target_margin,primary,primary,aia_ndcg,loo,greedy_cf,0.2819296178583221,0.25917293345003567,0.20620072471763595,0.35566685688662847,9.999000099990002e-05,2.377086312176393e-15,0.49204622471586595,233,144,39,50,10000,10000,0.000999900009999
Amazon-Digital-Music,itemknn,sampled_unseen_negatives_with_target,target_margin,primary,primary,aia_ndcg,loo,random,0.4358837918211652,0.5375872022286245,0.3687418411637732,0.50086087954434,9.999000099990002e-05,3.6438460679967023e-29,0.8404893519705587,233,195,33,5,10000,10000,0.000999900009999
Amazon-Digital-Music,itemknn,sampled_unseen_negatives_with_target,target_margin,primary,primary,aia_ndcg,greedy_cf,random,0.153954173962843,0.17320508075688773,0.08205796756099903,0.22537891517883185,9.999000099990002e-05,0.00011701443932289645,0.2731153674970027,233,144,85,4,10000,10000,0.000999900009999
Amazon-Digital-Music,itemknn,sampled_unseen_negatives_with_target,target_margin,primary,primary,faithfulness_alignment,shapley_mc,lime,-0.6448014021202495,-0.5,-0.6835943869051571,-0.6083370270836921,9.999000099990002e-05,1.2507153321878207e-190,-1.0633780682981286,993,34,799,160,10000,10000,0.000999900009999
Amazon-Digital-Music,itemknn,sampled_unseen_negatives_with_target,target_margin,primary,primary,faithfulness_alignment,shapley_mc,loo,-0.7144365985652912,-0.5437722600831172,-0.7523133940871409,-0.6765674289608081,9.999000099990002e-05,7.939328826636877e-264,-1.177067068551196,993,0,875,118,10000,10000,0.000999900009999
Amazon-Digital-Music,itemknn,sampled_unseen_negatives_with_target,target_margin,primary,primary,faithfulness_alignment,shapley_mc,greedy_cf,0.09448831405934788,0.2162249910469341,0.045138186153058396,0.14290745991446638,0.00029997000299970003,5.870946519542795e-13,0.12109764330107403,993,567,349,77,10000,10000,0.000999900009999
Amazon-Digital-Music,itemknn,sampled_unseen_negatives_with_target,target_margin,primary,primary,faithfulness_alignment,shapley_mc,random,0.29353355037063733,0.4,0.2520541346553595,0.33396794053820283,9.999000099990002e-05,4.031174205772602e-30,0.4488190758902836,993,667,313,13,10000,10000,0.000999900009999
Amazon-Digital-Music,itemknn,sampled_unseen_negatives_with_target,target_margin,primary,primary,faithfulness_alignment,lime,loo,-0.06963519644504178,-0.025132222802607296,-0.07623378982486481,-0.06348344727864638,9.999000099990002e-05,9.639679460411536e-181,-0.6840901515691568,993,0,599,394,10000,10000,0.000999900009999
Amazon-Digital-Music,itemknn,sampled_unseen_negatives_with_target,target_margin,primary,primary,faithfulness_alignment,lime,greedy_cf,0.7392897161795973,0.6000000000000001,0.7080404367237139,0.7709952973191428,9.999000099990002e-05,2.932403303256612e-232,1.4430984466673262,993,912,26,55,10000,10000,0.000999900009999
Amazon-Digital-Music,itemknn,sampled_unseen_negatives_with_target,target_margin,primary,primary,faithfulness_alignment,lime,random,0.9383349524908868,0.9199999999999997,0.922137664235207,0.9545948566680821,9.999000099990002e-05,4.7448615586493253e-296,3.6154783590990887,993,991,1,1,10000,10000,0.000999900009999
Amazon-Digital-Music,itemknn,sampled_unseen_negatives_with_target,target_margin,primary,primary,faithfulness_alignment,loo,greedy_cf,0.8089249126246392,0.6920441868740186,0.7767092017764411,0.8406402294705995,9.999000099990002e-05,2.8206162122887962e-278,1.5798743436927436,993,923,0,70,10000,10000,0.000999900009999
Amazon-Digital-Music,itemknn,sampled_unseen_negatives_with_target,target_margin,primary,primary,faithfulness_alignment,loo,random,1.0079701489359285,1.0,0.993401028161017,1.0225907570749089,9.999000099990002e-05,2.3891548633682403e-299,4.238106908328749,993,993,0,0,10000,10000,0.000999900009999
Amazon-Digital-Music,itemknn,sampled_unseen_negatives_with_target,target_margin,primary,primary,faithfulness_alignment,greedy_cf,random,0.19904523631128943,0.23999999999999996,0.1642257659242213,0.23416390394019948,9.999000099990002e-05,7.098966480104346e-25,0.3561053874818624,993,652,331,10,10000,10000,0.000999900009999
Amazon-Digital-Music,itemknn,sampled_unseen_negatives_with_target,target_margin,primary,primary,actionability_gap,shapley_mc,lime,0.23175306243806554,0.0,0.20213713339420314,0.2629330807680566,9.999000099990002e-05,4.69241987258082e-56,0.47287023349855917,993,415,79,499,10000,10000,0.000999900009999
Amazon-Digital-Music,itemknn,sampled_unseen_negatives_with_target,target_margin,primary,primary,actionability_gap,shapley_mc,loo,0.27741835717299823,1.1102230246251565e-16,0.24524330385844886,0.3108604639848041,9.999000099990002e-05,8.655364840375337e-104,0.5248343536128501,993,509,41,443,10000,10000,0.000999900009999
Amazon-Digital-Music,itemknn,sampled_unseen_negatives_with_target,target_margin,primary,primary,actionability_gap,shapley_mc,greedy_cf,0.18857801509283267,0.0,0.15942976905555004,0.21975700848134794,9.999000099990002e-05,1.3947062786960193e-31,0.385931590966989,993,375,120,498,10000,10000,0.000999900009999
Amazon-Digital-Music,itemknn,sampled_unseen_negatives_with_target,target_margin,primary,primary,actionability_gap,shapley_mc,random,0.13088220358303432,0.0,0.11075980568941331,0.15150431141375176,9.999000099990002e-05,2.5310793484791157e-30,0.392019580471585,993,380,127,486,10000,10000,0.000999900009999
Amazon-Digital-Music,itemknn,sampled_unseen_negatives_with_target,target_margin,primary,primary,actionability_gap,lime,loo,0.04566529473493267,0.0,0.03654501992711833,0.05549972108826398,9.999000099990002e-05,4.343438953808836e-27,0.3006188463375227,993,348,119,526,10000,10000,0.000999900009999
Amazon-Digital-Music,itemknn,sampled_unseen_negatives_with_target,target_margin,primary,primary,actionability_gap,lime,greedy_cf,-0.04317504734523284,0.0,-0.058635583757021395,-0.027318724640151126,9.999000099990002e-05,0.00025663998838941607,-0.1694667137777878,993,200,281,512,10000,10000,0.000999900009999
Amazon-Digital-Music,itemknn,sampled_unseen_negatives_with_target,target_margin,primary,primary,actionability_gap,lime,random,-0.10087085885503118,0.0,-0.1163161293431502,-0.0859643979632058,9.999000099990002e-05,8.378499151596875e-35,-0.41218549021820866,993,118,389,486,10000,10000,0.000999900009999
Amazon-Digital-Music,itemknn,sampled_unseen_negatives_with_target,target_margin,primary,primary,actionability_gap,loo,greedy_cf,-0.08884034208016552,0.0,-0.10542504486860112,-0.07302384661438126,9.999000099990002e-05,3.360850771548192e-27,-0.33733839331235255,993,144,390,459,10000,10000,0.000999900009999
Amazon-Digital-Music,itemknn,sampled_unseen_negatives_with_target,target_margin,primary,primary,actionability_gap,loo,random,-0.14653615358996386,-1.1102230246251565e-16,-0.16333169780524737,-0.1304130838257748,9.999000099990002e-05,3.9465323885489174e-120,-0.554030271688976,993,30,533,430,10000,10000,0.000999900009999
Amazon-Digital-Music,itemknn,sampled_unseen_negatives_with_target,target_margin,primary,primary,actionability_gap,greedy_cf,random,-0.05769581150979835,0.0,-0.07497562418209278,-0.04113849822983145,9.999000099990002e-05,3.915655340180679e-08,-0.21042165425805534,993,191,315,487,10000,10000,0.000999900009999
Amazon-Digital-Music,itemknn,sampled_unseen_negatives_with_target,target_margin,primary,primary,signed_alignment,shapley_mc,lime,-0.09387206498704244,0.0,-0.10582970909682568,-0.08245488951447166,9.999000099990002e-05,2.2866913782520348e-85,-0.4969422637019119,993,50,465,478,10000,10000,0.000999900009999
Amazon-Digital-Music,itemknn,sampled_unseen_negatives_with_target,target_margin,primary,primary,signed_alignment,shapley_mc,loo,-0.11108481152015501,-0.02857142857142847,-0.1238070821294413,-0.098671438685833,9.999000099990002e-05,9.136710431823937e-115,-0.5537038831149814,993,42,553,398,10000,10000,0.000999900009999
Amazon-Digital-Music,itemknn,sampled_unseen_negatives_with_target,target_margin,primary,primary,signed_alignment,shapley_mc,greedy_cf,0.7463511062184643,0.72,0.711505063018114,0.7799394460701727,9.999000099990002e-05,9.654117714640613e-189,1.3565994867346158,993,857,52,84,10000,10000,0.000999900009999
Amazon-Digital-Music,itemknn,sampled_unseen_negatives_with_target,target_margin,primary,primary,signed_alignment,shapley_mc,random,0.8458315148587593,0.8660254037844387,0.8263594164250136,0.8646586884126711,9.999000099990002e-05,1.0482621114951166e-273,2.702982639460244,993,981,11,1,10000,10000,0.000999900009999
Amazon-Digital-Music,itemknn,sampled_unseen_negatives_with_target,target_margin,primary,primary,signed_alignment,lime,loo,-0.01721274653311258,0.0,-0.02088616533930473,-0.013526860600426393,9.999000099990002e-05,1.1680851233417564e-41,-0.2880769302122418,993,99,389,505,10000,10000,0.000999900009999
Amazon-Digital-Music,itemknn,sampled_unseen_negatives_with_target,target_margin,primary,primary,signed_alignment,lime,greedy_cf,0.8402231712055067,0.827530475309102,0.8052693773864891,0.8746252290306468,9.999000099990002e-05,1.7920840530929877e-205,1.527597875886498,993,878,41,74,10000,10000,0.000999900009999
Amazon-Digital-Music,itemknn,sampled_unseen_negatives_with_target,target_margin,primary,primary,signed_alignment,lime,random,0.9397035798458017,0.944856403475367,0.924137330474499,0.9555892015479011,9.999000099990002e-05,2.374819934188031e-296,3.7259448080056896,993,992,1,0,10000,10000,0.000999900009999
Amazon-Digital-Music,itemknn,sampled_unseen_negatives_with_target,target_margin,primary,primary,signed_alignment,loo,greedy_cf,0.8574359177386194,0.8571428571428571,0.8242231308922628,0.8913129258804674,9.999000099990002e-05,3.1741944658847356e-258,1.5778059626682892,993,887,4,102,10000,10000,0.000999900009999
Amazon-Digital-Music,itemknn,sampled_unseen_negatives_with_target,target_margin,primary,primary,signed_alignment,loo,random,0.9569163263789143,0.9782424873723512,0.9411569195326086,0.972442525533356,9.999000099990002e-05,2.374819934188031e-296,3.79518988739864,993,992,1,0,10000,10000,0.000999900009999
Amazon-Digital-Music,itemknn,sampled_unseen_negatives_with_target,target_margin,primary,primary,signed_alignment,greedy_cf,random,0.09948040864029493,0.09999999999999998,0.06362352773485304,0.1360209344377142,9.999000099990002e-05,5.7225607757451416e-05,0.1703722882695972,993,555,428,10,10000,10000,0.000999900009999
Amazon-Digital-Music,itemknn,sampled_unseen_negatives_with_target,target_margin,primary,primary,signed_alignment_ndcg,shapley_mc,lime,-0.009667263974780804,0.0,-0.026023027402074368,0.006722605398685868,0.2646735326467353,0.04295654552438921,-0.0750379477330182,233,23,40,170,10000,10000,0.7910208979102089
Amazon-Digital-Music,itemknn,sampled_unseen_negatives_with_target,target_margin,primary,primary,signed_alignment_ndcg,shapley_mc,loo,-0.010416342947393678,0.0,-0.028310627612347896,0.007846895807287625,0.2636736326367363,7.439048296053685e-07,-0.07440920470004828,233,26,76,131,10000,10000,0.7910208979102089
Amazon-Digital-Music,itemknn,sampled_unseen_negatives_with_target,target_margin,primary,primary,signed_alignment_ndcg,shapley_mc,greedy_cf,0.32496283503172685,0.3181045051401759,0.26695782987107713,0.38452808041653247,9.999000099990002e-05,1.7517983982977945e-20,0.7105083708480586,233,135,23,75,10000,10000,0.000999900009999
Amazon-Digital-Music,itemknn,sampled_unseen_negatives_with_target,target_margin,primary,primary,signed_alignment_ndcg,shapley_mc,random,0.6943086068181865,0.6981537693108133,0.652921848451323,0.7358206046222601,9.999000099990002e-05,1.9587219688901487e-57,2.112821385018762,233,225,7,1,10000,10000,0.000999900009999
Amazon-Digital-Music,itemknn,sampled_unseen_negatives_with_target,target_margin,primary,primary,signed_alignment_ndcg,lime,loo,-0.0007490789726128716,0.0,-0.006671334792322857,0.005686891632403129,0.8128187181281872,1.5849255649693016e-06,-0.01584705505299111,233,20,64,149,10000,10000,0.8128187181281872
Amazon-Digital-Music,itemknn,sampled_unseen_negatives_with_target,target_margin,primary,primary,signed_alignment_ndcg,lime,greedy_cf,0.33463009900650764,0.36430604443134973,0.2760151719396009,0.3904203045378347,9.999000099990002e-05,3.47329518420462e-21,0.7308519598664003,233,138,23,72,10000,10000,0.000999900009999
Amazon-Digital-Music,itemknn,sampled_unseen_negatives_with_target,target_margin,primary,primary,signed_alignment_ndcg,lime,random,0.7039758707929672,0.7229568912920511,0.6597386391487738,0.747968944991868,9.999000099990002e-05,5.534939835154279e-56,2.0734462471547586,233,224,8,1,10000,10000,0.000999900009999
Amazon-Digital-Music,itemknn,sampled_unseen_negatives_with_target,target_margin,primary,primary,signed_alignment_ndcg,loo,greedy_cf,0.3353791779791205,0.3651545401348157,0.27538196075027443,0.3945432739238409,9.999000099990002e-05,2.8309418823858135e-24,0.7238962325528364,233,151,23,59,10000,10000,0.000999900009999
Amazon-Digital-Music,itemknn,sampled_unseen_negatives_with_target,target_margin,primary,primary,signed_alignment_ndcg,loo,random,0.7047249497655801,0.7358628156457852,0.6602588036024224,0.7478364241094797,9.999000099990002e-05,5.534939835154279e-56,2.0450142838461756,233,224,8,1,10000,10000,0.000999900009999
Amazon-Digital-Music,itemknn,sampled_unseen_negatives_with_target,target_margin,primary,primary,signed_alignment_ndcg,greedy_cf,random,0.3693457717864596,0.35909242322980395,0.3098391740976038,0.4288778371837709,9.999000099990002e-05,6.628786007283406e-16,0.7903466265196037,233,174,54,5,10000,10000,0.000999900009999
Amazon-Digital-Music,itemknn,sampled_unseen_negatives_with_target,target_margin,primary,primary,direction_accuracy,shapley_mc,lime,-0.1519037588290626,-0.09000000000000008,-0.16568681361945162,-0.1378813840179349,9.999000099990002e-05,5.376924741507452e-83,-0.6815294889532235,993,86,547,360,10000,10000,0.000999900009999
Amazon-Digital-Music,itemknn,sampled_unseen_negatives_with_target,target_margin,primary,primary,direction_accuracy,shapley_mc,loo,-0.15748823048386715,-0.10999999999999999,-0.17143209918527294,-0.143210327224704,9.999000099990002e-05,1.3496745842543736e-97,-0.6906003975943138,993,64,551,378,10000,10000,0.000999900009999
Amazon-Digital-Music,itemknn,sampled_unseen_negatives_with_target,target_margin,primary,primary,direction_accuracy,shapley_mc,greedy_cf,0.24124760515276636,0.25,0.2268512873524805,0.2557434972478232,9.999000099990002e-05,6.173737467924442e-157,1.0432149350601967,993,744,53,196,10000,10000,0.000999900009999
Amazon-Digital-Music,itemknn,sampled_unseen_negatives_with_target,target_margin,primary,primary,direction_accuracy,shapley_mc,random,0.2774067823662354,0.3000000000000001,0.2621638542488229,0.29228983223370014,9.999000099990002e-05,2.111919695159544e-130,1.142733505261602,993,846,128,19,10000,10000,0.000999900009999
Amazon-Digital-Music,itemknn,sampled_unseen_negatives_with_target,target_margin,primary,primary,direction_accuracy,lime,loo,-0.005584471654804542,0.0,-0.00937533660796033,-0.0016944873840129824,0.004299570042995701,2.0390544341979616e-07,-0.09047739848520037,993,73,151,769,10000,10000,0.004299570042995701
Amazon-Digital-Music,itemknn,sampled_unseen_negatives_with_target,target_margin,primary,primary,direction_accuracy,lime,greedy_cf,0.393151363981829,0.4,0.37730924149528416,0.40864924663340196,9.999000099990002e-05,4.500783654838215e-222,1.527732730624467,993,841,18,134,10000,10000,0.000999900009999
Amazon-Digital-Music,itemknn,sampled_unseen_negatives_with_target,target_margin,primary,primary,direction_accuracy,lime,random,0.429310541195298,0.44999999999999996,0.41969493874921654,0.43883260940320074,9.999000099990002e-05,8.110211393823084e-273,2.8001402603268732,993,978,11,4,10000,10000,0.000999900009999
Amazon-Digital-Music,itemknn,sampled_unseen_negatives_with_target,target_margin,primary,primary,direction_accuracy,loo,greedy_cf,0.39873583563663345,0.4,0.3828774414286262,0.4143276282281215,9.999000099990002e-05,2.5150286113371273e-228,1.575992063371261,993,843,14,136,10000,10000,0.000999900009999
Amazon-Digital-Music,itemknn,sampled_unseen_negatives_with_target,target_margin,primary,primary,direction_accuracy,loo,random,0.43489501285010246,0.4631578947368421,0.4252132274993152,0.44452451558138134,9.999000099990002e-05,4.9779461297554443e-269,2.8023345668919983,993,976,13,4,10000,10000,0.000999900009999
Amazon-Digital-Music,itemknn,sampled_unseen_negatives_with_target,target_margin,primary,primary,direction_accuracy,greedy_cf,random,0.03615917721346902,0.0,0.01950557961441753,0.05292788787046852,9.999000099990002e-05,0.38054024329180763,0.13207811352912613,993,488,460,45,10000,10000,0.000999900009999
Amazon-Digital-Music,itemknn,sampled_unseen_negatives_with_target,target_margin,primary,primary,direction_accuracy_ndcg,shapley_mc,lime,0.015254259331512553,0.0,-0.0004070100143061502,0.03161653475280085,0.0547945205479452,0.001543879508972168,0.1242739333863844,233,20,4,209,10000,10000,0.1178882111788821
Amazon-Digital-Music,itemknn,sampled_unseen_negatives_with_target,target_margin,primary,primary,direction_accuracy_ndcg,shapley_mc,loo,0.018236255875740855,0.0,0.0005579399141630902,0.036773298589822194,0.0392960703929607,0.02660369873046875,0.13110323097225454,233,16,5,212,10000,10000,0.1178882111788821
Amazon-Digital-Music,itemknn,sampled_unseen_negatives_with_target,target_margin,primary,primary,direction_accuracy_ndcg,shapley_mc,greedy_cf,0.08087521443744619,0.0,0.047621602288984266,0.11541190569087563,9.999000099990002e-05,4.3028401315359276e-07,0.30875994911246285,233,56,14,163,10000,10000,0.000999900009999
Amazon-Digital-Music,itemknn,sampled_unseen_negatives_with_target,target_margin,primary,primary,direction_accuracy_ndcg,shapley_mc,random,0.4651003907870861,0.4666666666666667,0.43852598950882216,0.49143925923861537,9.999000099990002e-05,3.1094546443277494e-60,2.2804536329268914,233,226,5,2,10000,10000,0.000999900009999
Amazon-Digital-Music,itemknn,sampled_unseen_negatives_with_target,target_margin,primary,primary,direction_accuracy_ndcg,lime,loo,0.002981996544228302,0.0,-0.004005722460658085,0.0136830955167865,0.7746225377462254,1.0,0.04219113964787927,233,6,7,220,10000,10000,0.7746225377462254
Amazon-Digital-Music,itemknn,sampled_unseen_negatives_with_target,target_margin,primary,primary,direction_accuracy_ndcg,lime,greedy_cf,0.06562095510593366,0.0,0.0330418880713945,0.10026287553648065,0.00019998000199980003,0.0012632268710478355,0.25019477755875236,233,53,24,156,10000,10000,0.000999900009999
Amazon-Digital-Music,itemknn,sampled_unseen_negatives_with_target,target_margin,primary,primary,direction_accuracy_ndcg,lime,random,0.4498461314555735,0.45454545454545436,0.4219749208826462,0.4766827974719607,9.999000099990002e-05,4.465804188948892e-58,2.1093084891945115,233,223,6,4,10000,10000,0.000999900009999
Amazon-Digital-Music,itemknn,sampled_unseen_negatives_with_target,target_margin,primary,primary,direction_accuracy_ndcg,loo,greedy_cf,0.06263895856170534,0.0,0.028724453300633557,0.0981261844378797,0.0005999400059994001,0.00021680385841747662,0.2303871941571273,233,55,22,156,10000,10000,0.0023997600239976003
Amazon-Digital-Music,itemknn,sampled_unseen_negatives_with_target,target_margin,primary,primary,direction_accuracy_ndcg,loo,random,0.4468641349113453,0.46666666666666656,0.41652259799094565,0.4753827499396169,9.999000099990002e-05,5.534939835154279e-56,1.9240292466453772,233,224,8,1,10000,10000,0.000999900009999
Amazon-Digital-Music,itemknn,sampled_unseen_negatives_with_target,target_margin,primary,primary,direction_accuracy_ndcg,greedy_cf,random,0.38422517634963993,0.4,0.3472658048913414,0.4202284950981303,9.999000099990002e-05,4.79369675542563e-44,1.3514719313175247,233,209,16,8,10000,10000,0.000999900009999
Amazon-Digital-Music,itemknn,sampled_unseen_negatives_with_target,target_margin,primary,primary,top1_precision,shapley_mc,lime,-0.0658,0.0,-0.0876,-0.0432,9.999000099990002e-05,9.869350756796937e-10,-0.18443776067852577,1000,66,157,777,10000,10000,0.000999900009999
Amazon-Digital-Music,itemknn,sampled_unseen_negatives_with_target,target_margin,primary,primary,top1_precision,shapley_mc,loo,-0.062200000000000005,0.0,-0.0884,-0.0364,9.999000099990002e-05,8.519093631638307e-09,-0.147648686579202,1000,75,164,761,10000,10000,0.000999900009999
Amazon-Digital-Music,itemknn,sampled_unseen_negatives_with_target,target_margin,primary,primary,top1_precision,shapley_mc,greedy_cf,0.6207999999999999,1.0,0.59,0.6507999999999999,9.999000099990002e-05,1.5830148331637853e-187,1.284992445984188,1000,668,7,325,10000,10000,0.000999900009999
Amazon-Digital-Music,itemknn,sampled_unseen_negatives_with_target,target_margin,primary,primary,top1_precision,shapley_mc,random,0.5716,0.8,0.5465999999999999,0.5968,9.999000099990002e-05,4.74984160909088e-144,1.3992317712739228,1000,793,86,121,10000,10000,0.000999900009999
Amazon-Digital-Music,itemknn,sampled_unseen_negatives_with_target,target_margin,primary,primary,top1_precision,lime,loo,0.0036,0.0,-0.0104,0.0178,0.6197380261973803,0.36820161732669615,0.015613821023043812,1000,45,55,900,10000,10000,0.6197380261973803
Amazon-Digital-Music,itemknn,sampled_unseen_negatives_with_target,target_margin,primary,primary,top1_precision,lime,greedy_cf,0.6866,1.0,0.657995,0.7152000000000001,9.999000099990002e-05,3.844044842047283e-204,1.4769295488790413,1000,724,7,269,10000,10000,0.000999900009999
Amazon-Digital-Music,itemknn,sampled_unseen_negatives_with_target,target_margin,primary,primary,top1_precision,lime,random,0.6374000000000001,0.8,0.613,0.661,9.999000099990002e-05,9.320651545357064e-170,1.6524378852036865,1000,857,74,69,10000,10000,0.000999900009999
Amazon-Digital-Music,itemknn,sampled_unseen_negatives_with_target,target_margin,primary,primary,top1_precision,loo,greedy_cf,0.683,1.0,0.652,0.713,9.999000099990002e-05,1.044583682686572e-192,1.415734109757971,1000,691,8,301,10000,10000,0.000999900009999
Amazon-Digital-Music,itemknn,sampled_unseen_negatives_with_target,target_margin,primary,primary,top1_precision,loo,random,0.6337999999999999,0.8,0.6084,0.658,9.999000099990002e-05,4.3395786769522766e-154,1.578499400601941,1000,832,86,82,10000,10000,0.000999900009999
Amazon-Digital-Music,itemknn,sampled_unseen_negatives_with_target,target_margin,primary,primary,top1_precision,greedy_cf,random,-0.0492,-0.2,-0.073,-0.025200000000000004,9.999000099990002e-05,2.996794053729436e-48,-0.127765210509965,1000,149,516,335,10000,10000,0.000999900009999
Amazon-Digital-Music,itemknn,sampled_unseen_negatives_with_target,target_margin,primary,primary,top3_precision,shapley_mc,lime,0.006266666666666664,0.0,-0.006333333333333337,0.018999999999999996,0.3401659834016598,0.7091299439159752,0.030525519923137092,1000,180,172,648,10000,10000,1.0
Amazon-Digital-Music,itemknn,sampled_unseen_negatives_with_target,target_margin,primary,primary,top3_precision,shapley_mc,loo,0.00639999999999999,0.0,-0.00800000000000001,0.02079999999999999,0.38966103389661033,0.8719020111644477,0.027342648392453723,1000,175,171,654,10000,10000,1.0
Amazon-Digital-Music,itemknn,sampled_unseen_negatives_with_target,target_margin,primary,primary,top3_precision,shapley_mc,greedy_cf,0.24139999999999998,0.0,0.22153333333333336,0.2615333333333333,9.999000099990002e-05,4.096236101977872e-116,0.754532384403181,1000,486,21,493,10000,10000,0.000999900009999
Amazon-Digital-Music,itemknn,sampled_unseen_negatives_with_target,target_margin,primary,primary,top3_precision,shapley_mc,random,0.3258666666666667,0.3333333333333333,0.3128666666666667,0.3390666666666667,9.999000099990002e-05,3.0344694299606457e-252,1.5597220470690072,1000,949,19,32,10000,10000,0.000999900009999
Amazon-Digital-Music,itemknn,sampled_unseen_negatives_with_target,target_margin,primary,primary,top3_precision,lime,loo,0.00013333333333332865,0.0,-0.007600000000000005,0.007799999999999994,0.9853014698530147,0.6135472375934601,0.0010831551600187827,1000,92,100,808,10000,10000,1.0
Amazon-Digital-Music,itemknn,sampled_unseen_negatives_with_target,target_margin,primary,primary,top3_precision,lime,greedy_cf,0.23513333333333333,0.0,0.21280000000000002,0.2582,9.999000099990002e-05,1.6880380272394924e-74,0.6437107593310137,1000,417,48,535,10000,10000,0.000999900009999
Amazon-Digital-Music,itemknn,sampled_unseen_negatives_with_target,target_margin,primary,primary,top3_precision,lime,random,0.31959999999999994,0.3333333333333333,0.303065,0.336,9.999000099990002e-05,3.426210677794905e-167,1.1784130230298675,1000,868,81,51,10000,10000,0.000999900009999
Amazon-Digital-Music,itemknn,sampled_unseen_negatives_with_target,target_margin,primary,primary,top3_precision,loo,greedy_cf,0.235,0.0,0.21133333333333332,0.259,9.999000099990002e-05,2.8611764102583764e-63,0.6142540684142519,1000,385,53,562,10000,10000,0.000999900009999
Amazon-Digital-Music,itemknn,sampled_unseen_negatives_with_target,target_margin,primary,primary,top3_precision,loo,random,0.3194666666666667,0.3333333333333333,0.30146666666666666,0.33713333333333334,9.999000099990002e-05,2.676981006722079e-147,1.104500541499124,1000,849,102,49,10000,10000,0.000999900009999
Amazon-Digital-Music,itemknn,sampled_unseen_negatives_with_target,target_margin,primary,primary,top3_precision,greedy_cf,random,0.08446666666666665,0.1333333333333333,0.069,0.09993499999999995,9.999000099990002e-05,9.139178406590228e-21,0.33811618024195866,1000,604,321,75,10000,10000,0.000999900009999
Amazon-Digital-Music,itemknn,sampled_unseen_negatives_with_target,target_margin,primary,primary,top5_precision,shapley_mc,lime,0.03565000000000001,0.0,0.026129916666666666,0.04502,9.999000099990002e-05,2.053987798851171e-12,0.2338771920141747,1000,250,116,634,10000,10000,0.000999900009999
Amazon-Digital-Music,itemknn,sampled_unseen_negatives_with_target,target_margin,primary,primary,top5_precision,shapley_mc,loo,0.02725333333333333,0.0,0.01668,0.03771349999999999,9.999000099990002e-05,2.9180172827629488e-05,0.15912726506180877,1000,215,136,649,10000,10000,0.000999900009999
Amazon-Digital-Music,itemknn,sampled_unseen_negatives_with_target,target_margin,primary,primary,top5_precision,shapley_mc,greedy_cf,0.12722,0.0,0.11264641666666668,0.14243416666666664,9.999000099990002e-05,6.221908255951594e-68,0.5261015312587479,1000,335,28,637,10000,10000,0.000999900009999
Amazon-Digital-Music,itemknn,sampled_unseen_negatives_with_target,target_margin,primary,primary,top5_precision,shapley_mc,random,0.25531333333333334,0.24000000000000002,0.24560283333333335,0.2650900833333334,9.999000099990002e-05,2.6361765972150494e-264,1.620771369201988,1000,960,13,27,10000,10000,0.000999900009999
Amazon-Digital-Music,itemknn,sampled_unseen_negatives_with_target,target_margin,primary,primary,top5_precision,lime,loo,-0.008396666666666669,0.0,-0.014056750000000002,-0.002823250000000001,0.0029997000299970002,0.0008197384117862546,-0.09310124999972123,1000,87,138,775,10000,10000,0.0029997000299970002
Amazon-Digital-Music,itemknn,sampled_unseen_negatives_with_target,target_margin,primary,primary,top5_precision,lime,greedy_cf,0.09157,0.0,0.07460966666666666,0.10913008333333332,9.999000099990002e-05,6.122710098558654e-13,0.3358909365073312,1000,242,108,650,10000,10000,0.000999900009999
Amazon-Digital-Music,itemknn,sampled_unseen_negatives_with_target,target_margin,primary,primary,top5_precision,lime,random,0.21966333333333335,0.2,0.20662633333333333,0.2326435,9.999000099990002e-05,5.72708483960834e-145,1.0495322030627519,1000,845,104,51,10000,10000,0.000999900009999
Amazon-Digital-Music,itemknn,sampled_unseen_negatives_with_target,target_margin,primary,primary,top5_precision,loo,greedy_cf,0.09996666666666666,0.0,0.08186666666666667,0.11843333333333333,9.999000099990002e-05,2.6934047760185563e-13,0.3419823469859645,1000,243,107,650,10000,10000,0.000999900009999
Amazon-Digital-Music,itemknn,sampled_unseen_negatives_with_target,target_margin,primary,primary,top5_precision,loo,random,0.22806,0.2,0.21419608333333331,0.2417369166666667,9.999000099990002e-05,3.6331512732893685e-130,1.0073859303779065,1000,828,121,51,10000,10000,0.000999900009999
Amazon-Digital-Music,itemknn,sampled_unseen_negatives_with_target,target_margin,primary,primary,top5_precision,greedy_cf,random,0.12809333333333334,0.15000000000000002,0.11533658333333333,0.14107375,9.999000099990002e-05,7.954453707356764e-70,0.6191049981667878,1000,740,210,50,10000,10000,0.000999900009999
Amazon-Digital-Music,itemknn,sampled_unseen_negatives_with_target,target_margin,primary,primary,joint_effect_primary,shapley_mc,lime,-8.676606689716383e-06,0.0,-3.362031294870894e-05,1.44937701411794e-05,0.48225177482251774,0.017437094233796045,-0.022471533491329135,1000,240,296,464,10000,10000,0.9645035496450355
Amazon-Digital-Music,itemknn,sampled_unseen_negatives_with_target,target_margin,primary,primary,joint_effect_primary,shapley_mc,loo,5.167113930433865e-06,0.0,-2.081644350868419e-05,2.8878508131250137e-05,0.6846315368463154,0.16008689631616602,0.012968175565100668,1000,259,293,448,10000,10000,0.9645035496450355
Amazon-Digital-Music,itemknn,sampled_unseen_negatives_with_target,target_margin,primary,primary,joint_effect_primary,shapley_mc,greedy_cf,0.0008290715611488713,0.0005724851414954047,0.0007608518611791488,0.000900566575757803,9.999000099990002e-05,5.624951420160308e-178,0.7502138459667524,1000,769,38,193,10000,10000,0.000999900009999
Amazon-Digital-Music,itemknn,sampled_unseen_negatives_with_target,target_margin,primary,primary,joint_effect_primary,shapley_mc,random,0.0015900247347311965,0.0009697760652821741,0.001462776910094916,0.0017302680315038693,9.999000099990002e-05,5.490036869149084e-280,0.7324015127341615,1000,985,8,7,10000,10000,0.000999900009999
Amazon-Digital-Music,itemknn,sampled_unseen_negatives_with_target,target_margin,primary,primary,joint_effect_primary,lime,loo,1.3843720620150243e-05,0.0,8.417389887025411e-06,1.9951086428830194e-05,9.999000099990002e-05,0.035028154191207354,0.14672245155806304,1000,103,74,823,10000,10000,0.000999900009999
Amazon-Digital-Music,itemknn,sampled_unseen_negatives_with_target,target_margin,primary,primary,joint_effect_primary,lime,greedy_cf,0.0008377481678385876,0.0006182838421284753,0.0007751514828479478,0.0009025041627806758,9.999000099990002e-05,1.4427084304522566e-160,0.8149313967840037,1000,789,63,148,10000,10000,0.000999900009999
Amazon-Digital-Music,itemknn,sampled_unseen_negatives_with_target,target_margin,primary,primary,joint_effect_primary,lime,random,0.0015987013414209125,0.0009248362885575567,0.0014646011734792382,0.001739516782949836,9.999000099990002e-05,4.341650998085847e-272,0.7174185511790061,1000,981,12,7,10000,10000,0.000999900009999
Amazon-Digital-Music,itemknn,sampled_unseen_negatives_with_target,target_margin,primary,primary,joint_effect_primary,loo,greedy_cf,0.0008239044472184374,0.0006022999582488975,0.0007619791512838411,0.0008883475719084833,9.999000099990002e-05,3.995726312393143e-158,0.800752413239964,1000,786,65,149,10000,10000,0.000999900009999
Amazon-Digital-Music,itemknn,sampled_unseen_negatives_with_target,target_margin,primary,primary,joint_effect_primary,loo,random,0.0015848576208007622,0.0009151174563091836,0.0014528075087719937,0.0017299248580255541,9.999000099990002e-05,1.5015314611356465e-266,0.709555648279833,1000,978,15,7,10000,10000,0.000999900009999
Amazon-Digital-Music,itemknn,sampled_unseen_negatives_with_target,target_margin,primary,primary,joint_effect_primary,greedy_cf,random,0.000760953173582325,0.00011363210870117272,0.0006216640304864683,0.0009096514390163837,9.999000099990002e-05,0.0002286620751313188,0.3285560767697902,1000,555,438,7,10000,10000,0.000999900009999
Amazon-Digital-Music,itemknn,sampled_unseen_negatives_with_target,target_margin,primary,primary,joint_effect_ndcg,shapley_mc,lime,0.0001304761330027555,0.0,-0.001962593856455367,0.0022565612540145683,0.8983101689831017,0.651587827208914,0.003887801955781137,1000,20,24,956,10000,10000,0.8983101689831017
Amazon-Digital-Music,itemknn,sampled_unseen_negatives_with_target,target_margin,primary,primary,joint_effect_ndcg,shapley_mc,loo,0.001940189865473205,0.0,-0.0005869735637668734,0.004454914301962282,0.12988701129887012,0.4613911821367651,0.047379275928534435,1000,26,20,954,10000,10000,0.25977402259774024
Amazon-Digital-Music,itemknn,sampled_unseen_negatives_with_target,target_margin,primary,primary,joint_effect_ndcg,shapley_mc,greedy_cf,0.02311691333053164,0.0,0.01772366085737781,0.028831813298506606,9.999000099990002e-05,9.11799030781427e-24,0.25396179028764176,1000,115,10,875,10000,10000,0.000999900009999
Amazon-Digital-Music,itemknn,sampled_unseen_negatives_with_target,target_margin,primary,primary,joint_effect_ndcg,shapley_mc,random,0.0371407422086789,0.0,0.031456905631464985,0.04293822077017612,9.999000099990002e-05,3.7421038230349596e-55,0.39823755287792245,1000,225,9,766,10000,10000,0.000999900009999
Amazon-Digital-Music,itemknn,sampled_unseen_negatives_with_target,target_margin,primary,primary,joint_effect_ndcg,lime,loo,0.0018097137324704494,0.0,0.0005849834511433354,0.0032933615415347848,0.006399360063993601,0.0241195447742939,0.08180468290877249,1000,21,8,971,10000,10000,0.019198080191980802
Amazon-Digital-Music,itemknn,sampled_unseen_negatives_with_target,target_margin,primary,primary,joint_effect_ndcg,lime,greedy_cf,0.02298643719752888,0.0,0.01747621606012271,0.02875959425455131,9.999000099990002e-05,4.31422564584497e-22,0.25325161584811773,1000,117,13,870,10000,10000,0.000999900009999
Amazon-Digital-Music,itemknn,sampled_unseen_negatives_with_target,target_margin,primary,primary,joint_effect_ndcg,lime,random,0.03701026607567614,0.0,0.031367905418010406,0.04290913951701892,9.999000099990002e-05,1.4831807274485281e-56,0.3999950793026399,1000,226,8,766,10000,10000,0.000999900009999
Amazon-Digital-Music,itemknn,sampled_unseen_negatives_with_target,target_margin,primary,primary,joint_effect_ndcg,loo,greedy_cf,0.021176723465058434,0.0,0.01576085684392287,0.02673486350818233,9.999000099990002e-05,8.124346519772117e-21,0.23676721534719217,1000,112,13,875,10000,10000,0.000999900009999
Amazon-Digital-Music,itemknn,sampled_unseen_negatives_with_target,target_margin,primary,primary,joint_effect_ndcg,loo,random,0.0352005523432057,0.0,0.02963387977686337,0.04097992756827292,9.999000099990002e-05,1.1643116976534045e-50,0.3838104205691158,1000,220,12,768,10000,10000,0.000999900009999
Amazon-Digital-Music,itemknn,sampled_unseen_negatives_with_target,target_margin,primary,primary,joint_effect_ndcg,greedy_cf,random,0.014023828878147267,0.0,0.009776462237292552,0.018390257177668685,9.999000099990002e-05,5.781461057657228e-10,0.19758139983262574,1000,157,65,778,10000,10000,0.000999900009999
Amazon-Digital-Music,itemknn,sampled_unseen_negatives_with_target,target_margin,primary,primary,joint_effect_target_margin,shapley_mc,lime,-8.676606689716383e-06,0.0,-3.372309359880016e-05,1.4123413005140062e-05,0.47975202479752027,0.017437094233796045,-0.022471533491329135,1000,240,296,464,10000,10000,0.9595040495950405
Amazon-Digital-Music,itemknn,sampled_unseen_negatives_with_target,target_margin,primary,primary,joint_effect_target_margin,shapley_mc,loo,5.167113930433865e-06,0.0,-2.0465452187200442e-05,2.8679435223859327e-05,0.6861313868613139,0.16008689631616602,0.012968175565100668,1000,259,293,448,10000,10000,0.9595040495950405
Amazon-Digital-Music,itemknn,sampled_unseen_negatives_with_target,target_margin,primary,primary,joint_effect_target_margin,shapley_mc,greedy_cf,0.0008290715611488713,0.0005724851414954047,0.0007620591855023864,0.0008985013649304033,9.999000099990002e-05,5.624951420160308e-178,0.7502138459667524,1000,769,38,193,10000,10000,0.000999900009999
Amazon-Digital-Music,itemknn,sampled_unseen_negatives_with_target,target_margin,primary,primary,joint_effect_target_margin,shapley_mc,random,0.0015900247347311965,0.0009697760652821741,0.0014608345230707706,0.0017288722470905078,9.999000099990002e-05,5.490036869149084e-280,0.7324015127341615,1000,985,8,7,10000,10000,0.000999900009999
Amazon-Digital-Music,itemknn,sampled_unseen_negatives_with_target,target_margin,primary,primary,joint_effect_target_margin,lime,loo,1.3843720620150243e-05,0.0,8.197638379142547e-06,1.9991723508966834e-05,9.999000099990002e-05,0.035028154191207354,0.14672245155806304,1000,103,74,823,10000,10000,0.000999900009999
Amazon-Digital-Music,itemknn,sampled_unseen_negatives_with_target,target_margin,primary,primary,joint_effect_target_margin,lime,greedy_cf,0.0008377481678385876,0.0006182838421284753,0.000774156809143217,0.0009033757911355764,9.999000099990002e-05,1.4427084304522566e-160,0.8149313967840037,1000,789,63,148,10000,10000,0.000999900009999
Amazon-Digital-Music,itemknn,sampled_unseen_negatives_with_target,target_margin,primary,primary,joint_effect_target_margin,lime,random,0.0015987013414209125,0.0009248362885575567,0.0014639950140121418,0.001740659315975707,9.999000099990002e-05,4.341650998085847e-272,0.7174185511790061,1000,981,12,7,10000,10000,0.000999900009999
Amazon-Digital-Music,itemknn,sampled_unseen_negatives_with_target,target_margin,primary,primary,joint_effect_target_margin,loo,greedy_cf,0.0008239044472184374,0.0006022999582488975,0.000762539369199102,0.000887777016367335,9.999000099990002e-05,3.995726312393143e-158,0.800752413239964,1000,786,65,149,10000,10000,0.000999900009999
Amazon-Digital-Music,itemknn,sampled_unseen_negatives_with_target,target_margin,primary,primary,joint_effect_target_margin,loo,random,0.0015848576208007622,0.0009151174563091836,0.0014517295673996799,0.0017291862963988982,9.999000099990002e-05,1.5015314611356465e-266,0.709555648279833,1000,978,15,7,10000,10000,0.000999900009999
Amazon-Digital-Music,itemknn,sampled_unseen_negatives_with_target,target_margin,primary,primary,joint_effect_target_margin,greedy_cf,random,0.000760953173582325,0.00011363210870117272,0.0006231642776933432,0.0009078151364868886,9.999000099990002e-05,0.0002286620751313188,0.3285560767697902,1000,555,438,7,10000,10000,0.000999900009999
Amazon-Digital-Music,itemknn,sampled_unseen_negatives_with_target,target_margin,primary,primary,intervention_success,shapley_mc,lime,0.029199999999999997,0.0,0.015799999999999998,0.0432,0.00019998000199980003,0.0001014771231679886,0.13218739534617333,1000,49,17,934,10000,10000,0.000999900009999
Amazon-Digital-Music,itemknn,sampled_unseen_negatives_with_target,target_margin,primary,primary,intervention_success,shapley_mc,loo,0.04259999999999999,0.0,0.027399999999999997,0.05840000000000001,9.999000099990002e-05,3.3971668169915183e-06,0.16938873452839873,1000,57,17,926,10000,10000,0.000999900009999
Amazon-Digital-Music,itemknn,sampled_unseen_negatives_with_target,target_margin,primary,primary,intervention_success,shapley_mc,greedy_cf,0.42260000000000003,0.0,0.39159999999999995,0.45480000000000004,9.999000099990002e-05,4.322993876914613e-118,0.8387445293590903,1000,433,7,560,10000,10000,0.000999900009999
Amazon-Digital-Music,itemknn,sampled_unseen_negatives_with_target,target_margin,primary,primary,intervention_success,shapley_mc,random,0.525,0.6,0.5076,0.5422,9.999000099990002e-05,1.525627000132453e-251,1.8786807747902838,1000,927,15,58,10000,10000,0.000999900009999
Amazon-Digital-Music,itemknn,sampled_unseen_negatives_with_target,target_margin,primary,primary,intervention_success,lime,loo,0.0134,0.0,0.005,0.022200000000000004,0.0022997700229977,0.006610751152038574,0.09660639580914103,1000,19,5,976,10000,10000,0.0022997700229977
Amazon-Digital-Music,itemknn,sampled_unseen_negatives_with_target,target_margin,primary,primary,intervention_success,lime,greedy_cf,0.39339999999999997,0.0,0.36260000000000003,0.42360499999999995,9.999000099990002e-05,4.161952757245242e-114,0.799569517997731,1000,398,3,599,10000,10000,0.000999900009999
Amazon-Digital-Music,itemknn,sampled_unseen_negatives_with_target,target_margin,primary,primary,intervention_success,lime,random,0.49579999999999996,0.6,0.476195,0.5147999999999999,9.999000099990002e-05,5.994549144168005e-213,1.6022073554223644,1000,897,39,64,10000,10000,0.000999900009999
Amazon-Digital-Music,itemknn,sampled_unseen_negatives_with_target,target_margin,primary,primary,intervention_success,loo,greedy_cf,0.38,0.0,0.35,0.41,9.999000099990002e-05,2.980539757662045e-108,0.7695337978346709,1000,384,4,612,10000,10000,0.000999900009999
Amazon-Digital-Music,itemknn,sampled_unseen_negatives_with_target,target_margin,primary,primary,intervention_success,loo,random,0.4824,0.6,0.4616,0.5026,9.999000099990002e-05,3.572140899066679e-192,1.4515859694353224,1000,883,56,61,10000,10000,0.000999900009999
Amazon-Digital-Music,itemknn,sampled_unseen_negatives_with_target,target_margin,primary,primary,intervention_success,greedy_cf,random,0.1024,0.19999999999999996,0.071,0.134,9.999000099990002e-05,8.576897370124131e-05,0.19823936741678802,1000,512,393,95,10000,10000,0.000999900009999
Amazon-Digital-Music,itemknn,sampled_unseen_negatives_with_target,target_margin,primary,primary,abstention,shapley_mc,lime,-0.06,0.0,-0.0758,-0.0448,9.999000099990002e-05,4.620814601991648e-16,-0.2422560413202027,1000,4,68,928,10000,10000,0.000999900009999
Amazon-Digital-Music,itemknn,sampled_unseen_negatives_with_target,target_margin,primary,primary,abstention,shapley_mc,loo,-0.07579999999999999,0.0,-0.093,-0.0588,9.999000099990002e-05,3.9973254947441296e-19,-0.2742873209458301,1000,4,79,917,10000,10000,0.000999900009999
Amazon-Digital-Music,itemknn,sampled_unseen_negatives_with_target,target_margin,primary,primary,abstention,shapley_mc,greedy_cf,0.0032,0.0,0.0002,0.0072,0.12018798120187982,0.125,0.058107020707598725,1000,4,0,996,10000,10000,0.12018798120187982
Amazon-Digital-Music,itemknn,sampled_unseen_negatives_with_target,target_margin,primary,primary,abstention,shapley_mc,random,-0.0374,0.0,-0.0464,-0.028399999999999998,9.999000099990002e-05,5.885112181577998e-45,-0.2581938307276137,1000,11,196,793,10000,10000,0.000999900009999
Amazon-Digital-Music,itemknn,sampled_unseen_negatives_with_target,target_margin,primary,primary,abstention,lime,loo,-0.015799999999999998,0.0,-0.025199999999999997,-0.007,0.0004999500049995,0.002493917942047119,-0.10698124024494744,1000,5,21,974,10000,10000,0.0014998500149985001
Amazon-Digital-Music,itemknn,sampled_unseen_negatives_with_target,target_margin,primary,primary,abstention,lime,greedy_cf,0.0632,0.0,0.048600000000000004,0.0788,9.999000099990002e-05,6.776263578034403e-21,0.26264192733989294,1000,68,0,932,10000,10000,0.000999900009999
Amazon-Digital-Music,itemknn,sampled_unseen_negatives_with_target,target_margin,primary,primary,abstention,lime,random,0.022600000000000002,0.0,0.006199999999999999,0.0392,0.008399160083991601,5.570026533787778e-11,0.08403777428660543,1000,75,179,746,10000,10000,0.016798320167983202
Amazon-Digital-Music,itemknn,sampled_unseen_negatives_with_target,target_margin,primary,primary,abstention,loo,greedy_cf,0.079,0.0,0.063,0.096,9.999000099990002e-05,3.308722450212111e-24,0.292729489026863,1000,79,0,921,10000,10000,0.000999900009999
Amazon-Digital-Music,itemknn,sampled_unseen_negatives_with_target,target_margin,primary,primary,abstention,loo,random,0.0384,0.0,0.020200000000000003,0.056799999999999996,9.999000099990002e-05,1.542187249287093e-08,0.12964306967657993,1000,86,178,736,10000,10000,0.000999900009999
Amazon-Digital-Music,itemknn,sampled_unseen_negatives_with_target,target_margin,primary,primary,abstention,greedy_cf,random,-0.0406,0.0,-0.04880500000000001,-0.0322,9.999000099990002e-05,1.0970559624440463e-49,-0.2985767935228578,1000,7,198,795,10000,10000,0.000999900009999
Amazon-Digital-Music,itemknn,sampled_unseen_negatives_with_target,target_margin,primary,primary,joint_regret_primary,shapley_mc,lime,8.676606689716383e-06,0.0,-1.3951558616586848e-05,3.352349399417228e-05,0.4834516548345166,0.017437094233796045,0.022471533491329135,1000,296,240,464,10000,10000,0.9669033096690332
Amazon-Digital-Music,itemknn,sampled_unseen_negatives_with_target,target_margin,primary,primary,joint_regret_primary,shapley_mc,loo,-5.167113930433863e-06,0.0,-2.881425622370368e-05,2.1164645478445378e-05,0.6954304569543046,0.16008689631616602,-0.012968175565100664,1000,293,259,448,10000,10000,0.9669033096690332
Amazon-Digital-Music,itemknn,sampled_unseen_negatives_with_target,target_margin,primary,primary,joint_regret_primary,shapley_mc,greedy_cf,-0.0008290715611488713,-0.0005724851414954047,-0.0008995766826451851,-0.0007617253218845684,9.999000099990002e-05,5.624951420160308e-178,-0.7502138459667524,1000,38,769,193,10000,10000,0.000999900009999
Amazon-Digital-Music,itemknn,sampled_unseen_negatives_with_target,target_margin,primary,primary,joint_regret_primary,shapley_mc,random,-0.0015900247347311965,-0.0009697760652821741,-0.0017283853554057292,-0.0014628656698102236,9.999000099990002e-05,5.490036869149084e-280,-0.7324015127341615,1000,8,985,7,10000,10000,0.000999900009999
Amazon-Digital-Music,itemknn,sampled_unseen_negatives_with_target,target_margin,primary,primary,joint_regret_primary,lime,loo,-1.3843720620150243e-05,0.0,-1.9874596351480164e-05,-8.197767199382687e-06,9.999000099990002e-05,0.035028154191207354,-0.14672245155806304,1000,74,103,823,10000,10000,0.000999900009999
Amazon-Digital-Music,itemknn,sampled_unseen_negatives_with_target,target_margin,primary,primary,joint_regret_primary,lime,greedy_cf,-0.0008377481678385876,-0.0006182838421284753,-0.0009012785257987167,-0.0007747906888243565,9.999000099990002e-05,1.4427084304522566e-160,-0.8149313967840037,1000,63,789,148,10000,10000,0.000999900009999
Amazon-Digital-Music,itemknn,sampled_unseen_negatives_with_target,target_margin,primary,primary,joint_regret_primary,lime,random,-0.0015987013414209125,-0.0009248362885575567,-0.0017391174662719053,-0.0014629966732750336,9.999000099990002e-05,4.341650998085847e-272,-0.7174185511790061,1000,12,981,7,10000,10000,0.000999900009999
Amazon-Digital-Music,itemknn,sampled_unseen_negatives_with_target,target_margin,primary,primary,joint_regret_primary,loo,greedy_cf,-0.0008239044472184374,-0.0006022999582488975,-0.0008886019955220937,-0.0007619552614057092,9.999000099990002e-05,3.995726312393143e-158,-0.800752413239964,1000,65,786,149,10000,10000,0.000999900009999
Amazon-Digital-Music,itemknn,sampled_unseen_negatives_with_target,target_margin,primary,primary,joint_regret_primary,loo,random,-0.0015848576208007622,-0.0009151174563091835,-0.0017303052370116424,-0.0014533217240917508,9.999000099990002e-05,1.5015314611356465e-266,-0.709555648279833,1000,15,978,7,10000,10000,0.000999900009999
Amazon-Digital-Music,itemknn,sampled_unseen_negatives_with_target,target_margin,primary,primary,joint_regret_primary,greedy_cf,random,-0.000760953173582325,-0.00011363210870117275,-0.0009108154695273398,-0.0006204617080167404,9.999000099990002e-05,0.0002286620751313188,-0.32855607676979026,1000,438,555,7,10000,10000,0.000999900009999
Amazon-Digital-Music,itemknn,sampled_unseen_negatives_with_target,target_margin,primary,primary,normalized_regret_primary,shapley_mc,lime,0.010782189258240617,0.0,-0.014586179467544074,0.037918614103792984,0.4306569343065693,0.03320395028038044,0.025339422422026307,987,290,240,457,10000,10000,0.8613138686131386
Amazon-Digital-Music,itemknn,sampled_unseen_negatives_with_target,target_margin,primary,primary,normalized_regret_primary,shapley_mc,loo,-0.007768298759569874,0.0,-0.03483623212522567,0.021604456191537693,0.5909409059094091,0.24786441716352145,-0.017394844100557645,987,287,259,441,10000,10000,0.8613138686131386
Amazon-Digital-Music,itemknn,sampled_unseen_negatives_with_target,target_margin,primary,primary,normalized_regret_primary,shapley_mc,greedy_cf,-0.9901132594802461,-0.7974163296704581,-1.1533030421458077,-0.8781109146895328,9.999000099990002e-05,1.3379996488510759e-177,-0.44052006189053305,987,37,764,186,10000,10000,0.000999900009999
Amazon-Digital-Music,itemknn,sampled_unseen_negatives_with_target,target_margin,primary,primary,normalized_regret_primary,shapley_mc,random,-1.0510039665874409,-1.0023193364732865,-1.1137353988038412,-1.004177041580329,9.999000099990002e-05,2.729354715044035e-280,-1.1842000486387516,987,7,980,0,10000,10000,0.000999900009999
Amazon-Digital-Music,itemknn,sampled_unseen_negatives_with_target,target_margin,primary,primary,normalized_regret_primary,lime,loo,-0.01855048801781049,0.0,-0.027535702837269516,-0.01009431313149375,9.999000099990002e-05,0.035028154191207354,-0.13547587418615697,987,74,103,810,10000,10000,0.000999900009999
Amazon-Digital-Music,itemknn,sampled_unseen_negatives_with_target,target_margin,primary,primary,normalized_regret_primary,lime,greedy_cf,-1.0008954487384865,-0.7913477024315547,-1.167082763045726,-0.8848539563525752,9.999000099990002e-05,5.819114290660322e-159,-0.4296933915405994,987,63,783,141,10000,10000,0.000999900009999
Amazon-Digital-Music,itemknn,sampled_unseen_negatives_with_target,target_margin,primary,primary,normalized_regret_primary,lime,random,-1.0617861558456814,-1.013553419717545,-1.1297361830173294,-1.01094200511932,9.999000099990002e-05,2.582889633285405e-270,-1.077237359090799,987,12,975,0,10000,10000,0.000999900009999
Amazon-Digital-Music,itemknn,sampled_unseen_negatives_with_target,target_margin,primary,primary,normalized_regret_primary,loo,greedy_cf,-0.9823449607206762,-0.7718928486705564,-1.1527530314635568,-0.8665478317728071,9.999000099990002e-05,1.586343316204125e-156,-0.4218105515237265,987,65,780,142,10000,10000,0.000999900009999
Amazon-Digital-Music,itemknn,sampled_unseen_negatives_with_target,target_margin,primary,primary,normalized_regret_primary,loo,random,-1.043235667827871,-0.9890359785111209,-1.1144170369484399,-0.9907076513670702,9.999000099990002e-05,8.769859526084661e-265,-1.0530876851591553,987,15,972,0,10000,10000,0.000999900009999
Amazon-Digital-Music,itemknn,sampled_unseen_negatives_with_target,target_margin,primary,primary,normalized_regret_primary,greedy_cf,random,-0.06089070710719483,-0.1598813881838661,-0.1428598326383719,0.04395855760008898,0.23647635236476353,0.00010109659038113174,-0.03922215397482875,987,432,555,0,10000,10000,0.7094290570942906
Amazon-Digital-Music,itemknn,sampled_unseen_negatives_with_target,target_margin,primary,primary,joint_regret_ndcg,shapley_mc,lime,-0.0001304761330027554,0.0,-0.00220616248865581,0.001949879335147433,0.9023097690230977,0.651587827208914,-0.0038878019557811345,1000,24,20,956,10000,10000,0.9023097690230977
Amazon-Digital-Music,itemknn,sampled_unseen_negatives_with_target,target_margin,primary,primary,joint_regret_ndcg,shapley_mc,loo,-0.001940189865473205,0.0,-0.004548752954937626,0.0005175479989801186,0.13588641135886412,0.4613911821367651,-0.047379275928534435,1000,20,26,954,10000,10000,0.27177282271772824
Amazon-Digital-Music,itemknn,sampled_unseen_negatives_with_target,target_margin,primary,primary,joint_regret_ndcg,shapley_mc,greedy_cf,-0.02311691333053164,0.0,-0.028928935199836685,-0.01762046730469771,9.999000099990002e-05,9.11799030781427e-24,-0.25396179028764176,1000,10,115,875,10000,10000,0.000999900009999
Amazon-Digital-Music,itemknn,sampled_unseen_negatives_with_target,target_margin,primary,primary,joint_regret_ndcg,shapley_mc,random,-0.0371407422086789,0.0,-0.04306119684007931,-0.031588653076948435,9.999000099990002e-05,3.7421038230349596e-55,-0.3982375528779224,1000,9,225,766,10000,10000,0.000999900009999
Amazon-Digital-Music,itemknn,sampled_unseen_negatives_with_target,target_margin,primary,primary,joint_regret_ndcg,lime,loo,-0.0018097137324704494,0.0,-0.003281787990173269,-0.0005826290364565381,0.004899510048995101,0.0241195447742939,-0.08180468290877249,1000,8,21,971,10000,10000,0.014698530146985302
Amazon-Digital-Music,itemknn,sampled_unseen_negatives_with_target,target_margin,primary,primary,joint_regret_ndcg,lime,greedy_cf,-0.02298643719752888,0.0,-0.02867651168126046,-0.017469738826848887,9.999000099990002e-05,4.31422564584497e-22,-0.25325161584811773,1000,13,117,870,10000,10000,0.000999900009999
Amazon-Digital-Music,itemknn,sampled_unseen_negatives_with_target,target_margin,primary,primary,joint_regret_ndcg,lime,random,-0.03701026607567614,0.0,-0.04289113368673458,-0.03134505709866308,9.999000099990002e-05,1.4831807274485281e-56,-0.3999950793026399,1000,8,226,766,10000,10000,0.000999900009999
Amazon-Digital-Music,itemknn,sampled_unseen_negatives_with_target,target_margin,primary,primary,joint_regret_ndcg,loo,greedy_cf,-0.021176723465058434,0.0,-0.026884727026765476,-0.01587878750534764,9.999000099990002e-05,8.124346519772117e-21,-0.23676721534719217,1000,13,112,875,10000,10000,0.000999900009999
Amazon-Digital-Music,itemknn,sampled_unseen_negatives_with_target,target_margin,primary,primary,joint_regret_ndcg,loo,random,-0.0352005523432057,0.0,-0.04108049569493071,-0.029587261564890763,9.999000099990002e-05,1.1643116976534045e-50,-0.3838104205691158,1000,12,220,768,10000,10000,0.000999900009999
Amazon-Digital-Music,itemknn,sampled_unseen_negatives_with_target,target_margin,primary,primary,joint_regret_ndcg,greedy_cf,random,-0.014023828878147267,0.0,-0.01855463436505862,-0.0097353389095018,9.999000099990002e-05,5.781461057657228e-10,-0.19758139983262576,1000,65,157,778,10000,10000,0.000999900009999
Amazon-Digital-Music,itemknn,sampled_unseen_negatives_with_target,target_margin,primary,primary,normalized_regret_ndcg,shapley_mc,lime,0.008616439890322649,0.0,-0.025961455474224092,0.04311770542949584,0.6304369563043696,0.7607916425613439,0.034804245512548466,196,23,20,153,10000,10000,0.6304369563043696
Amazon-Digital-Music,itemknn,sampled_unseen_negatives_with_target,target_margin,primary,primary,normalized_regret_ndcg,shapley_mc,loo,-0.026369005511580834,0.0,-0.06891812045151183,0.015357522086588152,0.22947705229477053,0.3712980344710104,-0.08613125159496586,196,19,26,151,10000,10000,0.45895410458954106
Amazon-Digital-Music,itemknn,sampled_unseen_negatives_with_target,target_margin,primary,primary,normalized_regret_ndcg,shapley_mc,greedy_cf,-0.5775566653486435,-0.38731628923126016,-0.7594834875561314,-0.4286376404580097,9.999000099990002e-05,1.917329051435738e-22,-0.48977389751080475,196,10,110,76,10000,10000,0.000999900009999
Amazon-Digital-Music,itemknn,sampled_unseen_negatives_with_target,target_margin,primary,primary,normalized_regret_ndcg,shapley_mc,random,-0.9910341138987397,-0.8,-1.1594736160302626,-0.8404467413269762,9.999000099990002e-05,7.796807359600508e-45,-0.8664108257790291,196,7,181,8,10000,10000,0.000999900009999
Amazon-Digital-Music,itemknn,sampled_unseen_negatives_with_target,target_margin,primary,primary,normalized_regret_ndcg,lime,loo,-0.03498544540190348,0.0,-0.06275897281053171,-0.010469300160929937,0.008899110088991101,0.0241195447742939,-0.1853134404717136,196,8,21,167,10000,10000,0.026697330266973303
Amazon-Digital-Music,itemknn,sampled_unseen_negatives_with_target,target_margin,primary,primary,normalized_regret_ndcg,lime,greedy_cf,-0.586173105238966,-0.4342379968815546,-0.7598441451808129,-0.4379459907466982,9.999000099990002e-05,1.4575322761455106e-20,-0.5009678581791976,196,13,111,72,10000,10000,0.000999900009999
Amazon-Digital-Music,itemknn,sampled_unseen_negatives_with_target,target_margin,primary,primary,normalized_regret_ndcg,lime,random,-0.9996505537890623,-0.8,-1.1707274884464507,-0.8503315193530062,9.999000099990002e-05,7.796807359600508e-45,-0.86326664658339,196,7,181,8,10000,10000,0.000999900009999
Amazon-Digital-Music,itemknn,sampled_unseen_negatives_with_target,target_margin,primary,primary,normalized_regret_ndcg,loo,greedy_cf,-0.5511876598370625,-0.3461789548685478,-0.7267668835541742,-0.4013587176374207,9.999000099990002e-05,2.67096484889128e-19,-0.46778318853360573,196,13,106,77,10000,10000,0.000999900009999
Amazon-Digital-Music,itemknn,sampled_unseen_negatives_with_target,target_margin,primary,primary,normalized_regret_ndcg,loo,random,-0.9646651083871589,-0.8,-1.1437585861390294,-0.8120302278173909,9.999000099990002e-05,3.714292306429738e-39,-0.8142402087941074,196,11,175,10,10000,10000,0.000999900009999
Amazon-Digital-Music,itemknn,sampled_unseen_negatives_with_target,target_margin,primary,primary,normalized_regret_ndcg,greedy_cf,random,-0.4134774485500964,-0.2670706905954169,-0.6028815790615626,-0.23654819890461268,9.999000099990002e-05,7.171360612650749e-06,-0.3143394169903173,196,58,118,20,10000,10000,0.000999900009999
Amazon-Digital-Music,itemknn,sampled_unseen_negatives_with_target,target_margin,primary,primary,intervention_success_ndcg,shapley_mc,lime,-0.0010000000000000002,0.0,-0.007199999999999999,0.005399999999999999,0.7151284871512849,0.359283447265625,-0.009897008613120694,1000,7,12,981,10000,10000,0.9045095490450955
Amazon-Digital-Music,itemknn,sampled_unseen_negatives_with_target,target_margin,primary,primary,intervention_success_ndcg,shapley_mc,loo,0.0032,0.0,-0.0046,0.0112,0.45225477452254775,1.0,0.025105950810884212,1000,11,11,978,10000,10000,0.9045095490450955
Amazon-Digital-Music,itemknn,sampled_unseen_negatives_with_target,target_margin,primary,primary,intervention_success_ndcg,shapley_mc,greedy_cf,0.0802,0.0,0.062200000000000005,0.099,9.999000099990002e-05,3.3220489794536525e-18,0.268383188611554,1000,91,9,900,10000,10000,0.000999900009999
Amazon-Digital-Music,itemknn,sampled_unseen_negatives_with_target,target_margin,primary,primary,intervention_success_ndcg,shapley_mc,random,0.1042,0.0,0.088,0.12060000000000001,9.999000099990002e-05,2.331225321244475e-36,0.39688027216880456,1000,168,12,820,10000,10000,0.000999900009999
Amazon-Digital-Music,itemknn,sampled_unseen_negatives_with_target,target_margin,primary,primary,intervention_success_ndcg,lime,loo,0.004200000000000001,0.0,0.00020000000000000006,0.0092,0.0751924807519248,0.7744140625,0.057219711448377376,1000,7,5,988,10000,10000,0.22557744225577442
Amazon-Digital-Music,itemknn,sampled_unseen_negatives_with_target,target_margin,primary,primary,intervention_success_ndcg,lime,greedy_cf,0.0812,0.0,0.06280000000000001,0.10000499999999993,9.999000099990002e-05,9.39946402002789e-18,0.26844176823221977,1000,92,10,898,10000,10000,0.000999900009999
Amazon-Digital-Music,itemknn,sampled_unseen_negatives_with_target,target_margin,primary,primary,intervention_success_ndcg,lime,random,0.1052,0.0,0.08880000000000002,0.12240000000000001,9.999000099990002e-05,4.7288089801337954e-36,0.39413134004845013,1000,170,13,817,10000,10000,0.000999900009999
Amazon-Digital-Music,itemknn,sampled_unseen_negatives_with_target,target_margin,primary,primary,intervention_success_ndcg,loo,greedy_cf,0.077,0.0,0.059,0.096,9.999000099990002e-05,1.7877527700122911e-16,0.2550253877830105,1000,87,10,903,10000,10000,0.000999900009999
Amazon-Digital-Music,itemknn,sampled_unseen_negatives_with_target,target_margin,primary,primary,intervention_success_ndcg,loo,random,0.101,0.0,0.08480000000000001,0.118,9.999000099990002e-05,2.2605436756083794e-31,0.37663786447834835,1000,164,17,819,10000,10000,0.000999900009999
Amazon-Digital-Music,itemknn,sampled_unseen_negatives_with_target,target_margin,primary,primary,intervention_success_ndcg,greedy_cf,random,0.024,0.0,0.0106,0.0376,0.0008999100089991,0.232634989004076,0.10941680530714576,1000,87,71,842,10000,10000,0.0035996400359964
Amazon-Digital-Music,profile,full_unseen_catalogue,target_margin,full_catalogue,full_catalogue,aia,shapley_mc,lime,-0.7079813353828833,-0.6799999999999999,-0.7573609683500194,-0.6583050669536862,9.999000099990002e-05,3.468395834683434e-71,-1.7463591036606327,250,2,248,0,10000,10000,0.000999900009999
Amazon-Digital-Music,profile,full_unseen_catalogue,target_margin,full_catalogue,full_catalogue,aia,shapley_mc,loo,-0.7414732426087844,-0.7,-0.7871686214059418,-0.6947367114670676,9.999000099990002e-05,3.468395834683434e-71,-1.9581264740806252,250,2,248,0,10000,10000,0.000999900009999
Amazon-Digital-Music,profile,full_unseen_catalogue,target_margin,full_catalogue,full_catalogue,aia,shapley_mc,greedy_cf,-0.5778168302079757,-0.5,-0.6340364080140705,-0.521500919123704,9.999000099990002e-05,1.628212656213817e-37,-1.2655115667388541,250,29,220,1,10000,10000,0.000999900009999
Amazon-Digital-Music,profile,full_unseen_catalogue,target_margin,full_catalogue,full_catalogue,aia,shapley_mc,random,-0.02396311269741611,0.0,-0.08261654667881137,0.033706263050159335,0.42205779422057793,0.6514690904071154,-0.05075355413223707,250,116,124,10,10000,10000,0.42205779422057793
Amazon-Digital-Music,profile,full_unseen_catalogue,target_margin,full_catalogue,full_catalogue,aia,lime,loo,-0.03349190722590103,0.0,-0.041568688031266975,-0.02520382509595668,9.999000099990002e-05,8.804233365725882e-14,-0.50893598980112,250,32,123,95,10000,10000,0.000999900009999
Amazon-Digital-Music,profile,full_unseen_catalogue,target_margin,full_catalogue,full_catalogue,aia,lime,greedy_cf,0.13016450517490766,0.11999999999999988,0.11064536916489084,0.14923488013534453,9.999000099990002e-05,4.075539373569252e-24,0.8267977441744222,250,190,41,19,10000,10000,0.000999900009999
Amazon-Digital-Music,profile,full_unseen_catalogue,target_margin,full_catalogue,full_catalogue,aia,lime,random,0.6840182226854673,0.7,0.6486662872540255,0.7178781051492368,9.999000099990002e-05,2.2212448820477072e-68,2.4308759188699627,250,244,3,3,10000,10000,0.000999900009999
Amazon-Digital-Music,profile,full_unseen_catalogue,target_margin,full_catalogue,full_catalogue,aia,loo,greedy_cf,0.16365641240080867,0.16000000000000003,0.14173928178684062,0.18482032970795975,9.999000099990002e-05,1.3091201916966304e-32,0.9463992783084084,250,200,29,21,10000,10000,0.000999900009999
Amazon-Digital-Music,profile,full_unseen_catalogue,target_margin,full_catalogue,full_catalogue,aia,loo,random,0.7175101299113683,0.76,0.6811830726595386,0.7534442749747673,9.999000099990002e-05,6.914307364461858e-67,2.450662375971956,250,244,4,2,10000,10000,0.000999900009999
Amazon-Digital-Music,profile,full_unseen_catalogue,target_margin,full_catalogue,full_catalogue,aia,greedy_cf,random,0.5538537175105596,0.5599999999999998,0.5157938666818218,0.5908072380797736,9.999000099990002e-05,3.5132318801761075e-61,1.8168296692501429,250,238,7,5,10000,10000,0.000999900009999
Amazon-Digital-Music,profile,full_unseen_catalogue,target_margin,full_catalogue,full_catalogue,aia_ndcg,shapley_mc,lime,-0.05584817445299173,-0.31622776601683794,-0.6113546942089483,0.5854177029122825,0.9844015598440156,1.0,-0.05896580293652838,8,3,4,1,10000,10000,1.0
Amazon-Digital-Music,profile,full_unseen_catalogue,target_margin,full_catalogue,full_catalogue,aia_ndcg,shapley_mc,loo,-0.053304706497521864,-0.31622776601683794,-0.6072604668855317,0.5845171719055946,1.0,1.0,-0.05624675191793682,8,3,4,1,10000,10000,1.0
Amazon-Digital-Music,profile,full_unseen_catalogue,target_margin,full_catalogue,full_catalogue,aia_ndcg,shapley_mc,greedy_cf,-0.06909998559350647,-0.31622776601683794,-0.6120696433964288,0.5787152868071744,0.92010798920108,1.0,-0.07444090139647533,8,3,4,1,10000,10000,1.0
Amazon-Digital-Music,profile,full_unseen_catalogue,target_margin,full_catalogue,full_catalogue,aia_ndcg,shapley_mc,random,0.504613798812445,0.6194170895731218,-0.012207061498494737,0.9964346591233846,0.1267873212678732,0.125,0.6577082288254574,8,6,1,1,10000,10000,1.0
Amazon-Digital-Music,profile,full_unseen_catalogue,target_margin,full_catalogue,full_catalogue,aia_ndcg,lime,loo,0.0025434679554698705,0.0,0.0,0.007630403866409612,1.0,1.0,0.3535533905932738,8,1,0,7,10000,10000,1.0
Amazon-Digital-Music,profile,full_unseen_catalogue,target_margin,full_catalogue,full_catalogue,aia_ndcg,lime,greedy_cf,-0.013251811140514727,0.0,-0.31814650973494285,0.2651650429449553,1.0,1.0,-0.031342037799758395,8,2,1,5,10000,10000,1.0
Amazon-Digital-Music,profile,full_unseen_catalogue,target_margin,full_catalogue,full_catalogue,aia_ndcg,lime,random,0.5604619732654367,0.5709704037969057,0.0024492713732173488,1.111411292421686,0.12958704129587043,0.21875,0.6477232648013413,8,5,1,2,10000,10000,1.0
Amazon-Digital-Music,profile,full_unseen_catalogue,target_margin,full_catalogue,full_catalogue,aia_ndcg,loo,greedy_cf,-0.015795279095984605,0.0,-0.32068997769041274,0.2651650429449553,1.0,1.0,-0.03739245501107402,8,2,1,5,10000,10000,1.0
Amazon-Digital-Music,profile,full_unseen_catalogue,target_margin,full_catalogue,full_catalogue,aia_ndcg,loo,random,0.5579185053099669,0.5607965319750261,-0.027614435904706247,1.1007320742084297,0.1312868713128687,0.21875,0.6440504433705173,8,5,1,2,10000,10000,1.0
Amazon-Digital-Music,profile,full_unseen_catalogue,target_margin,full_catalogue,full_catalogue,aia_ndcg,greedy_cf,random,0.5737137844059514,0.6115056351677995,-0.10428831233708565,1.2368616584734344,0.1474852514748525,0.453125,0.5419588696974279,8,5,2,1,10000,10000,1.0
Amazon-Digital-Music,profile,full_unseen_catalogue,target_margin,full_catalogue,full_catalogue,faithfulness_alignment,shapley_mc,lime,-1.2756598069216645,-1.3399999999999999,-1.3312625681274348,-1.2173486727488196,9.999000099990002e-05,1.105429575052089e-75,-2.802423678611036,250,0,250,0,10000,10000,0.000999900009999
Amazon-Digital-Music,profile,full_unseen_catalogue,target_margin,full_catalogue,full_catalogue,faithfulness_alignment,shapley_mc,loo,-1.3205235444844112,-1.38,-1.3733072831837925,-1.266118266516765,9.999000099990002e-05,1.105429575052089e-75,-3.0583426361007735,250,0,250,0,10000,10000,0.000999900009999
Amazon-Digital-Music,profile,full_unseen_catalogue,target_margin,full_catalogue,full_catalogue,faithfulness_alignment,shapley_mc,greedy_cf,-1.0354466500269595,-1.1,-1.101425470521223,-0.9688532961708055,9.999000099990002e-05,1.043168521045681e-59,-1.9171596056404063,250,9,241,0,10000,10000,0.000999900009999
Amazon-Digital-Music,profile,full_unseen_catalogue,target_margin,full_catalogue,full_catalogue,faithfulness_alignment,shapley_mc,random,-0.3174840473870814,-0.3290909090909091,-0.37662646931757615,-0.2590713534051088,9.999000099990002e-05,1.234741235074504e-14,-0.6661773577218124,250,64,184,2,10000,10000,0.000999900009999
Amazon-Digital-Music,profile,full_unseen_catalogue,target_margin,full_catalogue,full_catalogue,faithfulness_alignment,lime,loo,-0.044863737562746864,-0.040000000000000036,-0.0501339280688352,-0.03953943383190598,9.999000099990002e-05,6.842277657836021e-49,-1.0416561021919726,250,0,161,89,10000,10000,0.000999900009999
Amazon-Digital-Music,profile,full_unseen_catalogue,target_margin,full_catalogue,full_catalogue,faithfulness_alignment,lime,greedy_cf,0.2402131568947049,0.2346428571428572,0.22335030583451632,0.2575034390846511,9.999000099990002e-05,7.835611058808021e-65,1.7400485056137482,250,232,3,15,10000,10000,0.000999900009999
Amazon-Digital-Music,profile,full_unseen_catalogue,target_margin,full_catalogue,full_catalogue,faithfulness_alignment,lime,random,0.958175759534583,0.9447619047619048,0.9266336605473989,0.9895549499793291,9.999000099990002e-05,1.105429575052089e-75,3.866984660728278,250,250,0,0,10000,10000,0.000999900009999
Amazon-Digital-Music,profile,full_unseen_catalogue,target_margin,full_catalogue,full_catalogue,faithfulness_alignment,loo,greedy_cf,0.2850768944574517,0.28619047619047616,0.2669010225471124,0.3033900055285272,9.999000099990002e-05,4.527839539413356e-72,1.91246114056462,250,238,0,12,10000,10000,0.000999900009999
Amazon-Digital-Music,profile,full_unseen_catalogue,target_margin,full_catalogue,full_catalogue,faithfulness_alignment,loo,random,1.00303949709733,1.0,0.9734176861956414,1.033356461795171,9.999000099990002e-05,1.105429575052089e-75,4.133011054653825,250,250,0,0,10000,10000,0.000999900009999
Amazon-Digital-Music,profile,full_unseen_catalogue,target_margin,full_catalogue,full_catalogue,faithfulness_alignment,greedy_cf,random,0.7179626026398782,0.7,0.6812894596775775,0.7541447332842596,9.999000099990002e-05,3.468395834683434e-71,2.433706631953061,250,248,2,0,10000,10000,0.000999900009999
Amazon-Digital-Music,profile,full_unseen_catalogue,target_margin,full_catalogue,full_catalogue,actionability_gap,shapley_mc,lime,0.567678471538781,0.5200000000000001,0.5293265441771849,0.6076012461604443,9.999000099990002e-05,4.3686576806058554e-72,1.7977179497406295,250,245,1,4,10000,10000,0.000999900009999
Amazon-Digital-Music,profile,full_unseen_catalogue,target_margin,full_catalogue,full_catalogue,actionability_gap,shapley_mc,loo,0.5790503018756269,0.54,0.5392575676341204,0.6201716492702344,9.999000099990002e-05,2.1931722769033444e-72,1.7848960561354745,250,246,1,3,10000,10000,0.000999900009999
Amazon-Digital-Music,profile,full_unseen_catalogue,target_margin,full_catalogue,full_catalogue,actionability_gap,shapley_mc,greedy_cf,0.4576298198189839,0.40121212121212124,0.4199728985823258,0.4973300962082293,9.999000099990002e-05,4.996585460613888e-64,1.4537094736421594,250,239,5,6,10000,10000,0.000999900009999
Amazon-Digital-Music,profile,full_unseen_catalogue,target_margin,full_catalogue,full_catalogue,actionability_gap,shapley_mc,random,0.2935209346896653,0.26333333333333336,0.2623025801319424,0.32480766981676734,9.999000099990002e-05,3.3284271530988303e-46,1.1705805021147813,250,217,16,17,10000,10000,0.000999900009999
Amazon-Digital-Music,profile,full_unseen_catalogue,target_margin,full_catalogue,full_catalogue,actionability_gap,lime,loo,0.011371830336845832,0.0,0.004144246260962992,0.01906874925281119,0.0030996900309969004,0.7465275303369366,0.1899583856187528,250,74,79,97,10000,10000,0.0030996900309969004
Amazon-Digital-Music,profile,full_unseen_catalogue,target_margin,full_catalogue,full_catalogue,actionability_gap,lime,greedy_cf,-0.11004865171979723,-0.09999999999999999,-0.12906920820665402,-0.09138284629354135,9.999000099990002e-05,9.530026403347771e-26,-0.7329733802582786,250,32,178,40,10000,10000,0.000999900009999
Amazon-Digital-Music,profile,full_unseen_catalogue,target_margin,full_catalogue,full_catalogue,actionability_gap,lime,random,-0.2741575368491158,-0.2112937062937063,-0.305198982703571,-0.24389736517765,9.999000099990002e-05,6.4875465337692845e-49,-1.0962780974490751,250,16,227,7,10000,10000,0.000999900009999
Amazon-Digital-Music,profile,full_unseen_catalogue,target_margin,full_catalogue,full_catalogue,actionability_gap,loo,greedy_cf,-0.12142048205664306,-0.10000000000000014,-0.1407629658721052,-0.10329289444868861,9.999000099990002e-05,6.953017068842084e-34,-0.8096045237734961,250,23,190,37,10000,10000,0.000999900009999
Amazon-Digital-Music,profile,full_unseen_catalogue,target_margin,full_catalogue,full_catalogue,actionability_gap,loo,random,-0.2855293671859616,-0.22857142857142848,-0.319045481874163,-0.2541481992599764,9.999000099990002e-05,2.6310795187709646e-53,-1.0866281512573697,250,13,233,4,10000,10000,0.000999900009999
Amazon-Digital-Music,profile,full_unseen_catalogue,target_margin,full_catalogue,full_catalogue,actionability_gap,greedy_cf,random,-0.1641088851293186,-0.1,-0.19865977972440357,-0.13071749796179052,9.999000099990002e-05,8.163132608364069e-15,-0.5955415340275434,250,61,180,9,10000,10000,0.000999900009999
Amazon-Digital-Music,profile,full_unseen_catalogue,target_margin,full_catalogue,full_catalogue,signed_alignment,shapley_mc,lime,-0.06400905503165563,-0.05999999999999994,-0.07475078782620886,-0.05346804840206233,9.999000099990002e-05,1.2607947609293116e-35,-0.7462245397436377,250,19,186,45,10000,10000,0.000999900009999
Amazon-Digital-Music,profile,full_unseen_catalogue,target_margin,full_catalogue,full_catalogue,signed_alignment,shapley_mc,loo,-0.06891296361017724,-0.07247899159663862,-0.08011765023108985,-0.058192884567444945,9.999000099990002e-05,8.117181744742196e-34,-0.7799465454923464,250,19,179,52,10000,10000,0.000999900009999
Amazon-Digital-Music,profile,full_unseen_catalogue,target_margin,full_catalogue,full_catalogue,signed_alignment,shapley_mc,greedy_cf,0.9233704396944644,0.9085714285714286,0.8791184708006132,0.9684542338667524,9.999000099990002e-05,1.105429575052089e-75,2.6086911623715494,250,250,0,0,10000,10000,0.000999900009999
Amazon-Digital-Music,profile,full_unseen_catalogue,target_margin,full_catalogue,full_catalogue,signed_alignment,shapley_mc,random,0.8905113785698305,0.8999999999999999,0.857138165894477,0.9237388950090157,9.999000099990002e-05,1.105429575052089e-75,3.338660149534269,250,250,0,0,10000,10000,0.000999900009999
Amazon-Digital-Music,profile,full_unseen_catalogue,target_margin,full_catalogue,full_catalogue,signed_alignment,lime,loo,-0.004903908578521588,0.0,-0.007632069844500192,-0.0020838683112553106,0.0005999400059994001,8.369029836303405e-10,-0.21811284592927382,250,25,90,135,10000,10000,0.0011998800119988001
Amazon-Digital-Music,profile,full_unseen_catalogue,target_margin,full_catalogue,full_catalogue,signed_alignment,lime,greedy_cf,0.9873794947261201,0.9942857142857144,0.9463000822887123,1.0276104443126532,9.999000099990002e-05,1.105429575052089e-75,2.9627700137164834,250,250,0,0,10000,10000,0.000999900009999
Amazon-Digital-Music,profile,full_unseen_catalogue,target_margin,full_catalogue,full_catalogue,signed_alignment,lime,random,0.9545204336014862,0.9708683473389357,0.922324071018249,0.9860320498758208,9.999000099990002e-05,2.210859150104178e-75,3.6442167334660303,250,249,0,1,10000,10000,0.000999900009999
Amazon-Digital-Music,profile,full_unseen_catalogue,target_margin,full_catalogue,full_catalogue,signed_alignment,loo,greedy_cf,0.9922834033046416,0.9999999999999998,0.9521299889212954,1.032792673581836,9.999000099990002e-05,1.105429575052089e-75,3.0436877929643456,250,250,0,0,10000,10000,0.000999900009999
Amazon-Digital-Music,profile,full_unseen_catalogue,target_margin,full_catalogue,full_catalogue,signed_alignment,loo,random,0.9594243421800078,0.9664661654135338,0.9269347936645397,0.9910431414287465,9.999000099990002e-05,2.210859150104178e-75,3.665448983038515,250,249,0,1,10000,10000,0.000999900009999
Amazon-Digital-Music,profile,full_unseen_catalogue,target_margin,full_catalogue,full_catalogue,signed_alignment,greedy_cf,random,-0.03285906112463388,0.036969696969696965,-0.085127407384669,0.01743236443742013,0.21777822217778223,0.48138284954551014,-0.07842656457059152,250,128,116,6,10000,10000,0.21777822217778223
Amazon-Digital-Music,profile,full_unseen_catalogue,target_margin,full_catalogue,full_catalogue,signed_alignment_ndcg,shapley_mc,lime,0.1330794085345094,0.0,-0.003052161546563875,0.351111840253901,0.49425057494250574,1.0,0.435744989974694,8,2,1,5,10000,10000,0.9885011498850115
Amazon-Digital-Music,profile,full_unseen_catalogue,target_margin,full_catalogue,full_catalogue,signed_alignment_ndcg,shapley_mc,loo,0.13602983136285446,0.0,0.0014243420550631158,0.3525361823089641,0.2508749125087491,0.25,0.44759478928936297,8,3,0,5,10000,10000,0.7526247375262474
Amazon-Digital-Music,profile,full_unseen_catalogue,target_margin,full_catalogue,full_catalogue,signed_alignment_ndcg,shapley_mc,greedy_cf,0.9645253909135548,1.0330127018922193,0.5465022306567374,1.373999994328222,0.0143985601439856,0.015625,1.5002457883576006,8,7,0,1,10000,10000,0.143985601439856
Amazon-Digital-Music,profile,full_unseen_catalogue,target_margin,full_catalogue,full_catalogue,signed_alignment_ndcg,shapley_mc,random,0.5105252658776089,0.3430629578337775,0.10825317547305484,0.9495190528383289,0.1274872512748725,0.125,0.8107398703943564,8,4,0,4,10000,10000,0.7379262073792621
Amazon-Digital-Music,profile,full_unseen_catalogue,target_margin,full_catalogue,full_catalogue,signed_alignment_ndcg,lime,loo,0.0029504228283450534,0.0,0.0,0.00885126848503516,1.0,1.0,0.35355339059327373,8,1,0,7,10000,10000,1.0
Amazon-Digital-Music,profile,full_unseen_catalogue,target_margin,full_catalogue,full_catalogue,signed_alignment_ndcg,lime,greedy_cf,0.8314459823790454,0.8660254037844387,0.473200771933589,1.174563668254758,0.015798420157984203,0.015625,1.5282692475842148,8,7,0,1,10000,10000,0.143985601439856
Amazon-Digital-Music,profile,full_unseen_catalogue,target_margin,full_catalogue,full_catalogue,signed_alignment_ndcg,lime,random,0.3774458573430995,0.34916728092690524,0.07364768616526349,0.6910899914095623,0.12298770122987701,0.375,0.8067122646557358,8,4,1,3,10000,10000,0.7379262073792621
Amazon-Digital-Music,profile,full_unseen_catalogue,target_margin,full_catalogue,full_catalogue,signed_alignment_ndcg,loo,greedy_cf,0.8284955595507003,0.8660254037844387,0.4802276394309081,1.1879480604116073,0.0164983501649835,0.015625,1.512278985724693,8,7,0,1,10000,10000,0.143985601439856
Amazon-Digital-Music,profile,full_unseen_catalogue,target_margin,full_catalogue,full_catalogue,signed_alignment_ndcg,loo,random,0.3744954345147544,0.33736558961352503,0.07364768616526349,0.683636178022689,0.12708729127087293,0.375,0.8042628474565026,8,4,1,3,10000,10000,0.7379262073792621
Amazon-Digital-Music,profile,full_unseen_catalogue,target_margin,full_catalogue,full_catalogue,signed_alignment_ndcg,greedy_cf,random,-0.4540001250359459,-0.5535533905932737,-0.819952788435128,-0.08813967324425163,0.09319068093190681,0.21875,-0.7862526213783892,8,1,5,2,10000,10000,0.6523347665233477
Amazon-Digital-Music,profile,full_unseen_catalogue,target_margin,full_catalogue,full_catalogue,direction_accuracy,shapley_mc,lime,-0.22510361005008064,-0.20000000000000007,-0.24399221260928614,-0.20595068052372464,9.999000099990002e-05,2.777049343463932e-58,-1.4656867353669096,250,9,236,5,10000,10000,0.000999900009999
Amazon-Digital-Music,profile,full_unseen_catalogue,target_margin,full_catalogue,full_catalogue,direction_accuracy,shapley_mc,loo,-0.23663025549613784,-0.20000000000000007,-0.2541081082675494,-0.2192463080808081,9.999000099990002e-05,3.513361968331207e-67,-1.6606748928327955,250,4,245,1,10000,10000,0.000999900009999
Amazon-Digital-Music,profile,full_unseen_catalogue,target_margin,full_catalogue,full_catalogue,direction_accuracy,shapley_mc,greedy_cf,0.023570840336134456,0.03999999999999998,0.008984011204481796,0.03842018389780154,0.0017998200179982,6.827503379647058e-05,0.1974164785819035,250,141,81,28,10000,10000,0.0017998200179982
Amazon-Digital-Music,profile,full_unseen_catalogue,target_margin,full_catalogue,full_catalogue,direction_accuracy,shapley_mc,random,0.14579308293014173,0.15000000000000002,0.12438391581784229,0.16748481304643068,9.999000099990002e-05,8.288487162182857e-27,0.8289879058176559,250,198,39,13,10000,10000,0.000999900009999
Amazon-Digital-Music,profile,full_unseen_catalogue,target_margin,full_catalogue,full_catalogue,direction_accuracy,lime,loo,-0.011526645446057205,0.0,-0.01563980513114336,-0.007529019671504965,9.999000099990002e-05,5.489868446239806e-09,-0.35432643972327843,250,24,84,142,10000,10000,0.000999900009999
Amazon-Digital-Music,profile,full_unseen_catalogue,target_margin,full_catalogue,full_catalogue,direction_accuracy,lime,greedy_cf,0.24867445038621508,0.25,0.23664354859519562,0.26079510720651894,9.999000099990002e-05,2.210859150104178e-75,2.5521587502733873,250,249,0,1,10000,10000,0.000999900009999
Amazon-Digital-Music,profile,full_unseen_catalogue,target_margin,full_catalogue,full_catalogue,direction_accuracy,lime,random,0.3708966929802224,0.38619047619047636,0.3553955796197267,0.3865590844580256,9.999000099990002e-05,2.210859150104178e-75,2.947834181789067,250,249,0,1,10000,10000,0.000999900009999
Amazon-Digital-Music,profile,full_unseen_catalogue,target_margin,full_catalogue,full_catalogue,direction_accuracy,loo,greedy_cf,0.2602010958322723,0.25,0.2498932995713437,0.2706149793311264,9.999000099990002e-05,1.105429575052089e-75,3.133554827476448,250,250,0,0,10000,10000,0.000999900009999
Amazon-Digital-Music,profile,full_unseen_catalogue,target_margin,full_catalogue,full_catalogue,direction_accuracy,loo,random,0.3824233384262796,0.39999999999999997,0.36711726994737287,0.3974699829810712,9.999000099990002e-05,1.105429575052089e-75,3.1009893424321184,250,250,0,0,10000,10000,0.000999900009999
Amazon-Digital-Music,profile,full_unseen_catalogue,target_margin,full_catalogue,full_catalogue,direction_accuracy,greedy_cf,random,0.1222222425940073,0.13333333333333336,0.10430712142432731,0.13980997911892032,9.999000099990002e-05,9.39002117711371e-22,0.8496836173729971,250,183,43,24,10000,10000,0.000999900009999
Amazon-Digital-Music,profile,full_unseen_catalogue,target_margin,full_catalogue,full_catalogue,direction_accuracy_ndcg,shapley_mc,lime,0.125,0.0,0.0,0.2916666666666667,0.5049495050494951,0.5,0.5040161287741852,8,2,0,6,10000,10000,1.0
Amazon-Digital-Music,profile,full_unseen_catalogue,target_margin,full_catalogue,full_catalogue,direction_accuracy_ndcg,shapley_mc,loo,0.125,0.0,0.0,0.2916666666666667,0.49745025497450257,0.5,0.5040161287741852,8,2,0,6,10000,10000,1.0
Amazon-Digital-Music,profile,full_unseen_catalogue,target_margin,full_catalogue,full_catalogue,direction_accuracy_ndcg,shapley_mc,greedy_cf,0.32499999999999996,0.21666666666666665,0.09999999999999999,0.5833333333333334,0.06429357064293571,0.0625,0.872814959233853,8,5,0,3,10000,10000,0.626937306269373
Amazon-Digital-Music,profile,full_unseen_catalogue,target_margin,full_catalogue,full_catalogue,direction_accuracy_ndcg,shapley_mc,random,0.3291666666666667,0.31666666666666665,0.12083333333333333,0.5791666666666667,0.06269373062693731,0.0625,0.9232169210849399,8,5,0,3,10000,10000,0.626937306269373
Amazon-Digital-Music,profile,full_unseen_catalogue,target_margin,full_catalogue,full_catalogue,direction_accuracy_ndcg,lime,loo,0.0,0.0,0.0,0.0,1.0,1.0,0.0,8,0,0,8,10000,10000,1.0
Amazon-Digital-Music,profile,full_unseen_catalogue,target_margin,full_catalogue,full_catalogue,direction_accuracy_ndcg,lime,greedy_cf,0.19999999999999998,0.21666666666666665,0.07916666666666665,0.32499999999999996,0.0627937206279372,0.0625,1.0121216546949476,8,5,0,3,10000,10000,0.626937306269373
Amazon-Digital-Music,profile,full_unseen_catalogue,target_margin,full_catalogue,full_catalogue,direction_accuracy_ndcg,lime,random,0.20416666666666666,0.0,0.037500000000000006,0.45833333333333326,0.24747525247475252,0.25,0.579915015052937,8,3,0,5,10000,10000,1.0
Amazon-Digital-Music,profile,full_unseen_catalogue,target_margin,full_catalogue,full_catalogue,direction_accuracy_ndcg,loo,greedy_cf,0.19999999999999998,0.21666666666666665,0.07916666666666665,0.3333333333333333,0.06419358064193581,0.0625,1.0121216546949476,8,5,0,3,10000,10000,0.626937306269373
Amazon-Digital-Music,profile,full_unseen_catalogue,target_margin,full_catalogue,full_catalogue,direction_accuracy_ndcg,loo,random,0.20416666666666666,0.0,0.037500000000000006,0.45416666666666666,0.24697530246975302,0.25,0.579915015052937,8,3,0,5,10000,10000,1.0
Amazon-Digital-Music,profile,full_unseen_catalogue,target_margin,full_catalogue,full_catalogue,direction_accuracy_ndcg,greedy_cf,random,0.00416666666666668,0.0,-0.25,0.3375,1.0,1.0,0.008964992179584618,8,2,3,3,10000,10000,1.0
Amazon-Digital-Music,profile,full_unseen_catalogue,target_margin,full_catalogue,full_catalogue,top1_precision,shapley_mc,lime,0.040799999999999996,0.0,0.013599999999999998,0.06720000000000002,0.0047995200479952005,0.024197878749948387,0.18324608074014798,250,92,63,95,10000,10000,0.014398560143985602
Amazon-Digital-Music,profile,full_unseen_catalogue,target_margin,full_catalogue,full_catalogue,top1_precision,shapley_mc,loo,0.024799999999999996,0.0,-0.006400000000000003,0.056799999999999996,0.14538546145385461,0.13033475483295046,0.09603193930528753,250,98,77,75,10000,10000,0.14538546145385461
Amazon-Digital-Music,profile,full_unseen_catalogue,target_margin,full_catalogue,full_catalogue,top1_precision,shapley_mc,greedy_cf,0.792,0.8,0.7696000000000001,0.8144000000000001,9.999000099990002e-05,1.105429575052089e-75,4.336917740899576,250,250,0,0,10000,10000,0.000999900009999
Amazon-Digital-Music,profile,full_unseen_catalogue,target_margin,full_catalogue,full_catalogue,top1_precision,shapley_mc,random,0.6063999999999999,0.6000000000000001,0.5768,0.636,9.999000099990002e-05,3.452477648802684e-71,2.5017290140710955,250,242,1,7,10000,10000,0.000999900009999
Amazon-Digital-Music,profile,full_unseen_catalogue,target_margin,full_catalogue,full_catalogue,top1_precision,lime,loo,-0.016,0.0,-0.028800000000000003,-0.0031999999999999993,0.021097890210978902,0.04295654552438921,-0.150453858828425,250,23,40,187,10000,10000,0.042195780421957804
Amazon-Digital-Music,profile,full_unseen_catalogue,target_margin,full_catalogue,full_catalogue,top1_precision,lime,greedy_cf,0.7512000000000001,0.8,0.7248,0.7767999999999999,9.999000099990002e-05,4.421718300208356e-75,3.5539578264346114,250,248,0,2,10000,10000,0.000999900009999
Amazon-Digital-Music,profile,full_unseen_catalogue,target_margin,full_catalogue,full_catalogue,top1_precision,lime,random,0.5655999999999999,0.6000000000000001,0.528,0.6016,9.999000099990002e-05,4.184537918316863e-60,1.9104703672696324,250,230,6,14,10000,10000,0.000999900009999
Amazon-Digital-Music,profile,full_unseen_catalogue,target_margin,full_catalogue,full_catalogue,top1_precision,loo,greedy_cf,0.7672,0.8,0.74,0.7944,9.999000099990002e-05,4.421718300208356e-75,3.4815804799901042,250,248,0,2,10000,10000,0.000999900009999
Amazon-Digital-Music,profile,full_unseen_catalogue,target_margin,full_catalogue,full_catalogue,top1_precision,loo,random,0.5816,0.6000000000000001,0.5424,0.6192000000000001,9.999000099990002e-05,2.6808544131477726e-58,1.8565844152015933,250,228,7,15,10000,10000,0.000999900009999
Amazon-Digital-Music,profile,full_unseen_catalogue,target_margin,full_catalogue,full_catalogue,top1_precision,greedy_cf,random,-0.1856,-0.2,-0.2112,-0.1608,9.999000099990002e-05,1.5871106406942878e-41,-0.913968718419735,250,2,148,100,10000,10000,0.000999900009999
Amazon-Digital-Music,profile,full_unseen_catalogue,target_margin,full_catalogue,full_catalogue,top3_precision,shapley_mc,lime,0.10986666666666664,0.1333333333333333,0.09359999999999996,0.12586666666666665,9.999000099990002e-05,1.0770426705754884e-25,0.8362540894169345,250,193,39,18,10000,10000,0.000999900009999
Amazon-Digital-Music,profile,full_unseen_catalogue,target_margin,full_catalogue,full_catalogue,top3_precision,shapley_mc,loo,0.08426666666666664,0.1333333333333333,0.06559999999999998,0.10213333333333331,9.999000099990002e-05,3.1782605548935104e-18,0.570905641228325,250,179,50,21,10000,10000,0.000999900009999
Amazon-Digital-Music,profile,full_unseen_catalogue,target_margin,full_catalogue,full_catalogue,top3_precision,shapley_mc,greedy_cf,0.17733333333333332,0.1333333333333334,0.16346666666666665,0.19146666666666665,9.999000099990002e-05,1.3445872296241903e-67,1.5598471236959675,250,230,1,19,10000,10000,0.000999900009999
Amazon-Digital-Music,profile,full_unseen_catalogue,target_margin,full_catalogue,full_catalogue,top3_precision,shapley_mc,random,0.3173333333333333,0.26666666666666666,0.29546666666666666,0.33919999999999995,9.999000099990002e-05,4.421718300208356e-75,1.798801313806492,250,248,0,2,10000,10000,0.000999900009999
Amazon-Digital-Music,profile,full_unseen_catalogue,target_margin,full_catalogue,full_catalogue,top3_precision,lime,loo,-0.025599999999999998,0.0,-0.033600000000000005,-0.018133333333333328,9.999000099990002e-05,2.4519113385990644e-07,-0.40933043115453666,250,25,77,148,10000,10000,0.000999900009999
Amazon-Digital-Music,profile,full_unseen_catalogue,target_margin,full_catalogue,full_catalogue,top3_precision,lime,greedy_cf,0.06746666666666667,0.0,0.04612666666666666,0.0896,9.999000099990002e-05,0.01994574873683435,0.38880091529943434,250,93,63,94,10000,10000,0.000999900009999
Amazon-Digital-Music,profile,full_unseen_catalogue,target_margin,full_catalogue,full_catalogue,top3_precision,lime,random,0.20746666666666663,0.13333333333333333,0.17759999999999995,0.23893333333333328,9.999000099990002e-05,9.081396380606594e-28,0.8425587287512846,250,189,33,28,10000,10000,0.000999900009999
Amazon-Digital-Music,profile,full_unseen_catalogue,target_margin,full_catalogue,full_catalogue,top3_precision,loo,greedy_cf,0.09306666666666667,0.0,0.06959333333333334,0.11733333333333335,9.999000099990002e-05,0.0003145679662181671,0.48303068713409036,250,102,56,92,10000,10000,0.000999900009999
Amazon-Digital-Music,profile,full_unseen_catalogue,target_margin,full_catalogue,full_catalogue,top3_precision,loo,random,0.23306666666666664,0.13333333333333336,0.19973333333333335,0.26693999999999996,9.999000099990002e-05,9.131226411219752e-29,0.8648766075466928,250,191,32,27,10000,10000,0.000999900009999
Amazon-Digital-Music,profile,full_unseen_catalogue,target_margin,full_catalogue,full_catalogue,top3_precision,greedy_cf,random,0.13999999999999996,0.1333333333333333,0.12213333333333333,0.15759999999999996,9.999000099990002e-05,2.4100745525392428e-30,0.9735784431129622,250,193,30,27,10000,10000,0.000999900009999
Amazon-Digital-Music,profile,full_unseen_catalogue,target_margin,full_catalogue,full_catalogue,top5_precision,shapley_mc,lime,0.1186,0.1200000000000001,0.10584,0.13174733333333333,9.999000099990002e-05,5.832048315794273e-42,1.135982206799197,250,216,21,13,10000,10000,0.000999900009999
Amazon-Digital-Music,profile,full_unseen_catalogue,target_margin,full_catalogue,full_catalogue,top5_precision,shapley_mc,loo,0.09865333333333334,0.12,0.08447966666666665,0.11250666666666666,9.999000099990002e-05,6.014721856705653e-38,0.8642534477028164,250,214,26,10,10000,10000,0.000999900009999
Amazon-Digital-Music,profile,full_unseen_catalogue,target_margin,full_catalogue,full_catalogue,top5_precision,shapley_mc,greedy_cf,0.11609333333333334,0.12,0.10633333333333334,0.12568,9.999000099990002e-05,1.6691427678093396e-65,1.4827255004989461,250,223,1,26,10000,10000,0.000999900009999
Amazon-Digital-Music,profile,full_unseen_catalogue,target_margin,full_catalogue,full_catalogue,top5_precision,shapley_mc,random,0.24896,0.23999999999999994,0.232493,0.26636000000000004,9.999000099990002e-05,4.421718300208356e-75,1.8101726212752103,250,248,0,2,10000,10000,0.000999900009999
Amazon-Digital-Music,profile,full_unseen_catalogue,target_margin,full_catalogue,full_catalogue,top5_precision,lime,loo,-0.019946666666666658,0.0,-0.02602699999999999,-0.014120000000000002,9.999000099990002e-05,8.577708625136334e-09,-0.41880744125250297,250,24,83,143,10000,10000,0.000999900009999
Amazon-Digital-Music,profile,full_unseen_catalogue,target_margin,full_catalogue,full_catalogue,top5_precision,lime,greedy_cf,-0.0025066666666666623,0.0,-0.017439999999999994,0.01241366666666666,0.7351264873512648,3.7790511747554594e-07,-0.020781791740933198,250,47,111,92,10000,10000,0.7351264873512648
Amazon-Digital-Music,profile,full_unseen_catalogue,target_margin,full_catalogue,full_catalogue,top5_precision,lime,random,0.13036,0.08000000000000002,0.10739966666666667,0.15329399999999996,9.999000099990002e-05,5.4541882582643195e-22,0.698422401189216,250,174,38,38,10000,10000,0.000999900009999
Amazon-Digital-Music,profile,full_unseen_catalogue,target_margin,full_catalogue,full_catalogue,top5_precision,loo,greedy_cf,0.01744,0.0,0.0012256666666666668,0.034386999999999994,0.039896010398960104,0.0017043653165239327,0.131616121424256,250,58,98,94,10000,10000,0.07979202079792021
Amazon-Digital-Music,profile,full_unseen_catalogue,target_margin,full_catalogue,full_catalogue,top5_precision,loo,random,0.15030666666666667,0.10000000000000002,0.12566566666666668,0.17657366666666666,9.999000099990002e-05,3.384288758322562e-24,0.7310181391034039,250,182,37,31,10000,10000,0.000999900009999
Amazon-Digital-Music,profile,full_unseen_catalogue,target_margin,full_catalogue,full_catalogue,top5_precision,greedy_cf,random,0.13286666666666666,0.1333333333333333,0.11681333333333335,0.14861366666666667,9.999000099990002e-05,5.385320876270137e-36,1.0201230458139323,250,201,24,25,10000,10000,0.000999900009999
Amazon-Digital-Music,profile,full_unseen_catalogue,target_margin,full_catalogue,full_catalogue,joint_effect_primary,shapley_mc,lime,3.1444118631168744e-05,1.8580207537427458e-05,1.4006133519148394e-05,4.8474530645990924e-05,0.0005999400059994001,0.012740118279113245,0.2231529115573583,250,143,103,4,10000,10000,0.0023997600239976003
Amazon-Digital-Music,profile,full_unseen_catalogue,target_margin,full_catalogue,full_catalogue,joint_effect_primary,shapley_mc,loo,2.698364009322858e-05,8.541272654999366e-06,9.743425057636302e-06,4.4383370387804444e-05,0.0028997100289971,0.07578119477195179,0.19275276047718362,250,139,110,1,10000,10000,0.0086991300869913
Amazon-Digital-Music,profile,full_unseen_catalogue,target_margin,full_catalogue,full_catalogue,joint_effect_primary,shapley_mc,greedy_cf,0.0011130990245472637,0.0010807370364587787,0.001061571883637993,0.0011666373516998885,9.999000099990002e-05,1.105429575052089e-75,2.6289685310411115,250,250,0,0,10000,10000,0.000999900009999
Amazon-Digital-Music,profile,full_unseen_catalogue,target_margin,full_catalogue,full_catalogue,joint_effect_primary,shapley_mc,random,0.00103751328981422,0.0009653401679760809,0.0009709483667563222,0.001107760743137021,9.999000099990002e-05,2.7746282333807432e-73,1.8752528377930675,250,249,1,0,10000,10000,0.000999900009999
Amazon-Digital-Music,profile,full_unseen_catalogue,target_margin,full_catalogue,full_catalogue,joint_effect_primary,lime,loo,-4.460478537940161e-06,0.0,-8.824240323118724e-06,-4.519203538812431e-08,0.047795220477952205,4.606242964374745e-05,-0.12490805855851586,250,29,70,151,10000,10000,0.047795220477952205
Amazon-Digital-Music,profile,full_unseen_catalogue,target_margin,full_catalogue,full_catalogue,joint_effect_primary,lime,greedy_cf,0.001081654905916095,0.0010621838247963644,0.0010365852524330803,0.0011290882992713554,9.999000099990002e-05,1.105429575052089e-75,2.923498676991764,250,250,0,0,10000,10000,0.000999900009999
Amazon-Digital-Music,profile,full_unseen_catalogue,target_margin,full_catalogue,full_catalogue,joint_effect_primary,lime,random,0.0010060691711830513,0.0009443211488209756,0.0009400195793745201,0.001076401450432488,9.999000099990002e-05,2.878954254955859e-69,1.8387613285484876,250,247,3,0,10000,10000,0.000999900009999
Amazon-Digital-Music,profile,full_unseen_catalogue,target_margin,full_catalogue,full_catalogue,joint_effect_primary,loo,greedy_cf,0.0010861153844540351,0.0010621838247963644,0.0010407013426835105,0.00113347511865992,9.999000099990002e-05,1.105429575052089e-75,2.9370618282477943,250,250,0,0,10000,10000,0.000999900009999
Amazon-Digital-Music,profile,full_unseen_catalogue,target_margin,full_catalogue,full_catalogue,joint_effect_primary,loo,random,0.0010105296497209914,0.0009335211609482142,0.0009440213606062983,0.001079403986804282,9.999000099990002e-05,2.878954254955859e-69,1.845412846542458,250,247,3,0,10000,10000,0.000999900009999
Amazon-Digital-Music,profile,full_unseen_catalogue,target_margin,full_catalogue,full_catalogue,joint_effect_primary,greedy_cf,random,-7.558573473304365e-05,-6.946157793517039e-05,-0.00013780340932201078,-1.4563676135356055e-05,0.0188981101889811,0.049706787790206826,-0.14974642704168123,250,109,141,0,10000,10000,0.0377962203779622
Amazon-Digital-Music,profile,full_unseen_catalogue,target_margin,full_catalogue,full_catalogue,joint_effect_ndcg,shapley_mc,lime,0.0004504278828299816,0.0,-4.004317781667443e-06,0.0011822610934102136,0.18938106189381063,0.375,0.08999017222598701,250,4,1,245,10000,10000,0.7547245275472452
Amazon-Digital-Music,profile,full_unseen_catalogue,target_margin,full_catalogue,full_catalogue,joint_effect_ndcg,shapley_mc,loo,0.0004504278828299816,0.0,-4.004317781667443e-06,0.0011783466448239345,0.1882811718828117,0.375,0.08999017222598701,250,4,1,245,10000,10000,0.7547245275472452
Amazon-Digital-Music,profile,full_unseen_catalogue,target_margin,full_catalogue,full_catalogue,joint_effect_ndcg,shapley_mc,greedy_cf,0.0021594577113962544,0.0,0.0006642015142534203,0.0040127123636308016,0.007099290070992901,0.0078125,0.15685561758445518,250,8,0,242,10000,10000,0.07099290070992902
Amazon-Digital-Music,profile,full_unseen_catalogue,target_margin,full_catalogue,full_catalogue,joint_effect_ndcg,shapley_mc,random,0.0015380717762638004,0.0,0.0002911831627678822,0.0030271641697928323,0.06159384061593841,0.21875,0.13923668742766782,250,5,1,244,10000,10000,0.43115688431156884
Amazon-Digital-Music,profile,full_unseen_catalogue,target_margin,full_catalogue,full_catalogue,joint_effect_ndcg,lime,loo,0.0,0.0,0.0,0.0,1.0,1.0,0.0,250,0,0,250,10000,10000,1.0
Amazon-Digital-Music,profile,full_unseen_catalogue,target_margin,full_catalogue,full_catalogue,joint_effect_ndcg,lime,greedy_cf,0.0017090298285662728,0.0,0.000565884173905892,0.003113858526106861,0.008799120087991202,0.0078125,0.1635582622059318,250,8,0,242,10000,10000,0.07919208079192082
Amazon-Digital-Music,profile,full_unseen_catalogue,target_margin,full_catalogue,full_catalogue,joint_effect_ndcg,lime,random,0.0010876438934338188,0.0,7.133639300384953e-05,0.002391574663510556,0.12908709129087093,0.375,0.11342150988821488,250,4,1,245,10000,10000,0.7547245275472452
Amazon-Digital-Music,profile,full_unseen_catalogue,target_margin,full_catalogue,full_catalogue,joint_effect_ndcg,loo,greedy_cf,0.0017090298285662728,0.0,0.0005699314993728355,0.003073339218582504,0.008899110088991101,0.0078125,0.1635582622059318,250,8,0,242,10000,10000,0.07919208079192082
Amazon-Digital-Music,profile,full_unseen_catalogue,target_margin,full_catalogue,full_catalogue,joint_effect_ndcg,loo,random,0.0010876438934338188,0.0,7.133639300384953e-05,0.002403935601188383,0.1257874212578742,0.375,0.11342150988821488,250,4,1,245,10000,10000,0.7547245275472452
Amazon-Digital-Music,profile,full_unseen_catalogue,target_margin,full_catalogue,full_catalogue,joint_effect_ndcg,greedy_cf,random,-0.0006213859351324536,0.0,-0.0019570032788364055,0.00047615427238099873,0.38016198380161986,0.6875,-0.06412667224721251,250,2,4,244,10000,10000,0.7603239676032397
Amazon-Digital-Music,profile,full_unseen_catalogue,target_margin,full_catalogue,full_catalogue,joint_effect_target_margin,shapley_mc,lime,3.1444118631168744e-05,1.8580207537427458e-05,1.4104439914238064e-05,4.8365499332188894e-05,0.0008999100089991,0.012740118279113245,0.2231529115573583,250,143,103,4,10000,10000,0.0035996400359964
Amazon-Digital-Music,profile,full_unseen_catalogue,target_margin,full_catalogue,full_catalogue,joint_effect_target_margin,shapley_mc,loo,2.698364009322858e-05,8.541272654999366e-06,9.884720489162257e-06,4.394423774547183e-05,0.0012998700129987,0.07578119477195179,0.19275276047718362,250,139,110,1,10000,10000,0.0038996100389961
Amazon-Digital-Music,profile,full_unseen_catalogue,target_margin,full_catalogue,full_catalogue,joint_effect_target_margin,shapley_mc,greedy_cf,0.0011130990245472637,0.0010807370364587787,0.0010609939480251515,0.0011662121349563382,9.999000099990002e-05,1.105429575052089e-75,2.6289685310411115,250,250,0,0,10000,10000,0.000999900009999
Amazon-Digital-Music,profile,full_unseen_catalogue,target_margin,full_catalogue,full_catalogue,joint_effect_target_margin,shapley_mc,random,0.00103751328981422,0.0009653401679760809,0.0009706466841184737,0.0011082199056926107,9.999000099990002e-05,2.7746282333807432e-73,1.8752528377930675,250,249,1,0,10000,10000,0.000999900009999
Amazon-Digital-Music,profile,full_unseen_catalogue,target_margin,full_catalogue,full_catalogue,joint_effect_target_margin,lime,loo,-4.460478537940161e-06,0.0,-8.781671988967324e-06,1.7891230389481715e-08,0.050094990500949906,4.606242964374745e-05,-0.12490805855851586,250,29,70,151,10000,10000,0.050094990500949906
Amazon-Digital-Music,profile,full_unseen_catalogue,target_margin,full_catalogue,full_catalogue,joint_effect_target_margin,lime,greedy_cf,0.001081654905916095,0.0010621838247963644,0.0010368291372621654,0.001127535482590698,9.999000099990002e-05,1.105429575052089e-75,2.923498676991764,250,250,0,0,10000,10000,0.000999900009999
Amazon-Digital-Music,profile,full_unseen_catalogue,target_margin,full_catalogue,full_catalogue,joint_effect_target_margin,lime,random,0.0010060691711830513,0.0009443211488209756,0.0009400106199811178,0.0010747051893753104,9.999000099990002e-05,2.878954254955859e-69,1.8387613285484876,250,247,3,0,10000,10000,0.000999900009999
Amazon-Digital-Music,profile,full_unseen_catalogue,target_margin,full_catalogue,full_catalogue,joint_effect_target_margin,loo,greedy_cf,0.0010861153844540351,0.0010621838247963644,0.0010413842645732821,0.0011326604574640273,9.999000099990002e-05,1.105429575052089e-75,2.9370618282477943,250,250,0,0,10000,10000,0.000999900009999
Amazon-Digital-Music,profile,full_unseen_catalogue,target_margin,full_catalogue,full_catalogue,joint_effect_target_margin,loo,random,0.0010105296497209914,0.0009335211609482142,0.0009440703967017321,0.0010800251160277294,9.999000099990002e-05,2.878954254955859e-69,1.845412846542458,250,247,3,0,10000,10000,0.000999900009999
Amazon-Digital-Music,profile,full_unseen_catalogue,target_margin,full_catalogue,full_catalogue,joint_effect_target_margin,greedy_cf,random,-7.558573473304365e-05,-6.946157793517039e-05,-0.00013798043883794044,-1.446800631328369e-05,0.019998000199980003,0.049706787790206826,-0.14974642704168123,250,109,141,0,10000,10000,0.039996000399960006
Amazon-Digital-Music,profile,full_unseen_catalogue,target_margin,full_catalogue,full_catalogue,intervention_success,shapley_mc,lime,0.09599999999999999,0.0,0.076,0.1152,9.999000099990002e-05,4.8556740181387856e-20,0.6095611264175055,250,98,9,143,10000,10000,0.000999900009999
Amazon-Digital-Music,profile,full_unseen_catalogue,target_margin,full_catalogue,full_catalogue,intervention_success,shapley_mc,loo,0.09519999999999999,0.0,0.076,0.116,9.999000099990002e-05,9.977557876076285e-19,0.5894845876990685,250,93,9,148,10000,10000,0.000999900009999
Amazon-Digital-Music,profile,full_unseen_catalogue,target_margin,full_catalogue,full_catalogue,intervention_success,shapley_mc,greedy_cf,0.6584000000000001,0.6000000000000001,0.628,0.688,9.999000099990002e-05,1.4149498560666738e-73,2.716480054968343,250,243,0,7,10000,10000,0.000999900009999
Amazon-Digital-Music,profile,full_unseen_catalogue,target_margin,full_catalogue,full_catalogue,intervention_success,shapley_mc,random,0.572,0.6,0.5432,0.6008000000000001,9.999000099990002e-05,3.5373746401666845e-74,2.432895025275538,250,245,0,5,10000,10000,0.000999900009999
Amazon-Digital-Music,profile,full_unseen_catalogue,target_margin,full_catalogue,full_catalogue,intervention_success,lime,loo,-0.0007999999999999994,0.0,-0.007999999999999998,0.0064,0.9538046195380462,1.0,-0.013774992873068083,250,10,11,229,10000,10000,0.9538046195380462
Amazon-Digital-Music,profile,full_unseen_catalogue,target_margin,full_catalogue,full_catalogue,intervention_success,lime,greedy_cf,0.5624,0.6,0.5312,0.5935999999999999,9.999000099990002e-05,1.8111358157653425e-71,2.212653423318028,250,236,0,14,10000,10000,0.000999900009999
Amazon-Digital-Music,profile,full_unseen_catalogue,target_margin,full_catalogue,full_catalogue,intervention_success,lime,random,0.476,0.6,0.44160000000000005,0.5096,9.999000099990002e-05,1.3841840105420087e-54,1.7197406993414073,250,223,9,18,10000,10000,0.000999900009999
Amazon-Digital-Music,profile,full_unseen_catalogue,target_margin,full_catalogue,full_catalogue,intervention_success,loo,greedy_cf,0.5631999999999999,0.6,0.5311799999999999,0.5944,9.999000099990002e-05,9.055679078826712e-72,2.185121864801393,250,237,0,13,10000,10000,0.000999900009999
Amazon-Digital-Music,profile,full_unseen_catalogue,target_margin,full_catalogue,full_catalogue,intervention_success,loo,random,0.4768,0.6,0.44160000000000005,0.5112000000000001,9.999000099990002e-05,1.3841840105420087e-54,1.6974814623700352,250,223,9,18,10000,10000,0.000999900009999
Amazon-Digital-Music,profile,full_unseen_catalogue,target_margin,full_catalogue,full_catalogue,intervention_success,greedy_cf,random,-0.0864,0.0,-0.124,-0.04959999999999999,9.999000099990002e-05,0.00015548082207836246,-0.2866995601658412,250,63,114,73,10000,10000,0.000999900009999
Amazon-Digital-Music,profile,full_unseen_catalogue,target_margin,full_catalogue,full_catalogue,abstention,shapley_mc,lime,-0.1712,-0.2,-0.19760000000000003,-0.14560000000000003,9.999000099990002e-05,7.346839692639297e-40,-0.8089367987704058,250,0,131,119,10000,10000,0.000999900009999
Amazon-Digital-Music,profile,full_unseen_catalogue,target_margin,full_catalogue,full_catalogue,abstention,shapley_mc,loo,-0.17039999999999997,-0.2,-0.1984,-0.144,9.999000099990002e-05,2.350988701644575e-38,-0.784724947661692,250,0,126,124,10000,10000,0.000999900009999
Amazon-Digital-Music,profile,full_unseen_catalogue,target_margin,full_catalogue,full_catalogue,abstention,shapley_mc,greedy_cf,0.0,0.0,0.0,0.0,1.0,1.0,0.0,250,0,0,250,10000,10000,1.0
Amazon-Digital-Music,profile,full_unseen_catalogue,target_margin,full_catalogue,full_catalogue,abstention,shapley_mc,random,-0.0528,0.0,-0.06720000000000001,-0.039200000000000006,9.999000099990002e-05,1.1102230246251565e-16,-0.46408843751978485,250,0,54,196,10000,10000,0.000999900009999
Amazon-Digital-Music,profile,full_unseen_catalogue,target_margin,full_catalogue,full_catalogue,abstention,lime,loo,0.0008000000000000009,0.0,-0.0063999999999999994,0.008,0.6874312568743126,1.0,0.013774992873068107,250,11,10,229,10000,10000,1.0
Amazon-Digital-Music,profile,full_unseen_catalogue,target_margin,full_catalogue,full_catalogue,abstention,lime,greedy_cf,0.1712,0.2,0.1456,0.1984,9.999000099990002e-05,7.346839692639297e-40,0.8089367987704058,250,131,0,119,10000,10000,0.000999900009999
Amazon-Digital-Music,profile,full_unseen_catalogue,target_margin,full_catalogue,full_catalogue,abstention,lime,random,0.1184,0.0,0.09359999999999999,0.1448,9.999000099990002e-05,8.274509160649236e-18,0.5681079751250413,250,105,15,130,10000,10000,0.000999900009999
Amazon-Digital-Music,profile,full_unseen_catalogue,target_margin,full_catalogue,full_catalogue,abstention,loo,greedy_cf,0.17039999999999997,0.2,0.1448,0.19760000000000003,9.999000099990002e-05,2.350988701644575e-38,0.784724947661692,250,126,0,124,10000,10000,0.000999900009999
Amazon-Digital-Music,profile,full_unseen_catalogue,target_margin,full_catalogue,full_catalogue,abstention,loo,random,0.11760000000000001,0.0,0.092,0.144,9.999000099990002e-05,2.8669598238307675e-16,0.5500308150196852,250,101,16,133,10000,10000,0.000999900009999
Amazon-Digital-Music,profile,full_unseen_catalogue,target_margin,full_catalogue,full_catalogue,abstention,greedy_cf,random,-0.0528,0.0,-0.06720000000000001,-0.039200000000000006,9.999000099990002e-05,1.1102230246251565e-16,-0.46408843751978485,250,0,54,196,10000,10000,0.000999900009999
Amazon-Digital-Music,profile,full_unseen_catalogue,target_margin,full_catalogue,full_catalogue,joint_regret_primary,shapley_mc,lime,-3.1444118631168825e-05,-1.8580207537427505e-05,-4.818735987580638e-05,-1.4029715619949236e-05,0.0005999400059994001,0.012740118279113245,-0.22315291155735895,250,103,143,4,10000,10000,0.0023997600239976003
Amazon-Digital-Music,profile,full_unseen_catalogue,target_margin,full_catalogue,full_catalogue,joint_regret_primary,shapley_mc,loo,-2.6983640093228667e-05,-8.54127265499938e-06,-4.4468865265374014e-05,-9.461689710141135e-06,0.0028997100289971,0.07578119477195179,-0.19275276047718456,250,110,139,1,10000,10000,0.0086991300869913
Amazon-Digital-Music,profile,full_unseen_catalogue,target_margin,full_catalogue,full_catalogue,joint_regret_primary,shapley_mc,greedy_cf,-0.0011130990245472635,-0.0010807370364587787,-0.0011653175994739376,-0.0010610826850691495,9.999000099990002e-05,1.105429575052089e-75,-2.6289685310411115,250,0,250,0,10000,10000,0.000999900009999
Amazon-Digital-Music,profile,full_unseen_catalogue,target_margin,full_catalogue,full_catalogue,joint_regret_primary,shapley_mc,random,-0.0010375132898142198,-0.0009653401679760808,-0.001108241323400325,-0.0009704459129949039,9.999000099990002e-05,2.7746282333807432e-73,-1.875252837793067,250,1,249,0,10000,10000,0.000999900009999
Amazon-Digital-Music,profile,full_unseen_catalogue,target_margin,full_catalogue,full_catalogue,joint_regret_primary,lime,loo,4.4604785379401594e-06,0.0,1.2643733520942125e-08,8.846432435890254e-06,0.04999500049995,4.606242964374745e-05,0.12490805855851814,250,70,29,151,10000,10000,0.04999500049995
Amazon-Digital-Music,profile,full_unseen_catalogue,target_margin,full_catalogue,full_catalogue,joint_regret_primary,lime,greedy_cf,-0.001081654905916095,-0.0010621838247963644,-0.00112867835590768,-0.0010370326731609198,9.999000099990002e-05,1.105429575052089e-75,-2.9234986769917635,250,0,250,0,10000,10000,0.000999900009999
Amazon-Digital-Music,profile,full_unseen_catalogue,target_margin,full_catalogue,full_catalogue,joint_regret_primary,lime,random,-0.001006069171183051,-0.0009443211488209758,-0.001072608353710201,-0.0009400985377821104,9.999000099990002e-05,2.878954254955859e-69,-1.8387613285484872,250,3,247,0,10000,10000,0.000999900009999
Amazon-Digital-Music,profile,full_unseen_catalogue,target_margin,full_catalogue,full_catalogue,joint_regret_primary,loo,greedy_cf,-0.001086115384454035,-0.0010621838247963644,-0.001133788780522257,-0.0010399513850460648,9.999000099990002e-05,1.105429575052089e-75,-2.9370618282477916,250,0,250,0,10000,10000,0.000999900009999
Amazon-Digital-Music,profile,full_unseen_catalogue,target_margin,full_catalogue,full_catalogue,joint_regret_primary,loo,random,-0.0010105296497209912,-0.000933521160948214,-0.001079822388685436,-0.0009435654817421099,9.999000099990002e-05,2.878954254955859e-69,-1.8454128465424575,250,3,247,0,10000,10000,0.000999900009999
Amazon-Digital-Music,profile,full_unseen_catalogue,target_margin,full_catalogue,full_catalogue,joint_regret_primary,greedy_cf,random,7.558573473304367e-05,6.946157793517047e-05,1.328417007380653e-05,0.00013646005401636468,0.0193980601939806,0.049706787790206826,0.14974642704168123,250,141,109,0,10000,10000,0.0387961203879612
Amazon-Digital-Music,profile,full_unseen_catalogue,target_margin,full_catalogue,full_catalogue,normalized_regret_primary,shapley_mc,lime,0.054353300671620815,-0.012105569774051715,-0.020012304059612622,0.1477818227293085,0.22657734226577342,0.40724010010692546,0.07962448789573132,250,116,130,4,10000,10000,0.3063693630636936
Amazon-Digital-Music,profile,full_unseen_catalogue,target_margin,full_catalogue,full_catalogue,normalized_regret_primary,shapley_mc,loo,0.06226808034614614,-0.005092260727411849,-0.010842721427663689,0.15614044469332308,0.1531846815318468,0.7999515351297227,0.09217380321615884,250,122,127,1,10000,10000,0.3063693630636936
Amazon-Digital-Music,profile,full_unseen_catalogue,target_margin,full_catalogue,full_catalogue,normalized_regret_primary,shapley_mc,greedy_cf,-1.7641920942661449,-1.376158764371712,-2.090021223380427,-1.529693468050502,9.999000099990002e-05,2.7746282333807432e-73,-0.7616992644280705,250,1,249,0,10000,10000,0.000999900009999
Amazon-Digital-Music,profile,full_unseen_catalogue,target_margin,full_catalogue,full_catalogue,normalized_regret_primary,shapley_mc,random,-1.355040459219032,-1.2069600416903912,-1.4762997688996806,-1.2443679435134483,9.999000099990002e-05,2.878954254955859e-69,-1.4362865965374336,250,3,247,0,10000,10000,0.000999900009999
Amazon-Digital-Music,profile,full_unseen_catalogue,target_margin,full_catalogue,full_catalogue,normalized_regret_primary,lime,loo,0.00791477967452532,0.0,0.0004651950998497801,0.01521810027281171,0.03799620037996201,4.606242964374745e-05,0.13272015722826327,250,70,29,151,10000,10000,0.11398860113988601
Amazon-Digital-Music,profile,full_unseen_catalogue,target_margin,full_catalogue,full_catalogue,normalized_regret_primary,lime,greedy_cf,-1.818545394937766,-1.3532535453165253,-2.1854179644457035,-1.5493861827958488,9.999000099990002e-05,1.105429575052089e-75,-0.6912263851645485,250,0,250,0,10000,10000,0.000999900009999
Amazon-Digital-Music,profile,full_unseen_catalogue,target_margin,full_catalogue,full_catalogue,normalized_regret_primary,lime,random,-1.4093937598906527,-1.19343701465341,-1.5669904879763403,-1.2686773188946971,9.999000099990002e-05,3.468395834683434e-71,-1.1523935845690196,250,2,248,0,10000,10000,0.000999900009999
Amazon-Digital-Music,profile,full_unseen_catalogue,target_margin,full_catalogue,full_catalogue,normalized_regret_primary,loo,greedy_cf,-1.826460174612291,-1.3751047901875526,-2.2022152987709815,-1.5645796556897547,9.999000099990002e-05,1.105429575052089e-75,-0.6977639871335632,250,0,250,0,10000,10000,0.000999900009999
Amazon-Digital-Music,profile,full_unseen_catalogue,target_margin,full_catalogue,full_catalogue,normalized_regret_primary,loo,random,-1.417308539565178,-1.2006056065764796,-1.5836689100094288,-1.2786486637133854,9.999000099990002e-05,3.468395834683434e-71,-1.1641454674920935,250,2,248,0,10000,10000,0.000999900009999
Amazon-Digital-Music,profile,full_unseen_catalogue,target_margin,full_catalogue,full_catalogue,normalized_regret_primary,greedy_cf,random,0.4091516350471131,0.17749121595413964,0.1802463132389496,0.7522923926750197,9.999000099990002e-05,0.0028786841082145353,0.17471682665695062,250,149,101,0,10000,10000,0.000999900009999
Amazon-Digital-Music,profile,full_unseen_catalogue,target_margin,full_catalogue,full_catalogue,joint_regret_ndcg,shapley_mc,lime,-0.0004504278828299815,0.0,-0.001164051879585851,0.0,0.18288171182881713,0.375,-0.08999017222598701,250,1,4,245,10000,10000,0.7315268473152685
Amazon-Digital-Music,profile,full_unseen_catalogue,target_margin,full_catalogue,full_catalogue,joint_regret_ndcg,shapley_mc,loo,-0.0004504278828299815,0.0,-0.0011744092806359522,4.0043177816674534e-06,0.19168083191680832,0.375,-0.08999017222598701,250,1,4,245,10000,10000,0.7315268473152685
Amazon-Digital-Music,profile,full_unseen_catalogue,target_margin,full_catalogue,full_catalogue,joint_regret_ndcg,shapley_mc,greedy_cf,-0.0021594577113962544,0.0,-0.004022159632136865,-0.0006442508404159046,0.0066993300669933005,0.0078125,-0.15685561758445518,250,0,8,242,10000,10000,0.066993300669933
Amazon-Digital-Music,profile,full_unseen_catalogue,target_margin,full_catalogue,full_catalogue,joint_regret_ndcg,shapley_mc,random,-0.0015380717762638004,0.0,-0.0030660889282874628,-0.00028496574968641774,0.06159384061593841,0.21875,-0.13923668742766782,250,1,5,244,10000,10000,0.43115688431156884
Amazon-Digital-Music,profile,full_unseen_catalogue,target_margin,full_catalogue,full_catalogue,joint_regret_ndcg,lime,loo,0.0,0.0,0.0,0.0,1.0,1.0,0.0,250,0,0,250,10000,10000,1.0
Amazon-Digital-Music,profile,full_unseen_catalogue,target_margin,full_catalogue,full_catalogue,joint_regret_ndcg,lime,greedy_cf,-0.0017090298285662726,0.0,-0.0031434233078898688,-0.0005801532302359676,0.008399160083991601,0.0078125,-0.16355826220593178,250,0,8,242,10000,10000,0.07559244075592442
Amazon-Digital-Music,profile,full_unseen_catalogue,target_margin,full_catalogue,full_catalogue,joint_regret_ndcg,lime,random,-0.001087643893433819,0.0,-0.0023916150975224417,-5.978848810645153e-05,0.1197880211978802,0.375,-0.11342150988821491,250,1,4,245,10000,10000,0.7187281271872812
Amazon-Digital-Music,profile,full_unseen_catalogue,target_margin,full_catalogue,full_catalogue,joint_regret_ndcg,loo,greedy_cf,-0.0017090298285662726,0.0,-0.0030943553723132965,-0.0005785016394182028,0.008599140085991401,0.0078125,-0.16355826220593178,250,0,8,242,10000,10000,0.07559244075592442
Amazon-Digital-Music,profile,full_unseen_catalogue,target_margin,full_catalogue,full_catalogue,joint_regret_ndcg,loo,random,-0.001087643893433819,0.0,-0.0024249815445488198,-7.13363930038496e-05,0.12188781121887811,0.375,-0.11342150988821491,250,1,4,245,10000,10000,0.7187281271872812
Amazon-Digital-Music,profile,full_unseen_catalogue,target_margin,full_catalogue,full_catalogue,joint_regret_ndcg,greedy_cf,random,0.0006213859351324538,0.0,-0.00047855070820096093,0.001899976840382457,0.3815618438156184,0.6875,0.06412667224721254,250,4,2,244,10000,10000,0.7631236876312368
Amazon-Digital-Music,profile,full_unseen_catalogue,target_margin,full_catalogue,full_catalogue,normalized_regret_ndcg,shapley_mc,lime,-0.37152169300747584,-0.22629438553091674,-0.6987373232234352,-0.07663383215307604,0.1222877712228777,0.375,-0.803903447454024,7,1,4,2,10000,10000,0.7247275272472753
Amazon-Digital-Music,profile,full_unseen_catalogue,target_margin,full_catalogue,full_catalogue,normalized_regret_ndcg,shapley_mc,loo,-0.37152169300747584,-0.22629438553091674,-0.7051121391456002,-0.06941252452305267,0.12658734126587343,0.375,-0.803903447454024,7,1,4,2,10000,10000,0.7247275272472753
Amazon-Digital-Music,profile,full_unseen_catalogue,target_margin,full_catalogue,full_catalogue,normalized_regret_ndcg,shapley_mc,greedy_cf,-2.4691032836595252,-1.0,-4.647478688735709,-0.8064010789478623,0.0168983101689831,0.015625,-0.8529678941023788,7,0,7,0,10000,10000,0.137986201379862
Amazon-Digital-Music,profile,full_unseen_catalogue,target_margin,full_catalogue,full_catalogue,normalized_regret_ndcg,shapley_mc,random,-2.2321233580627617,-1.0,-4.436012070481815,-0.41939785343131447,0.06469353064693531,0.21875,-0.734694249868638,7,1,5,1,10000,10000,0.4528547145285472
Amazon-Digital-Music,profile,full_unseen_catalogue,target_margin,full_catalogue,full_catalogue,normalized_regret_ndcg,lime,loo,0.0,0.0,0.0,0.0,1.0,1.0,0.0,7,0,0,7,10000,10000,1.0
Amazon-Digital-Music,profile,full_unseen_catalogue,target_margin,full_catalogue,full_catalogue,normalized_regret_ndcg,lime,greedy_cf,-2.0975815906520494,-0.8063408609009706,-4.1506505695847435,-0.6168169940506699,0.014998500149985002,0.015625,-0.7722712228706305,7,0,7,0,10000,10000,0.137986201379862
Amazon-Digital-Music,profile,full_unseen_catalogue,target_margin,full_catalogue,full_catalogue,normalized_regret_ndcg,lime,random,-1.8606016650552861,-1.0,-4.001226804825669,-0.22105874699116665,0.12428757124287572,0.375,-0.6440523389281582,7,1,4,2,10000,10000,0.7247275272472753
Amazon-Digital-Music,profile,full_unseen_catalogue,target_margin,full_catalogue,full_catalogue,normalized_regret_ndcg,loo,greedy_cf,-2.0975815906520494,-0.8063408609009706,-4.155312747646442,-0.6168169940506697,0.013798620137986202,0.015625,-0.7722712228706305,7,0,7,0,10000,10000,0.137986201379862
Amazon-Digital-Music,profile,full_unseen_catalogue,target_margin,full_catalogue,full_catalogue,normalized_regret_ndcg,loo,random,-1.8606016650552861,-1.0,-4.072867519047879,-0.22105874699116665,0.1207879212078792,0.375,-0.6440523389281582,7,1,4,2,10000,10000,0.7247275272472753
Amazon-Digital-Music,profile,full_unseen_catalogue,target_margin,full_catalogue,full_catalogue,normalized_regret_ndcg,greedy_cf,random,0.23697992559676345,0.0,-0.27410359012643554,0.686620122985853,0.5083491650834917,1.0,0.32916176681504583,7,3,2,2,10000,10000,1.0
Amazon-Digital-Music,profile,full_unseen_catalogue,target_margin,full_catalogue,full_catalogue,intervention_success_ndcg,shapley_mc,lime,0.0024000000000000002,0.0,0.0,0.005600000000000001,0.24727527247275272,0.25,0.10998711739064186,250,3,0,247,10000,10000,1.0
Amazon-Digital-Music,profile,full_unseen_catalogue,target_margin,full_catalogue,full_catalogue,intervention_success_ndcg,shapley_mc,loo,0.0024000000000000002,0.0,0.0,0.005600000000000001,0.24537546245375463,0.25,0.10998711739064186,250,3,0,247,10000,10000,1.0
Amazon-Digital-Music,profile,full_unseen_catalogue,target_margin,full_catalogue,full_catalogue,intervention_success_ndcg,shapley_mc,greedy_cf,0.004,0.0,0.0008,0.008,0.06939306069393061,0.0625,0.1425711422842817,250,5,0,245,10000,10000,0.6245375462453755
Amazon-Digital-Music,profile,full_unseen_catalogue,target_margin,full_catalogue,full_catalogue,intervention_success_ndcg,shapley_mc,random,0.004,0.0,0.0008,0.008,0.060993900609939006,0.0625,0.14257114228428167,250,5,0,245,10000,10000,0.6099390060993901
Amazon-Digital-Music,profile,full_unseen_catalogue,target_margin,full_catalogue,full_catalogue,intervention_success_ndcg,lime,loo,0.0,0.0,0.0,0.0,1.0,1.0,0.0,250,0,0,250,10000,10000,1.0
Amazon-Digital-Music,profile,full_unseen_catalogue,target_margin,full_catalogue,full_catalogue,intervention_success_ndcg,lime,greedy_cf,0.0016,0.0,0.0,0.004,0.5023497650234976,0.5,0.08962286574594751,250,2,0,248,10000,10000,1.0
Amazon-Digital-Music,profile,full_unseen_catalogue,target_margin,full_catalogue,full_catalogue,intervention_success_ndcg,lime,random,0.0016,0.0,0.0,0.004,0.5032496750324967,0.5,0.08962286574594751,250,2,0,248,10000,10000,1.0
Amazon-Digital-Music,profile,full_unseen_catalogue,target_margin,full_catalogue,full_catalogue,intervention_success_ndcg,loo,greedy_cf,0.0016,0.0,0.0,0.004,0.503949605039496,0.5,0.08962286574594751,250,2,0,248,10000,10000,1.0
Amazon-Digital-Music,profile,full_unseen_catalogue,target_margin,full_catalogue,full_catalogue,intervention_success_ndcg,loo,random,0.0016,0.0,0.0,0.004,0.49945005499450057,0.5,0.08962286574594751,250,2,0,248,10000,10000,1.0
Amazon-Digital-Music,profile,full_unseen_catalogue,target_margin,full_catalogue,full_catalogue,intervention_success_ndcg,greedy_cf,random,0.0,0.0,-0.0032,0.0032,1.0,1.0,0.0,250,2,2,246,10000,10000,1.0
Amazon-Digital-Music,profile,sampled_unseen_negatives_with_target,target_margin,primary,primary,aia,shapley_mc,lime,-0.4451710960711115,-0.36,-0.46712330195269125,-0.4237597053497328,9.999000099990002e-05,7.352108113763136e-234,-1.2539217399221512,1000,35,955,10,10000,10000,0.000999900009999
Amazon-Digital-Music,profile,sampled_unseen_negatives_with_target,target_margin,primary,primary,aia,shapley_mc,loo,-0.47033053511503975,-0.3999999999999999,-0.4913920637810332,-0.4495023154402357,9.999000099990002e-05,4.947770091034737e-246,-1.3888816366097552,1000,27,964,9,10000,10000,0.000999900009999
Amazon-Digital-Music,profile,sampled_unseen_negatives_with_target,target_margin,primary,primary,aia,shapley_mc,greedy_cf,-0.15506216562075695,-0.08571428571428572,-0.1821725300013454,-0.12695010854212865,9.999000099990002e-05,2.6094145808374372e-06,-0.34977600836919087,1000,417,565,18,10000,10000,0.000999900009999
Amazon-Digital-Music,profile,sampled_unseen_negatives_with_target,target_margin,primary,primary,aia,shapley_mc,random,0.30553743949033424,0.4,0.2780000229382331,0.3330884109579791,9.999000099990002e-05,2.1213358108913214e-62,0.6853780300539569,1000,740,232,28,10000,10000,0.000999900009999
Amazon-Digital-Music,profile,sampled_unseen_negatives_with_target,target_margin,primary,primary,aia,lime,loo,-0.02515943904392821,0.0,-0.028246204181654258,-0.021935423172415824,9.999000099990002e-05,1.3345548508026007e-63,-0.49272461695047387,1000,99,492,409,10000,10000,0.000999900009999
Amazon-Digital-Music,profile,sampled_unseen_negatives_with_target,target_margin,primary,primary,aia,lime,greedy_cf,0.2901089304503546,0.29999999999999993,0.276654815870533,0.30352529023375996,9.999000099990002e-05,6.236406777300893e-188,1.3360606274396893,1000,884,61,55,10000,10000,0.000999900009999
Amazon-Digital-Music,profile,sampled_unseen_negatives_with_target,target_margin,primary,primary,aia,lime,random,0.7507085355614458,0.7999999999999999,0.7329640280336278,0.7681567794046769,9.999000099990002e-05,1.1920562921702113e-277,2.6666882187658794,1000,983,9,8,10000,10000,0.000999900009999
Amazon-Digital-Music,profile,sampled_unseen_negatives_with_target,target_margin,primary,primary,aia,loo,greedy_cf,0.3152683694942829,0.3124075924075923,0.3014639573076562,0.3290194684676778,9.999000099990002e-05,3.6211323772450513e-191,1.3916179844858685,1000,886,58,56,10000,10000,0.000999900009999
Amazon-Digital-Music,profile,sampled_unseen_negatives_with_target,target_margin,primary,primary,aia,loo,random,0.775867974605374,0.8209090909090908,0.7578937627863622,0.7936939462223792,9.999000099990002e-05,4.682142017730387e-277,2.6791535571313307,1000,981,9,10,10000,10000,0.000999900009999
Amazon-Digital-Music,profile,sampled_unseen_negatives_with_target,target_margin,primary,primary,aia,greedy_cf,random,0.4605996051110912,0.4799999999999999,0.4405436803881103,0.48049367114064984,9.999000099990002e-05,6.399607705921142e-187,1.4392672210873005,1000,909,70,21,10000,10000,0.000999900009999
Amazon-Digital-Music,profile,sampled_unseen_negatives_with_target,target_margin,primary,primary,aia_ndcg,shapley_mc,lime,0.16516778538975463,0.09177788727679409,0.09955136709750992,0.2292244253816221,9.999000099990002e-05,1.9729062019889314e-07,0.25680740390917345,383,209,115,59,10000,10000,0.000999900009999
Amazon-Digital-Music,profile,sampled_unseen_negatives_with_target,target_margin,primary,primary,aia_ndcg,shapley_mc,loo,0.16097671242956638,0.07602401471090167,0.0968745685366529,0.2248785252538365,9.999000099990002e-05,7.069971989033145e-07,0.2479244052823104,383,208,118,57,10000,10000,0.000999900009999
Amazon-Digital-Music,profile,sampled_unseen_negatives_with_target,target_margin,primary,primary,aia_ndcg,shapley_mc,greedy_cf,0.24937676790088323,0.20412414523193145,0.1893423577160124,0.30762103819217196,9.999000099990002e-05,3.75460250962214e-20,0.4242930671686738,383,239,78,66,10000,10000,0.000999900009999
Amazon-Digital-Music,profile,sampled_unseen_negatives_with_target,target_margin,primary,primary,aia_ndcg,shapley_mc,random,0.502959689416329,0.5163977794943223,0.43296921639492986,0.5703840885648426,9.999000099990002e-05,2.0827929410635934e-37,0.7229979844504163,383,282,56,45,10000,10000,0.000999900009999
Amazon-Digital-Music,profile,sampled_unseen_negatives_with_target,target_margin,primary,primary,aia_ndcg,lime,loo,-0.004191072960188236,0.0,-0.016505696398399113,0.009170098380100229,0.5287471252874713,0.017541695301202177,-0.032572047851301654,383,51,79,253,10000,10000,0.5287471252874713
Amazon-Digital-Music,profile,sampled_unseen_negatives_with_target,target_margin,primary,primary,aia_ndcg,lime,greedy_cf,0.08420898251112859,0.0,0.03227788320879154,0.13619306118033148,0.0016998300169983002,6.91758075464581e-05,0.16324227306479044,383,177,109,97,10000,10000,0.0033996600339966003
Amazon-Digital-Music,profile,sampled_unseen_negatives_with_target,target_margin,primary,primary,aia_ndcg,lime,random,0.3377919040265744,0.39973295613552917,0.26432723842417216,0.41168281855950234,9.999000099990002e-05,3.3917443059374927e-15,0.4584124885654995,383,242,98,43,10000,10000,0.000999900009999
Amazon-Digital-Music,profile,sampled_unseen_negatives_with_target,target_margin,primary,primary,aia_ndcg,loo,greedy_cf,0.08840005547131682,0.0,0.03604407654711312,0.1391609877379286,0.0004999500049995,2.5304934142163017e-05,0.17077084991753752,383,184,111,88,10000,10000,0.0014998500149985001
Amazon-Digital-Music,profile,sampled_unseen_negatives_with_target,target_margin,primary,primary,aia_ndcg,loo,random,0.3419829769867626,0.42163702135578385,0.26737830577337063,0.41502661924981743,9.999000099990002e-05,2.3766267208745225e-17,0.46097519002236464,383,246,92,45,10000,10000,0.000999900009999
Amazon-Digital-Music,profile,sampled_unseen_negatives_with_target,target_margin,primary,primary,aia_ndcg,greedy_cf,random,0.25358292151544576,0.223606797749979,0.18297364253230525,0.32321944979656897,9.999000099990002e-05,1.1447773156339567e-13,0.3603183188304131,383,235,100,48,10000,10000,0.000999900009999
Amazon-Digital-Music,profile,sampled_unseen_negatives_with_target,target_margin,primary,primary,faithfulness_alignment,shapley_mc,lime,-0.8980105178567562,-0.8599999999999999,-0.9262200783617828,-0.8700874641900929,9.999000099990002e-05,1.8665272370064378e-301,-1.9667713135632843,1000,0,1000,0,10000,10000,0.000999900009999
Amazon-Digital-Music,profile,sampled_unseen_negatives_with_target,target_margin,primary,primary,faithfulness_alignment,shapley_mc,loo,-0.9359974433358179,-0.8933333333333333,-0.963012962523029,-0.9084919375266117,9.999000099990002e-05,1.8665272370064378e-301,-2.133477715794724,1000,0,1000,0,10000,10000,0.000999900009999
Amazon-Digital-Music,profile,sampled_unseen_negatives_with_target,target_margin,primary,primary,faithfulness_alignment,shapley_mc,greedy_cf,-0.4814535987851158,-0.43999999999999995,-0.5162166875141112,-0.4467711997201714,9.999000099990002e-05,2.1223007414945725e-63,-0.8568761341029338,1000,238,756,6,10000,10000,0.000999900009999
Amazon-Digital-Music,profile,sampled_unseen_negatives_with_target,target_margin,primary,primary,faithfulness_alignment,shapley_mc,random,0.06206902686065225,0.10000000000000003,0.03129438361213091,0.09357981229644968,0.00019998000199980003,8.932155672555461e-08,0.12346825784417657,1000,574,406,20,10000,10000,0.000999900009999
Amazon-Digital-Music,profile,sampled_unseen_negatives_with_target,target_margin,primary,primary,faithfulness_alignment,lime,loo,-0.03798692547906171,-0.03936274509803911,-0.04044821270525142,-0.035585105938179484,9.999000099990002e-05,3.5910604374153675e-189,-0.969000747532734,1000,0,627,373,10000,10000,0.000999900009999
Amazon-Digital-Music,profile,sampled_unseen_negatives_with_target,target_margin,primary,primary,faithfulness_alignment,lime,greedy_cf,0.41655691907164044,0.4,0.40387218839210326,0.4290483943062871,9.999000099990002e-05,9.408063409580792e-290,2.059495599152901,1000,978,2,20,10000,10000,0.000999900009999
Amazon-Digital-Music,profile,sampled_unseen_negatives_with_target,target_margin,primary,primary,faithfulness_alignment,lime,random,0.9600795447174084,0.9510714285714286,0.9452962086641428,0.9754292090414746,9.999000099990002e-05,1.8665272370064378e-301,3.957364710607817,1000,1000,0,0,10000,10000,0.000999900009999
Amazon-Digital-Music,profile,sampled_unseen_negatives_with_target,target_margin,primary,primary,faithfulness_alignment,loo,greedy_cf,0.4545438445507021,0.4600000000000001,0.4417627706422834,0.4674397131117077,9.999000099990002e-05,6.116236450222695e-297,2.2152339685764306,1000,985,0,15,10000,10000,0.000999900009999
Amazon-Digital-Music,profile,sampled_unseen_negatives_with_target,target_margin,primary,primary,faithfulness_alignment,loo,random,0.9980664701964702,1.0,0.9834431793786709,1.0129893914212722,9.999000099990002e-05,1.8665272370064378e-301,4.190427027789959,1000,1000,0,0,10000,10000,0.000999900009999
Amazon-Digital-Music,profile,sampled_unseen_negatives_with_target,target_margin,primary,primary,faithfulness_alignment,greedy_cf,random,0.543522625645768,0.5142857142857142,0.5243680408121291,0.5622345202632765,9.999000099990002e-05,1.819883319519505e-241,1.7704304456190512,1000,961,30,9,10000,10000,0.000999900009999
Amazon-Digital-Music,profile,sampled_unseen_negatives_with_target,target_margin,primary,primary,actionability_gap,shapley_mc,lime,0.45283942178564474,0.4,0.4336360584393677,0.4725050568885449,9.999000099990002e-05,9.609830710589899e-293,1.4253138323436658,1000,980,1,19,10000,10000,0.000999900009999
Amazon-Digital-Music,profile,sampled_unseen_negatives_with_target,target_margin,primary,primary,actionability_gap,shapley_mc,loo,0.46566690822077816,0.4,0.44632482007272917,0.4858239163216814,9.999000099990002e-05,1.5107104032050057e-294,1.4484242421852866,1000,986,1,13,10000,10000,0.000999900009999
Amazon-Digital-Music,profile,sampled_unseen_negatives_with_target,target_margin,primary,primary,actionability_gap,shapley_mc,greedy_cf,0.32639143316435887,0.24,0.30780325949617976,0.3450021784852145,9.999000099990002e-05,8.8323740238576e-223,1.0877804732716374,1000,924,37,39,10000,10000,0.000999900009999
Amazon-Digital-Music,profile,sampled_unseen_negatives_with_target,target_margin,primary,primary,actionability_gap,shapley_mc,random,0.24346841262968197,0.19999999999999998,0.22817260964847844,0.25903597711486137,9.999000099990002e-05,3.3931441952153095e-179,0.9708665017450411,1000,874,68,58,10000,10000,0.000999900009999
Amazon-Digital-Music,profile,sampled_unseen_negatives_with_target,target_margin,primary,primary,actionability_gap,lime,loo,0.012827486435133503,0.0,0.009777463494451891,0.016040800656773577,9.999000099990002e-05,1.5715999447571038e-08,0.2575615212428923,1000,370,231,399,10000,10000,0.000999900009999
Amazon-Digital-Music,profile,sampled_unseen_negatives_with_target,target_margin,primary,primary,actionability_gap,lime,greedy_cf,-0.12644798862128584,-0.10378787878787882,-0.13621140349884894,-0.11725601954650097,9.999000099990002e-05,1.2385935008283185e-129,-0.8277027626659645,1000,107,791,102,10000,10000,0.000999900009999
Amazon-Digital-Music,profile,sampled_unseen_negatives_with_target,target_margin,primary,primary,actionability_gap,lime,random,-0.2093710091559627,-0.15999999999999992,-0.2251088416056338,-0.19445191105785337,9.999000099990002e-05,3.2075906220791404e-148,-0.8508600372909981,1000,101,850,49,10000,10000,0.000999900009999
Amazon-Digital-Music,profile,sampled_unseen_negatives_with_target,target_margin,primary,primary,actionability_gap,loo,greedy_cf,-0.13927547505641935,-0.11598313451254624,-0.14900427714365097,-0.1297874144082182,9.999000099990002e-05,4.396154174042749e-148,-0.9024575826226692,1000,89,817,94,10000,10000,0.000999900009999
Amazon-Digital-Music,profile,sampled_unseen_negatives_with_target,target_margin,primary,primary,actionability_gap,loo,random,-0.22219849559109622,-0.16787878787878785,-0.237632882998967,-0.2072587144826278,9.999000099990002e-05,3.072038741687004e-167,-0.9051482452621276,1000,83,874,43,10000,10000,0.000999900009999
Amazon-Digital-Music,profile,sampled_unseen_negatives_with_target,target_margin,primary,primary,actionability_gap,greedy_cf,random,-0.08292302053467689,-0.023571428571428556,-0.09883084555704874,-0.06769806723629829,9.999000099990002e-05,8.312934486103646e-06,-0.3272671016576443,1000,405,543,52,10000,10000,0.000999900009999
Amazon-Digital-Music,profile,sampled_unseen_negatives_with_target,target_margin,primary,primary,signed_alignment,shapley_mc,lime,-0.045399952658280826,-0.039999999999999813,-0.04958203151299164,-0.04109912597941274,9.999000099990002e-05,4.6347504151358726e-135,-0.6622710648647372,1000,72,719,209,10000,10000,0.000999900009999
Amazon-Digital-Music,profile,sampled_unseen_negatives_with_target,target_margin,primary,primary,signed_alignment,shapley_mc,loo,-0.0509980480716394,-0.043192596876807376,-0.05532021621876575,-0.04671987860539872,9.999000099990002e-05,1.589153505275597e-132,-0.7256518400606616,1000,78,726,196,10000,10000,0.000999900009999
Amazon-Digital-Music,profile,sampled_unseen_negatives_with_target,target_margin,primary,primary,signed_alignment,shapley_mc,greedy_cf,0.813924053789348,0.7999999999999998,0.7935352744434357,0.8341246838619326,9.999000099990002e-05,1.8665272370064378e-301,2.4673539664131905,1000,1000,0,0,10000,10000,0.000999900009999
Amazon-Digital-Music,profile,sampled_unseen_negatives_with_target,target_margin,primary,primary,signed_alignment,shapley_mc,random,0.9124507650450685,0.9150375939849624,0.8970007795917962,0.9280649302271514,9.999000099990002e-05,3.110894301402977e-293,3.6189034324945255,1000,997,3,0,10000,10000,0.000999900009999
Amazon-Digital-Music,profile,sampled_unseen_negatives_with_target,target_margin,primary,primary,signed_alignment,lime,loo,-0.005598095413358571,0.0,-0.006782367845776515,-0.004434534828303791,9.999000099990002e-05,5.124710192294874e-43,-0.2920714855057383,1000,89,376,535,10000,10000,0.000999900009999
Amazon-Digital-Music,profile,sampled_unseen_negatives_with_target,target_margin,primary,primary,signed_alignment,lime,greedy_cf,0.8593240064476286,0.84,0.8392009317125083,0.8795241019781301,9.999000099990002e-05,1.8665272370064378e-301,2.6567932612305505,1000,1000,0,0,10000,10000,0.000999900009999
Amazon-Digital-Music,profile,sampled_unseen_negatives_with_target,target_margin,primary,primary,signed_alignment,lime,random,0.9578507177033494,0.9655234239444765,0.9421940500592029,0.9734403258417279,9.999000099990002e-05,3.7330544740128755e-298,3.804633856838032,1000,998,1,1,10000,10000,0.000999900009999
Amazon-Digital-Music,profile,sampled_unseen_negatives_with_target,target_margin,primary,primary,signed_alignment,loo,greedy_cf,0.8649221018609873,0.84,0.8451891258393307,0.8843787191122859,9.999000099990002e-05,1.8665272370064378e-301,2.7123441057079605,1000,1000,0,0,10000,10000,0.000999900009999
Amazon-Digital-Music,profile,sampled_unseen_negatives_with_target,target_margin,primary,primary,signed_alignment,loo,random,0.9634488131167079,0.9773809523809524,0.9472882245283095,0.978971119610008,9.999000099990002e-05,3.7330544740128755e-298,3.807373573425271,1000,998,1,1,10000,10000,0.000999900009999
Amazon-Digital-Music,profile,sampled_unseen_negatives_with_target,target_margin,primary,primary,signed_alignment,greedy_cf,random,0.09852671125572056,0.15714285714285717,0.07302783096315449,0.12355765432155565,9.999000099990002e-05,4.1919280367173977e-16,0.2446477475648957,1000,612,359,29,10000,10000,0.000999900009999
Amazon-Digital-Music,profile,sampled_unseen_negatives_with_target,target_margin,primary,primary,signed_alignment_ndcg,shapley_mc,lime,-0.021251439800143844,0.0,-0.03524405331380199,-0.008115844447094057,0.0011998800119988001,4.5251347234619534e-05,-0.15743239103327664,383,37,82,264,10000,10000,0.0035996400359964006
Amazon-Digital-Music,profile,sampled_unseen_negatives_with_target,target_margin,primary,primary,signed_alignment_ndcg,shapley_mc,loo,-0.021650847116208596,0.0,-0.03577751490749778,-0.0078084600798661126,0.001999800019998,0.00035945913215013216,-0.1556919957455493,383,46,88,249,10000,10000,0.003999600039996
Amazon-Digital-Music,profile,sampled_unseen_negatives_with_target,target_margin,primary,primary,signed_alignment_ndcg,shapley_mc,greedy_cf,0.2991813668003772,0.2053959590644373,0.2573709881898566,0.3433006223369497,9.999000099990002e-05,3.238049954654924e-45,0.693784261582338,383,256,31,96,10000,10000,0.000999900009999
Amazon-Digital-Music,profile,sampled_unseen_negatives_with_target,target_margin,primary,primary,signed_alignment_ndcg,shapley_mc,random,0.7893400574194464,0.8145401764942941,0.734831143706148,0.8431584859765193,9.999000099990002e-05,5.097928502464965e-82,1.452754557804512,383,335,13,35,10000,10000,0.000999900009999
Amazon-Digital-Music,profile,sampled_unseen_negatives_with_target,target_margin,primary,primary,signed_alignment_ndcg,lime,loo,-0.00039940731606475125,0.0,-0.004132763503142335,0.0031941407394021886,0.8285171482851715,1.0,-0.011011375170496928,383,37,38,308,10000,10000,0.8285171482851715
Amazon-Digital-Music,profile,sampled_unseen_negatives_with_target,target_margin,primary,primary,signed_alignment_ndcg,lime,greedy_cf,0.32043280660052104,0.21081851067789192,0.27942632506843956,0.36364876764749293,9.999000099990002e-05,8.541757459692319e-53,0.7650020320072386,383,257,21,105,10000,10000,0.000999900009999
Amazon-Digital-Music,profile,sampled_unseen_negatives_with_target,target_margin,primary,primary,signed_alignment_ndcg,lime,random,0.8105914972195902,0.8211028016075386,0.7561274966674769,0.8633960620878227,9.999000099990002e-05,4.600222741086457e-90,1.505398481683892,383,342,8,33,10000,10000,0.000999900009999
Amazon-Digital-Music,profile,sampled_unseen_negatives_with_target,target_margin,primary,primary,signed_alignment_ndcg,loo,greedy_cf,0.32083221391658584,0.20976176963403037,0.27988231827497534,0.3624367516943319,9.999000099990002e-05,1.5844544749490137e-52,0.7628783702448942,383,262,23,98,10000,10000,0.000999900009999
Amazon-Digital-Music,profile,sampled_unseen_negatives_with_target,target_margin,primary,primary,signed_alignment_ndcg,loo,random,0.8109909045356548,0.8198915917499229,0.7570851644685771,0.864532404503176,9.999000099990002e-05,3.0865229054499605e-87,1.5006452147372829,383,341,10,32,10000,10000,0.000999900009999
Amazon-Digital-Music,profile,sampled_unseen_negatives_with_target,target_margin,primary,primary,signed_alignment_ndcg,greedy_cf,random,0.49015869061906897,0.5163977794943222,0.42285114399809437,0.556960328344015,9.999000099990002e-05,6.9816527333628005e-40,0.7352037066454569,383,282,51,50,10000,10000,0.000999900009999
Amazon-Digital-Music,profile,sampled_unseen_negatives_with_target,target_margin,primary,primary,direction_accuracy,shapley_mc,lime,-0.14683860052400297,-0.12307692307692308,-0.15554077382962753,-0.13803618707305335,9.999000099990002e-05,4.608125224331895e-155,-1.0448107825738857,1000,94,858,48,10000,10000,0.000999900009999
Amazon-Digital-Music,profile,sampled_unseen_negatives_with_target,target_margin,primary,primary,direction_accuracy,shapley_mc,loo,-0.15718924996400227,-0.1333333333333333,-0.1656134343015945,-0.1489012168586058,9.999000099990002e-05,2.7941779235215664e-186,-1.1749338325318053,1000,66,894,40,10000,10000,0.000999900009999
Amazon-Digital-Music,profile,sampled_unseen_negatives_with_target,target_margin,primary,primary,direction_accuracy,shapley_mc,greedy_cf,0.11818917471761126,0.1333333333333333,0.1109221118625312,0.12543149751682356,9.999000099990002e-05,1.5040399276409088e-129,1.012406289538224,1000,823,120,57,10000,10000,0.000999900009999
Amazon-Digital-Music,profile,sampled_unseen_negatives_with_target,target_margin,primary,primary,direction_accuracy,shapley_mc,random,0.26273318430709297,0.27999999999999997,0.2527163277993077,0.27260580766219505,9.999000099990002e-05,4.0338231745731353e-197,1.62415465932572,1000,921,62,17,10000,10000,0.000999900009999
Amazon-Digital-Music,profile,sampled_unseen_negatives_with_target,target_margin,primary,primary,direction_accuracy,lime,loo,-0.010350649439999289,0.0,-0.012060995749112433,-0.008622507519011783,9.999000099990002e-05,3.6258910686889264e-41,-0.36603479782050047,1000,75,339,586,10000,10000,0.000999900009999
Amazon-Digital-Music,profile,sampled_unseen_negatives_with_target,target_margin,primary,primary,direction_accuracy,lime,greedy_cf,0.26502777524161425,0.2666666666666666,0.25920830631631864,0.2707420799734536,9.999000099990002e-05,3.721870242808733e-295,2.838720002596318,1000,996,2,2,10000,10000,0.000999900009999
Amazon-Digital-Music,profile,sampled_unseen_negatives_with_target,target_margin,primary,primary,direction_accuracy,lime,random,0.409571784831096,0.40000000000000013,0.40260070816041116,0.41672199129830434,9.999000099990002e-05,7.466108948025751e-301,3.555972920475564,1000,998,0,2,10000,10000,0.000999900009999
Amazon-Digital-Music,profile,sampled_unseen_negatives_with_target,target_margin,primary,primary,direction_accuracy,loo,greedy_cf,0.2753784246816135,0.275,0.26997996904340504,0.2809755474499701,9.999000099990002e-05,1.8646644428239053e-295,3.1325234097065886,1000,997,2,1,10000,10000,0.000999900009999
Amazon-Digital-Music,profile,sampled_unseen_negatives_with_target,target_margin,primary,primary,direction_accuracy,loo,random,0.41992243427109527,0.4285714285714287,0.412624481562684,0.427102416266525,9.999000099990002e-05,7.466108948025751e-301,3.6057280697856564,1000,998,0,2,10000,10000,0.000999900009999
Amazon-Digital-Music,profile,sampled_unseen_negatives_with_target,target_margin,primary,primary,direction_accuracy,greedy_cf,random,0.14454400958948174,0.15000000000000002,0.13641443478971146,0.15279183592319273,9.999000099990002e-05,2.967557531287565e-135,1.0871405708154078,1000,829,113,58,10000,10000,0.000999900009999
Amazon-Digital-Music,profile,sampled_unseen_negatives_with_target,target_margin,primary,primary,direction_accuracy_ndcg,shapley_mc,lime,0.009585172452819512,0.0,-0.010386966448116496,0.03014655607744991,0.36506349365063495,0.6535984498230588,0.046749338360807836,384,65,59,260,10000,10000,0.7301269873012699
Amazon-Digital-Music,profile,sampled_unseen_negatives_with_target,target_margin,primary,primary,direction_accuracy_ndcg,shapley_mc,loo,0.005068183365517925,0.0,-0.015858164554884455,0.025534065543831152,0.6275372462753724,0.791007449402878,0.024770673558619727,384,62,66,256,10000,10000,0.7301269873012699
Amazon-Digital-Music,profile,sampled_unseen_negatives_with_target,target_margin,primary,primary,direction_accuracy_ndcg,shapley_mc,greedy_cf,0.09748334539235275,0.0,0.0755321142424773,0.12043428292882566,9.999000099990002e-05,3.450382863956076e-21,0.4300611729844345,384,131,20,233,10000,10000,0.000999900009999
Amazon-Digital-Music,profile,sampled_unseen_negatives_with_target,target_margin,primary,primary,direction_accuracy_ndcg,shapley_mc,random,0.4378508097889992,0.45238095238095244,0.40271533768072715,0.4726111079888079,9.999000099990002e-05,2.508409737222586e-74,1.2195815785316002,384,292,9,83,10000,10000,0.000999900009999
Amazon-Digital-Music,profile,sampled_unseen_negatives_with_target,target_margin,primary,primary,direction_accuracy_ndcg,lime,loo,-0.004516989087301587,0.0,-0.01056723296957672,0.0013465453455687834,0.14228577142285773,0.06142834573984146,-0.07544791306964342,384,9,20,355,10000,10000,0.4268573142685732
Amazon-Digital-Music,profile,sampled_unseen_negatives_with_target,target_margin,primary,primary,direction_accuracy_ndcg,lime,greedy_cf,0.08789817293953324,0.0,0.06723377232640215,0.10873128432684384,9.999000099990002e-05,2.377086312176393e-15,0.4239932307075946,384,144,39,201,10000,10000,0.000999900009999
Amazon-Digital-Music,profile,sampled_unseen_negatives_with_target,target_margin,primary,primary,direction_accuracy_ndcg,lime,random,0.42826563733617956,0.4461951447245565,0.38988888405133815,0.46645662498819096,9.999000099990002e-05,2.8828330344113266e-69,1.1194324596293652,384,290,13,81,10000,10000,0.000999900009999
Amazon-Digital-Music,profile,sampled_unseen_negatives_with_target,target_margin,primary,primary,direction_accuracy_ndcg,loo,greedy_cf,0.09241516202683482,0.0,0.0724294018018168,0.11261669491362734,9.999000099990002e-05,9.459176223023855e-18,0.45283667558473045,384,152,37,195,10000,10000,0.000999900009999
Amazon-Digital-Music,profile,sampled_unseen_negatives_with_target,target_margin,primary,primary,direction_accuracy_ndcg,loo,random,0.43278262642348125,0.45016339869281047,0.3952658462276167,0.4704676989857654,9.999000099990002e-05,1.8083095700235609e-71,1.1325433317552402,384,294,12,78,10000,10000,0.000999900009999
Amazon-Digital-Music,profile,sampled_unseen_negatives_with_target,target_margin,primary,primary,direction_accuracy_ndcg,greedy_cf,random,0.3403674643966464,0.33333333333333337,0.2982257583135053,0.38189446054120335,9.999000099990002e-05,2.383677816471526e-41,0.8137579518328308,384,258,38,88,10000,10000,0.000999900009999
Amazon-Digital-Music,profile,sampled_unseen_negatives_with_target,target_margin,primary,primary,top1_precision,shapley_mc,lime,-0.021,0.0,-0.0322,-0.010000000000000002,0.0005999400059994001,0.0004715514719256854,-0.11547516510691651,1000,193,269,538,10000,10000,0.000999900009999
Amazon-Digital-Music,profile,sampled_unseen_negatives_with_target,target_margin,primary,primary,top1_precision,shapley_mc,loo,-0.03359999999999999,0.0,-0.046605,-0.0206,9.999000099990002e-05,5.660229670439331e-05,-0.16085086702951235,1000,221,315,464,10000,10000,0.000999900009999
Amazon-Digital-Music,profile,sampled_unseen_negatives_with_target,target_margin,primary,primary,top1_precision,shapley_mc,greedy_cf,0.7266,0.8,0.7134000000000001,0.7398,9.999000099990002e-05,7.4288381321572065e-295,3.371016957870722,1000,995,2,3,10000,10000,0.000999900009999
Amazon-Digital-Music,profile,sampled_unseen_negatives_with_target,target_margin,primary,primary,top1_precision,shapley_mc,random,0.6484000000000001,0.6000000000000001,0.6336,0.6634,9.999000099990002e-05,9.49877362136631e-286,2.708381177803947,1000,979,4,17,10000,10000,0.000999900009999
Amazon-Digital-Music,profile,sampled_unseen_negatives_with_target,target_margin,primary,primary,top1_precision,lime,loo,-0.012599999999999998,0.0,-0.019,-0.006399999999999999,0.00019998000199980003,0.0026914770025668754,-0.12095221049260854,1000,73,115,812,10000,10000,0.000999900009999
Amazon-Digital-Music,profile,sampled_unseen_negatives_with_target,target_margin,primary,primary,top1_precision,lime,greedy_cf,0.7476,0.8,0.7348000000000001,0.7606,9.999000099990002e-05,2.9864435792103004e-300,3.599502038227076,1000,996,0,4,10000,10000,0.000999900009999
Amazon-Digital-Music,profile,sampled_unseen_negatives_with_target,target_margin,primary,primary,top1_precision,lime,random,0.6694,0.6000000000000001,0.654,0.6848000000000001,9.999000099990002e-05,3.0701775057674793e-287,2.6813357518246494,1000,977,3,20,10000,10000,0.000999900009999
Amazon-Digital-Music,profile,sampled_unseen_negatives_with_target,target_margin,primary,primary,top1_precision,loo,greedy_cf,0.7602000000000001,0.8,0.7476,0.7727999999999999,9.999000099990002e-05,2.9864435792103004e-300,3.7480989207860542,1000,996,0,4,10000,10000,0.000999900009999
Amazon-Digital-Music,profile,sampled_unseen_negatives_with_target,target_margin,primary,primary,top1_precision,loo,random,0.682,0.8,0.6662,0.6974000000000001,9.999000099990002e-05,1.53979278458853e-287,2.6861958444591747,1000,978,3,19,10000,10000,0.000999900009999
Amazon-Digital-Music,profile,sampled_unseen_negatives_with_target,target_margin,primary,primary,top1_precision,greedy_cf,random,-0.0782,0.0,-0.093,-0.06359999999999999,9.999000099990002e-05,3.9666043868259964e-20,-0.32886969327897225,1000,207,439,354,10000,10000,0.000999900009999
Amazon-Digital-Music,profile,sampled_unseen_negatives_with_target,target_margin,primary,primary,top3_precision,shapley_mc,lime,0.06386666666666664,0.06666666666666665,0.05686666666666665,0.07099999999999998,9.999000099990002e-05,4.130796265770486e-63,0.5655777032703918,1000,635,172,193,10000,10000,0.000999900009999
Amazon-Digital-Music,profile,sampled_unseen_negatives_with_target,target_margin,primary,primary,top3_precision,shapley_mc,loo,0.04513333333333331,0.06666666666666665,0.03733166666666665,0.05306666666666665,9.999000099990002e-05,4.924744219544958e-38,0.3547317145847039,1000,595,230,175,10000,10000,0.000999900009999
Amazon-Digital-Music,profile,sampled_unseen_negatives_with_target,target_margin,primary,primary,top3_precision,shapley_mc,greedy_cf,0.1769333333333333,0.1333333333333333,0.16806666666666664,0.18606666666666666,9.999000099990002e-05,1.708412724536252e-246,1.208976361863863,1000,841,3,156,10000,10000,0.000999900009999
Amazon-Digital-Music,profile,sampled_unseen_negatives_with_target,target_margin,primary,primary,top3_precision,shapley_mc,random,0.36973333333333336,0.3333333333333333,0.3574666666666666,0.3818,9.999000099990002e-05,2.3891548633682403e-299,1.9031159472443606,1000,993,0,7,10000,10000,0.000999900009999
Amazon-Digital-Music,profile,sampled_unseen_negatives_with_target,target_margin,primary,primary,top3_precision,lime,loo,-0.018733333333333334,0.0,-0.022200000000000004,-0.015400000000000002,9.999000099990002e-05,9.522957717011933e-23,-0.3390897494384691,1000,83,262,655,10000,10000,0.000999900009999
Amazon-Digital-Music,profile,sampled_unseen_negatives_with_target,target_margin,primary,primary,top3_precision,lime,greedy_cf,0.11306666666666665,0.0,0.10033333333333334,0.12606666666666666,9.999000099990002e-05,6.914874729625339e-19,0.5476905745886835,1000,475,239,286,10000,10000,0.000999900009999
Amazon-Digital-Music,profile,sampled_unseen_negatives_with_target,target_margin,primary,primary,top3_precision,lime,random,0.3058666666666667,0.2666666666666666,0.2902666666666667,0.3218666666666667,9.999000099990002e-05,2.0123672671456677e-207,1.196197248430287,1000,896,44,60,10000,10000,0.000999900009999
Amazon-Digital-Music,profile,sampled_unseen_negatives_with_target,target_margin,primary,primary,top3_precision,loo,greedy_cf,0.1318,0.0,0.11766666666666667,0.14546666666666666,9.999000099990002e-05,1.0965921030171985e-21,0.591756186794286,1000,481,228,291,10000,10000,0.000999900009999
Amazon-Digital-Music,profile,sampled_unseen_negatives_with_target,target_margin,primary,primary,top3_precision,loo,random,0.3246,0.2666666666666666,0.30806666666666666,0.3418683333333332,9.999000099990002e-05,1.4606515167121796e-202,1.1873259473349123,1000,893,48,59,10000,10000,0.000999900009999
Amazon-Digital-Music,profile,sampled_unseen_negatives_with_target,target_margin,primary,primary,top3_precision,greedy_cf,random,0.19279999999999997,0.19999999999999996,0.18413333333333332,0.20106833333333332,9.999000099990002e-05,1.1186872643181404e-198,1.4017392887236344,1000,893,52,55,10000,10000,0.000999900009999
Amazon-Digital-Music,profile,sampled_unseen_negatives_with_target,target_margin,primary,primary,top5_precision,shapley_mc,lime,0.07662666666666666,0.07999999999999996,0.07126991666666668,0.08208683333333333,9.999000099990002e-05,3.709140520756526e-122,0.8830810191177699,1000,753,104,143,10000,10000,0.000999900009999
Amazon-Digital-Music,profile,sampled_unseen_negatives_with_target,target_margin,primary,primary,top5_precision,shapley_mc,loo,0.06119000000000001,0.06666666666666665,0.05534991666666668,0.06698333333333334,9.999000099990002e-05,2.2484414725612067e-96,0.6494449067283827,1000,723,138,139,10000,10000,0.000999900009999
Amazon-Digital-Music,profile,sampled_unseen_negatives_with_target,target_margin,primary,primary,top5_precision,shapley_mc,greedy_cf,0.09411333333333334,0.06666666666666665,0.08760658333333333,0.10092008333333333,9.999000099990002e-05,7.819535884493028e-185,0.8757330055291526,1000,704,16,280,10000,10000,0.000999900009999
Amazon-Digital-Music,profile,sampled_unseen_negatives_with_target,target_margin,primary,primary,top5_precision,shapley_mc,random,0.2821,0.25,0.27254658333333326,0.29188016666666666,9.999000099990002e-05,2.3891548633682403e-299,1.8345149572989925,1000,993,0,7,10000,10000,0.000999900009999
Amazon-Digital-Music,profile,sampled_unseen_negatives_with_target,target_margin,primary,primary,top5_precision,lime,loo,-0.015436666666666665,0.0,-0.01789333333333333,-0.013023249999999997,9.999000099990002e-05,7.112944432540009e-36,-0.3932442208849375,1000,75,314,611,10000,10000,0.000999900009999
Amazon-Digital-Music,profile,sampled_unseen_negatives_with_target,target_margin,primary,primary,top5_precision,lime,greedy_cf,0.017486666666666664,0.0,0.008476583333333334,0.026946749999999995,0.00019998000199980003,1.4588784206776735e-18,0.11539623798178106,1000,238,471,291,10000,10000,0.000999900009999
Amazon-Digital-Music,profile,sampled_unseen_negatives_with_target,target_margin,primary,primary,top5_precision,lime,random,0.20547333333333337,0.15000000000000002,0.19322999999999999,0.21788675000000002,9.999000099990002e-05,1.294483688201463e-195,1.041598065790785,1000,875,50,75,10000,10000,0.000999900009999
Amazon-Digital-Music,profile,sampled_unseen_negatives_with_target,target_margin,primary,primary,top5_precision,loo,greedy_cf,0.03292333333333333,0.0,0.022876666666666667,0.043207083333333327,9.999000099990002e-05,2.0901560747905462e-10,0.20275711583645187,1000,261,428,311,10000,10000,0.000999900009999
Amazon-Digital-Music,profile,sampled_unseen_negatives_with_target,target_margin,primary,primary,top5_precision,loo,random,0.22091,0.15999999999999998,0.20789316666666666,0.2340434166666667,9.999000099990002e-05,3.4360400407778084e-196,1.0447523213750627,1000,884,52,64,10000,10000,0.000999900009999
Amazon-Digital-Music,profile,sampled_unseen_negatives_with_target,target_margin,primary,primary,top5_precision,greedy_cf,random,0.1879866666666667,0.19999999999999996,0.18080625,0.19540366666666667,9.999000099990002e-05,1.546261492222784e-233,1.6035690678668868,1000,925,28,47,10000,10000,0.000999900009999
Amazon-Digital-Music,profile,sampled_unseen_negatives_with_target,target_margin,primary,primary,joint_effect_primary,shapley_mc,lime,2.2757241481031727e-05,0.0,1.664534909364623e-05,2.876201811061249e-05,9.999000099990002e-05,0.07788422526774529,0.23335246207125562,1000,479,425,96,10000,10000,0.000999900009999
Amazon-Digital-Music,profile,sampled_unseen_negatives_with_target,target_margin,primary,primary,joint_effect_primary,shapley_mc,loo,2.183669582985715e-05,0.0,1.578839688574874e-05,2.7979547242163698e-05,9.999000099990002e-05,0.973673056040045,0.22060222406537108,1000,460,458,82,10000,10000,0.000999900009999
Amazon-Digital-Music,profile,sampled_unseen_negatives_with_target,target_margin,primary,primary,joint_effect_primary,shapley_mc,greedy_cf,0.0008371261719204945,0.0007891029146931238,0.0008128348288448253,0.0008617378009639948,9.999000099990002e-05,3.7330544740128755e-301,2.1514245158868848,1000,999,0,1,10000,10000,0.000999900009999
Amazon-Digital-Music,profile,sampled_unseen_negatives_with_target,target_margin,primary,primary,joint_effect_primary,shapley_mc,random,0.0009910509188641968,0.0009008615281157427,0.0009602618392908584,0.0010225490314630357,9.999000099990002e-05,9.341987486489591e-296,1.970729320339393,1000,998,2,0,10000,10000,0.000999900009999
Amazon-Digital-Music,profile,sampled_unseen_negatives_with_target,target_margin,primary,primary,joint_effect_primary,lime,loo,-9.205456511745765e-07,0.0,-2.4077043507323372e-06,5.963253698728803e-07,0.22957704229577042,4.520704066460249e-10,-0.037818049741810224,1000,101,211,688,10000,10000,0.22957704229577042
Amazon-Digital-Music,profile,sampled_unseen_negatives_with_target,target_margin,primary,primary,joint_effect_primary,lime,greedy_cf,0.0008143689304394628,0.0007698536597941453,0.0007920123631787899,0.0008376481748414123,9.999000099990002e-05,1.8683937642434442e-298,2.224640113459682,1000,999,1,0,10000,10000,0.000999900009999
Amazon-Digital-Music,profile,sampled_unseen_negatives_with_target,target_margin,primary,primary,joint_effect_primary,lime,random,0.0009682936773831651,0.0008910265266512841,0.0009386352040812487,0.000998405751044256,9.999000099990002e-05,1.8683937642434442e-298,2.00838794892425,1000,999,1,0,10000,10000,0.000999900009999
Amazon-Digital-Music,profile,sampled_unseen_negatives_with_target,target_margin,primary,primary,joint_effect_primary,loo,greedy_cf,0.0008152894760906375,0.0007687165024438891,0.0007934958964089157,0.000838370556457712,9.999000099990002e-05,1.8683937642434442e-298,2.237688346622588,1000,999,1,0,10000,10000,0.000999900009999
Amazon-Digital-Music,profile,sampled_unseen_negatives_with_target,target_margin,primary,primary,joint_effect_primary,loo,random,0.0009692142230343397,0.0008942894882608465,0.0009400822630324104,0.0009993395922473839,9.999000099990002e-05,1.8683937642434442e-298,2.009522021650909,1000,999,1,0,10000,10000,0.000999900009999
Amazon-Digital-Music,profile,sampled_unseen_negatives_with_target,target_margin,primary,primary,joint_effect_primary,greedy_cf,random,0.00015392474694370228,0.00013378759094206385,0.0001253080524854731,0.0001816383148767053,9.999000099990002e-05,3.7085629383308365e-18,0.3375637802201857,1000,637,363,0,10000,10000,0.000999900009999
Amazon-Digital-Music,profile,sampled_unseen_negatives_with_target,target_margin,primary,primary,joint_effect_ndcg,shapley_mc,lime,0.0017677523316128787,0.0,0.0008018910140697486,0.002781694546827049,0.00029997000299970003,0.016841422756845043,0.11208267371085494,1000,89,59,852,10000,10000,0.000999900009999
Amazon-Digital-Music,profile,sampled_unseen_negatives_with_target,target_margin,primary,primary,joint_effect_ndcg,shapley_mc,loo,0.0016822108408026646,0.0,0.0007027200871761787,0.0026978554585489656,0.00039996000399960006,0.04086849386649404,0.1050465677215973,1000,88,62,850,10000,10000,0.000999900009999
Amazon-Digital-Music,profile,sampled_unseen_negatives_with_target,target_margin,primary,primary,joint_effect_ndcg,shapley_mc,greedy_cf,0.01498687439962125,0.0,0.012933768033321082,0.01712419497720608,9.999000099990002e-05,1.3330581090157033e-50,0.44935829871369326,1000,269,28,703,10000,10000,0.000999900009999
Amazon-Digital-Music,profile,sampled_unseen_negatives_with_target,target_margin,primary,primary,joint_effect_ndcg,shapley_mc,random,0.02928863294971526,0.0,0.026310869768158513,0.032369393883538065,9.999000099990002e-05,1.1956653613547829e-101,0.603506296475236,1000,377,7,616,10000,10000,0.000999900009999
Amazon-Digital-Music,profile,sampled_unseen_negatives_with_target,target_margin,primary,primary,joint_effect_ndcg,lime,loo,-8.554149081021409e-05,0.0,-0.00038518124170311755,0.00020432285949154754,0.5822417758224178,0.5715881884098053,-0.01791527150368552,1000,12,16,972,10000,10000,0.5822417758224178
Amazon-Digital-Music,profile,sampled_unseen_negatives_with_target,target_margin,primary,primary,joint_effect_ndcg,lime,greedy_cf,0.013219122068008371,0.0,0.011149251680616956,0.015370463681004497,9.999000099990002e-05,1.1395848561208444e-38,0.3952164460868004,1000,270,48,682,10000,10000,0.000999900009999
Amazon-Digital-Music,profile,sampled_unseen_negatives_with_target,target_margin,primary,primary,joint_effect_ndcg,lime,random,0.027520880618102383,0.0,0.02466054549724238,0.030468773009427932,9.999000099990002e-05,2.4954805608192882e-95,0.5862861443207124,1000,369,10,621,10000,10000,0.000999900009999
Amazon-Digital-Music,profile,sampled_unseen_negatives_with_target,target_margin,primary,primary,joint_effect_ndcg,loo,greedy_cf,0.013304663558818586,0.0,0.011236742630316278,0.015390695410088862,9.999000099990002e-05,3.425021682943952e-39,0.3992699201860535,1000,270,47,683,10000,10000,0.000999900009999
Amazon-Digital-Music,profile,sampled_unseen_negatives_with_target,target_margin,primary,primary,joint_effect_ndcg,loo,random,0.027606422108912596,0.0,0.024707017525225212,0.03054591070266024,9.999000099990002e-05,1.2813676127874018e-95,0.5876565421731553,1000,370,10,620,10000,10000,0.000999900009999
Amazon-Digital-Music,profile,sampled_unseen_negatives_with_target,target_margin,primary,primary,joint_effect_ndcg,greedy_cf,random,0.014301758550094011,0.0,0.011718612642265347,0.017111838338493175,9.999000099990002e-05,3.3762795460365875e-23,0.32868193906424353,1000,234,66,700,10000,10000,0.000999900009999
Amazon-Digital-Music,profile,sampled_unseen_negatives_with_target,target_margin,primary,primary,joint_effect_target_margin,shapley_mc,lime,2.2757241481031727e-05,0.0,1.6823031353492778e-05,2.892123940184072e-05,9.999000099990002e-05,0.07788422526774529,0.23335246207125562,1000,479,425,96,10000,10000,0.000999900009999
Amazon-Digital-Music,profile,sampled_unseen_negatives_with_target,target_margin,primary,primary,joint_effect_target_margin,shapley_mc,loo,2.183669582985715e-05,0.0,1.5863835631667368e-05,2.805202255293665e-05,9.999000099990002e-05,0.973673056040045,0.22060222406537108,1000,460,458,82,10000,10000,0.000999900009999
Amazon-Digital-Music,profile,sampled_unseen_negatives_with_target,target_margin,primary,primary,joint_effect_target_margin,shapley_mc,greedy_cf,0.0008371261719204945,0.0007891029146931238,0.0008132945593797739,0.0008611131501902769,9.999000099990002e-05,3.7330544740128755e-301,2.1514245158868848,1000,999,0,1,10000,10000,0.000999900009999
Amazon-Digital-Music,profile,sampled_unseen_negatives_with_target,target_margin,primary,primary,joint_effect_target_margin,shapley_mc,random,0.0009910509188641968,0.0009008615281157427,0.0009607628096506859,0.0010229037175665892,9.999000099990002e-05,9.341987486489591e-296,1.970729320339393,1000,998,2,0,10000,10000,0.000999900009999
Amazon-Digital-Music,profile,sampled_unseen_negatives_with_target,target_margin,primary,primary,joint_effect_target_margin,lime,loo,-9.205456511745765e-07,0.0,-2.408926329544206e-06,6.002546567195756e-07,0.23097690230976903,4.520704066460249e-10,-0.037818049741810224,1000,101,211,688,10000,10000,0.23097690230976903
Amazon-Digital-Music,profile,sampled_unseen_negatives_with_target,target_margin,primary,primary,joint_effect_target_margin,lime,greedy_cf,0.0008143689304394628,0.0007698536597941453,0.0007919607681656309,0.0008372157367952034,9.999000099990002e-05,1.8683937642434442e-298,2.224640113459682,1000,999,1,0,10000,10000,0.000999900009999
Amazon-Digital-Music,profile,sampled_unseen_negatives_with_target,target_margin,primary,primary,joint_effect_target_margin,lime,random,0.0009682936773831651,0.0008910265266512841,0.0009388777437159207,0.0009993782588649067,9.999000099990002e-05,1.8683937642434442e-298,2.00838794892425,1000,999,1,0,10000,10000,0.000999900009999
Amazon-Digital-Music,profile,sampled_unseen_negatives_with_target,target_margin,primary,primary,joint_effect_target_margin,loo,greedy_cf,0.0008152894760906375,0.0007687165024438891,0.0007927486095001263,0.0008382929790197408,9.999000099990002e-05,1.8683937642434442e-298,2.237688346622588,1000,999,1,0,10000,10000,0.000999900009999
Amazon-Digital-Music,profile,sampled_unseen_negatives_with_target,target_margin,primary,primary,joint_effect_target_margin,loo,random,0.0009692142230343397,0.0008942894882608465,0.0009400337897434958,0.0009994048897798867,9.999000099990002e-05,1.8683937642434442e-298,2.009522021650909,1000,999,1,0,10000,10000,0.000999900009999
Amazon-Digital-Music,profile,sampled_unseen_negatives_with_target,target_margin,primary,primary,joint_effect_target_margin,greedy_cf,random,0.00015392474694370228,0.00013378759094206385,0.0001258675563300647,0.00018212003609236065,9.999000099990002e-05,3.7085629383308365e-18,0.3375637802201857,1000,637,363,0,10000,10000,0.000999900009999
Amazon-Digital-Music,profile,sampled_unseen_negatives_with_target,target_margin,primary,primary,intervention_success,shapley_mc,lime,0.0404,0.0,0.034,0.0472,9.999000099990002e-05,9.166444201614699e-36,0.37806145248862666,1000,175,15,810,10000,10000,0.000999900009999
Amazon-Digital-Music,profile,sampled_unseen_negatives_with_target,target_margin,primary,primary,intervention_success,shapley_mc,loo,0.043199999999999995,0.0,0.0362,0.0502,9.999000099990002e-05,6.940370625252511e-36,0.3844538454054589,1000,187,19,794,10000,10000,0.000999900009999
Amazon-Digital-Music,profile,sampled_unseen_negatives_with_target,target_margin,primary,primary,intervention_success,shapley_mc,greedy_cf,0.517,0.6,0.5024,0.5317999999999999,9.999000099990002e-05,5.1306710016229703e-290,2.1799167412558758,1000,962,0,38,10000,10000,0.000999900009999
Amazon-Digital-Music,profile,sampled_unseen_negatives_with_target,target_margin,primary,primary,intervention_success,shapley_mc,random,0.5666000000000001,0.6,0.5528,0.58,9.999000099990002e-05,9.785978320356312e-296,2.5437487458472456,1000,981,0,19,10000,10000,0.000999900009999
Amazon-Digital-Music,profile,sampled_unseen_negatives_with_target,target_margin,primary,primary,intervention_success,lime,loo,0.0028,0.0,0.00040000000000000034,0.0052000000000000015,0.031096890310968902,0.040959591511636986,0.07196840911018396,1000,24,11,965,10000,10000,0.031096890310968902
Amazon-Digital-Music,profile,sampled_unseen_negatives_with_target,target_margin,primary,primary,intervention_success,lime,greedy_cf,0.4766,0.4,0.4616,0.4918,9.999000099990002e-05,2.1015228422647686e-286,1.9887725724654217,1000,950,0,50,10000,10000,0.000999900009999
Amazon-Digital-Music,profile,sampled_unseen_negatives_with_target,target_margin,primary,primary,intervention_success,lime,random,0.5262,0.6,0.5108,0.5414000000000001,9.999000099990002e-05,9.075755429432232e-277,2.1877307153349617,1000,962,6,32,10000,10000,0.000999900009999
Amazon-Digital-Music,profile,sampled_unseen_negatives_with_target,target_margin,primary,primary,intervention_success,loo,greedy_cf,0.4738,0.4,0.459,0.48840000000000006,9.999000099990002e-05,8.406091369059075e-286,1.9808708313101617,1000,948,0,52,10000,10000,0.000999900009999
Amazon-Digital-Music,profile,sampled_unseen_negatives_with_target,target_margin,primary,primary,intervention_success,loo,random,0.5234000000000001,0.6,0.5084,0.5381999999999999,9.999000099990002e-05,1.248580863045912e-274,2.1704843230254474,1000,961,7,32,10000,10000,0.000999900009999
Amazon-Digital-Music,profile,sampled_unseen_negatives_with_target,target_margin,primary,primary,intervention_success,greedy_cf,random,0.0496,0.0,0.030400000000000003,0.06880000000000001,9.999000099990002e-05,7.197595335951777e-07,0.16086023683468095,1000,435,300,265,10000,10000,0.000999900009999
Amazon-Digital-Music,profile,sampled_unseen_negatives_with_target,target_margin,primary,primary,abstention,shapley_mc,lime,-0.071,0.0,-0.07959999999999999,-0.0628,9.999000099990002e-05,5.613509560811389e-76,-0.517025745827317,1000,1,258,741,10000,10000,0.000999900009999
Amazon-Digital-Music,profile,sampled_unseen_negatives_with_target,target_margin,primary,primary,abstention,shapley_mc,loo,-0.07379999999999999,0.0,-0.08259999999999999,-0.06520000000000001,9.999000099990002e-05,8.973518889277821e-78,-0.5242967311137966,1000,1,264,735,10000,10000,0.000999900009999
Amazon-Digital-Music,profile,sampled_unseen_negatives_with_target,target_margin,primary,primary,abstention,shapley_mc,greedy_cf,0.0002,0.0,0.0,0.0006000000000000001,1.0,1.0,0.03162277660168379,1000,1,0,999,10000,10000,1.0
Amazon-Digital-Music,profile,sampled_unseen_negatives_with_target,target_margin,primary,primary,abstention,shapley_mc,random,-0.047400000000000005,0.0,-0.054,-0.0408,9.999000099990002e-05,2.501652141700179e-58,-0.44541781750390397,1000,1,199,800,10000,10000,0.000999900009999
Amazon-Digital-Music,profile,sampled_unseen_negatives_with_target,target_margin,primary,primary,abstention,lime,loo,-0.0028000000000000004,0.0,-0.0054,-0.0004,0.024397560243975602,0.040959591511636986,-0.07196840911018396,1000,11,24,965,10000,10000,0.048795120487951205
Amazon-Digital-Music,profile,sampled_unseen_negatives_with_target,target_margin,primary,primary,abstention,lime,greedy_cf,0.0712,0.0,0.063,0.0798,9.999000099990002e-05,4.3180842775472223e-78,0.5194265243656698,1000,258,0,742,10000,10000,0.000999900009999
Amazon-Digital-Music,profile,sampled_unseen_negatives_with_target,target_margin,primary,primary,abstention,lime,random,0.023600000000000003,0.0,0.014400000000000001,0.033,9.999000099990002e-05,4.148322023907255e-05,0.15844556297505782,1000,178,108,714,10000,10000,0.000999900009999
Amazon-Digital-Music,profile,sampled_unseen_negatives_with_target,target_margin,primary,primary,abstention,loo,greedy_cf,0.074,0.0,0.0654,0.08280000000000001,9.999000099990002e-05,6.747006683667535e-80,0.5266437892873803,1000,264,0,736,10000,10000,0.000999900009999
Amazon-Digital-Music,profile,sampled_unseen_negatives_with_target,target_margin,primary,primary,abstention,loo,random,0.0264,0.0,0.017200000000000003,0.036,9.999000099990002e-05,1.125282658937266e-05,0.1740535696123976,1000,181,106,713,10000,10000,0.000999900009999
Amazon-Digital-Music,profile,sampled_unseen_negatives_with_target,target_margin,primary,primary,abstention,greedy_cf,random,-0.0476,0.0,-0.054400000000000004,-0.0414,9.999000099990002e-05,2.4892061111444567e-60,-0.4484681557448465,1000,0,199,801,10000,10000,0.000999900009999
Amazon-Digital-Music,profile,sampled_unseen_negatives_with_target,target_margin,primary,primary,joint_regret_primary,shapley_mc,lime,-2.2757241481031632e-05,0.0,-2.8799010197625608e-05,-1.690803186250657e-05,9.999000099990002e-05,0.07788422526774529,-0.2333524620712549,1000,425,479,96,10000,10000,0.000999900009999
Amazon-Digital-Music,profile,sampled_unseen_negatives_with_target,target_margin,primary,primary,joint_regret_primary,shapley_mc,loo,-2.1836695829857078e-05,0.0,-2.8026212668261076e-05,-1.570963378903348e-05,9.999000099990002e-05,0.973673056040045,-0.22060222406537056,1000,458,460,82,10000,10000,0.000999900009999
Amazon-Digital-Music,profile,sampled_unseen_negatives_with_target,target_margin,primary,primary,joint_regret_primary,shapley_mc,greedy_cf,-0.0008371261719204944,-0.0007891029146931238,-0.0008618891191505376,-0.0008139195858820243,9.999000099990002e-05,3.7330544740128755e-301,-2.1514245158868843,1000,0,999,1,10000,10000,0.000999900009999
Amazon-Digital-Music,profile,sampled_unseen_negatives_with_target,target_margin,primary,primary,joint_regret_primary,shapley_mc,random,-0.0009910509188641968,-0.0009008615281157428,-0.0010226200008704909,-0.0009605115211021127,9.999000099990002e-05,9.341987486489591e-296,-1.970729320339393,1000,2,998,0,10000,10000,0.000999900009999
Amazon-Digital-Music,profile,sampled_unseen_negatives_with_target,target_margin,primary,primary,joint_regret_primary,lime,loo,9.205456511745537e-07,0.0,-6.292851764411463e-07,2.380938499121884e-06,0.24127587241275872,4.520704066460249e-10,0.037818049741809405,1000,211,101,688,10000,10000,0.24127587241275872
Amazon-Digital-Music,profile,sampled_unseen_negatives_with_target,target_margin,primary,primary,joint_regret_primary,lime,greedy_cf,-0.0008143689304394628,-0.0007698536597941452,-0.000837087309558966,-0.0007921977627298631,9.999000099990002e-05,1.8683937642434442e-298,-2.224640113459682,1000,1,999,0,10000,10000,0.000999900009999
Amazon-Digital-Music,profile,sampled_unseen_negatives_with_target,target_margin,primary,primary,joint_regret_primary,lime,random,-0.000968293677383165,-0.0008910265266512841,-0.0009997535749530478,-0.0009388370506705177,9.999000099990002e-05,1.8683937642434442e-298,-2.00838794892425,1000,1,999,0,10000,10000,0.000999900009999
Amazon-Digital-Music,profile,sampled_unseen_negatives_with_target,target_margin,primary,primary,joint_regret_primary,loo,greedy_cf,-0.0008152894760906374,-0.0007687165024438891,-0.0008381871136855207,-0.0007929891950269075,9.999000099990002e-05,1.8683937642434442e-298,-2.237688346622587,1000,1,999,0,10000,10000,0.000999900009999
Amazon-Digital-Music,profile,sampled_unseen_negatives_with_target,target_margin,primary,primary,joint_regret_primary,loo,random,-0.0009692142230343396,-0.0008942894882608466,-0.000999718157906618,-0.000939911665340836,9.999000099990002e-05,1.8683937642434442e-298,-2.009522021650908,1000,1,999,0,10000,10000,0.000999900009999
Amazon-Digital-Music,profile,sampled_unseen_negatives_with_target,target_margin,primary,primary,joint_regret_primary,greedy_cf,random,-0.00015392474694370223,-0.0001337875909420639,-0.00018191031822774084,-0.00012558713899258781,9.999000099990002e-05,3.7085629383308365e-18,-0.33756378022018557,1000,363,637,0,10000,10000,0.000999900009999
Amazon-Digital-Music,profile,sampled_unseen_negatives_with_target,target_margin,primary,primary,normalized_regret_primary,shapley_mc,lime,0.020195021531690626,0.0,-0.008436698378627048,0.056218368729609204,0.24177582241775822,1.0,0.038214559092797466,1000,451,452,97,10000,10000,0.5915408459154085
Amazon-Digital-Music,profile,sampled_unseen_negatives_with_target,target_margin,primary,primary,normalized_regret_primary,shapley_mc,loo,0.02236029733968252,0.0,-0.006578736985693811,0.05772628598265952,0.19718028197180282,0.20950200144621176,0.042148997748856665,1000,478,439,83,10000,10000,0.5915408459154085
Amazon-Digital-Music,profile,sampled_unseen_negatives_with_target,target_margin,primary,primary,normalized_regret_primary,shapley_mc,greedy_cf,-1.2517651172736268,-1.0529795939458175,-1.3623399286135418,-1.1614374190405712,9.999000099990002e-05,1.5461424751317972e-290,-0.76056881570541,1000,4,995,1,10000,10000,0.000999900009999
Amazon-Digital-Music,profile,sampled_unseen_negatives_with_target,target_margin,primary,primary,normalized_regret_primary,shapley_mc,random,-1.2424275033847676,-1.1080250390731439,-1.3632367391241098,-1.155812961707687,9.999000099990002e-05,2.569209738125176e-286,-0.7358111873299678,1000,6,994,0,10000,10000,0.000999900009999
Amazon-Digital-Music,profile,sampled_unseen_negatives_with_target,target_margin,primary,primary,normalized_regret_primary,lime,loo,0.0021652758079919,0.0,-0.00043822284085947097,0.0047966257822538655,0.10948905109489052,9.472944729559551e-10,0.05066426228349811,1000,210,102,688,10000,10000,0.43795620437956206
Amazon-Digital-Music,profile,sampled_unseen_negatives_with_target,target_margin,primary,primary,normalized_regret_primary,lime,greedy_cf,-1.2719601388053172,-1.0585033881566965,-1.3919532293066825,-1.1689424592424018,9.999000099990002e-05,1.8683937642434442e-298,-0.7027344187414298,1000,1,999,0,10000,10000,0.000999900009999
Amazon-Digital-Music,profile,sampled_unseen_negatives_with_target,target_margin,primary,primary,normalized_regret_primary,lime,random,-1.2626225249164582,-1.086174226969601,-1.3864008718605463,-1.1704349864636212,9.999000099990002e-05,1.8683937642434442e-298,-0.7039218417694662,1000,1,999,0,10000,10000,0.000999900009999
Amazon-Digital-Music,profile,sampled_unseen_negatives_with_target,target_margin,primary,primary,normalized_regret_primary,loo,greedy_cf,-1.2741254146133092,-1.0578970903397127,-1.39729209887228,-1.1725051314280173,9.999000099990002e-05,1.8683937642434442e-298,-0.7036805370923523,1000,1,999,0,10000,10000,0.000999900009999
Amazon-Digital-Music,profile,sampled_unseen_negatives_with_target,target_margin,primary,primary,normalized_regret_primary,loo,random,-1.26478780072445,-1.0880637908773036,-1.3910044515724151,-1.172467575212295,9.999000099990002e-05,1.8683937642434442e-298,-0.7058209444909597,1000,1,999,0,10000,10000,0.000999900009999
Amazon-Digital-Music,profile,sampled_unseen_negatives_with_target,target_margin,primary,primary,normalized_regret_primary,greedy_cf,random,0.00933761388885923,-0.08003113413760399,-0.08637432260895953,0.11994558886338985,0.8705129487051295,0.001391741594422101,0.005637445780963637,1000,449,551,0,10000,10000,0.8705129487051295
Amazon-Digital-Music,profile,sampled_unseen_negatives_with_target,target_margin,primary,primary,joint_regret_ndcg,shapley_mc,lime,-0.0017677523316128787,0.0,-0.0027787518406660995,-0.0008179151444335197,0.0005999400059994001,0.016841422756845043,-0.11208267371085494,1000,59,89,852,10000,10000,0.0017998200179982003
Amazon-Digital-Music,profile,sampled_unseen_negatives_with_target,target_margin,primary,primary,joint_regret_ndcg,shapley_mc,loo,-0.0016822108408026649,0.0,-0.0027032568123940537,-0.0007094389117558276,0.0006999300069993001,0.04086849386649404,-0.10504656772159732,1000,62,88,850,10000,10000,0.0017998200179982003
Amazon-Digital-Music,profile,sampled_unseen_negatives_with_target,target_margin,primary,primary,joint_regret_ndcg,shapley_mc,greedy_cf,-0.01498687439962125,0.0,-0.017090584568801314,-0.012945055243968296,9.999000099990002e-05,1.3330581090157033e-50,-0.44935829871369326,1000,28,269,703,10000,10000,0.000999900009999
Amazon-Digital-Music,profile,sampled_unseen_negatives_with_target,target_margin,primary,primary,joint_regret_ndcg,shapley_mc,random,-0.02928863294971526,0.0,-0.03228806892680408,-0.026446524681318372,9.999000099990002e-05,1.1956653613547829e-101,-0.603506296475236,1000,7,377,616,10000,10000,0.000999900009999
Amazon-Digital-Music,profile,sampled_unseen_negatives_with_target,target_margin,primary,primary,joint_regret_ndcg,lime,loo,8.554149081021409e-05,0.0,-0.0001965289659410789,0.00038699444075798966,0.5866413358664133,0.5715881884098053,0.01791527150368552,1000,16,12,972,10000,10000,0.5866413358664133
Amazon-Digital-Music,profile,sampled_unseen_negatives_with_target,target_margin,primary,primary,joint_regret_ndcg,lime,greedy_cf,-0.013219122068008373,0.0,-0.015309664527955829,-0.01112318289107886,9.999000099990002e-05,1.1395848561208444e-38,-0.39521644608680045,1000,48,270,682,10000,10000,0.000999900009999
Amazon-Digital-Music,profile,sampled_unseen_negatives_with_target,target_margin,primary,primary,joint_regret_ndcg,lime,random,-0.027520880618102383,0.0,-0.03055514914337979,-0.024540419740165745,9.999000099990002e-05,2.4954805608192882e-95,-0.5862861443207124,1000,10,369,621,10000,10000,0.000999900009999
Amazon-Digital-Music,profile,sampled_unseen_negatives_with_target,target_margin,primary,primary,joint_regret_ndcg,loo,greedy_cf,-0.013304663558818586,0.0,-0.015393960605675865,-0.011280752957007886,9.999000099990002e-05,3.425021682943952e-39,-0.3992699201860535,1000,47,270,683,10000,10000,0.000999900009999
Amazon-Digital-Music,profile,sampled_unseen_negatives_with_target,target_margin,primary,primary,joint_regret_ndcg,loo,random,-0.027606422108912596,0.0,-0.030598013539194238,-0.02475322918014894,9.999000099990002e-05,1.2813676127874018e-95,-0.5876565421731553,1000,10,370,620,10000,10000,0.000999900009999
Amazon-Digital-Music,profile,sampled_unseen_negatives_with_target,target_margin,primary,primary,joint_regret_ndcg,greedy_cf,random,-0.014301758550094011,0.0,-0.01696963294921122,-0.011691982326710449,9.999000099990002e-05,3.3762795460365875e-23,-0.32868193906424353,1000,66,234,700,10000,10000,0.000999900009999
Amazon-Digital-Music,profile,sampled_unseen_negatives_with_target,target_margin,primary,primary,normalized_regret_ndcg,shapley_mc,lime,-0.08424733600424614,0.0,-0.2243547255495535,0.01087936746013114,0.14778522147785222,0.0009948396502908413,-0.06487482395327099,440,51,91,298,10000,10000,0.29557044295570445
Amazon-Digital-Music,profile,sampled_unseen_negatives_with_target,target_margin,primary,primary,normalized_regret_ndcg,shapley_mc,loo,-0.09642612816465905,0.0,-0.2301850206698141,-0.01641818177393804,0.007599240075992401,0.0033938840635732094,-0.07758312830525572,440,54,90,296,10000,10000,0.022797720227977204
Amazon-Digital-Music,profile,sampled_unseen_negatives_with_target,target_margin,primary,primary,normalized_regret_ndcg,shapley_mc,greedy_cf,-0.6944479921460297,-0.3447337890848091,-0.8772193025991943,-0.542521314959319,9.999000099990002e-05,1.0995027309827466e-48,-0.38541160624394816,440,26,256,158,10000,10000,0.000999900009999
Amazon-Digital-Music,profile,sampled_unseen_negatives_with_target,target_margin,primary,primary,normalized_regret_ndcg,shapley_mc,random,-1.0368926938392455,-1.0,-1.19935840186557,-0.9056674845556907,9.999000099990002e-05,2.4031289726724357e-101,-0.6521004101404266,440,5,366,69,10000,10000,0.000999900009999
Amazon-Digital-Music,profile,sampled_unseen_negatives_with_target,target_margin,primary,primary,normalized_regret_ndcg,lime,loo,-0.012178792160412913,0.0,-0.056106983478285764,0.01537180350495695,0.847015298470153,0.5715881884098053,-0.030268786314705295,440,16,12,412,10000,10000,0.847015298470153
Amazon-Digital-Music,profile,sampled_unseen_negatives_with_target,target_margin,primary,primary,normalized_regret_ndcg,lime,greedy_cf,-0.6102006561417834,-0.2889115943253858,-0.7656398610721765,-0.47622265413610365,9.999000099990002e-05,2.920232234861747e-34,-0.39092693490011904,440,50,255,135,10000,10000,0.000999900009999
Amazon-Digital-Music,profile,sampled_unseen_negatives_with_target,target_margin,primary,primary,normalized_regret_ndcg,lime,random,-0.9526453578349993,-0.9572475386142262,-1.0614581235879623,-0.8493019487564037,9.999000099990002e-05,4.014128319847609e-93,-0.8297184603548441,440,9,357,74,10000,10000,0.000999900009999
Amazon-Digital-Music,profile,sampled_unseen_negatives_with_target,target_margin,primary,primary,normalized_regret_ndcg,loo,greedy_cf,-0.5980218639813706,-0.30290005087276173,-0.7368018813819859,-0.47401055718597934,9.999000099990002e-05,1.8135593981861804e-35,-0.4222435340030996,440,48,256,136,10000,10000,0.000999900009999
Amazon-Digital-Music,profile,sampled_unseen_negatives_with_target,target_margin,primary,primary,normalized_regret_ndcg,loo,random,-0.9404665656745864,-0.9602525677891276,-1.0458534269931086,-0.8427121941462244,9.999000099990002e-05,2.05737418111109e-93,-0.8601673724322223,440,9,358,73,10000,10000,0.000999900009999
Amazon-Digital-Music,profile,sampled_unseen_negatives_with_target,target_margin,primary,primary,normalized_regret_ndcg,greedy_cf,random,-0.34244470169321584,-0.029307737429215053,-0.4881416010148001,-0.18720478176438213,9.999000099990002e-05,5.8006145928966325e-24,-0.21105340945761644,440,57,221,162,10000,10000,0.000999900009999
Amazon-Digital-Music,profile,sampled_unseen_negatives_with_target,target_margin,primary,primary,intervention_success_ndcg,shapley_mc,lime,0.004,0.0,0.0014000000000000002,0.006600000000000002,0.004299570042995701,0.004533861582189047,0.09361174015441032,1000,33,13,954,10000,10000,0.012898710128987103
Amazon-Digital-Music,profile,sampled_unseen_negatives_with_target,target_margin,primary,primary,intervention_success_ndcg,shapley_mc,loo,0.0034000000000000002,0.0,0.0006000000000000001,0.0062,0.0192980701929807,0.024092907698449295,0.07545370644947,1000,34,17,949,10000,10000,0.0385961403859614
Amazon-Digital-Music,profile,sampled_unseen_negatives_with_target,target_margin,primary,primary,intervention_success_ndcg,shapley_mc,greedy_cf,0.0426,0.0,0.03660000000000001,0.048799999999999996,9.999000099990002e-05,5.2478736988620805e-48,0.4385772846237919,1000,196,8,796,10000,10000,0.000999900009999
Amazon-Digital-Music,profile,sampled_unseen_negatives_with_target,target_margin,primary,primary,intervention_success_ndcg,shapley_mc,random,0.07659999999999999,0.0,0.069,0.0842,9.999000099990002e-05,2.151205779331396e-92,0.6273769870730695,1000,325,3,672,10000,10000,0.000999900009999
Amazon-Digital-Music,profile,sampled_unseen_negatives_with_target,target_margin,primary,primary,intervention_success_ndcg,lime,loo,-0.0006000000000000001,0.0,-0.0016,0.0004,0.44075592440755923,0.453125,-0.03586198691601314,1000,2,5,993,10000,10000,0.44075592440755923
Amazon-Digital-Music,profile,sampled_unseen_negatives_with_target,target_margin,primary,primary,intervention_success_ndcg,lime,greedy_cf,0.03860000000000001,0.0,0.032400000000000005,0.0448,9.999000099990002e-05,6.940370625252511e-36,0.3891279322118584,1000,187,19,794,10000,10000,0.000999900009999
Amazon-Digital-Music,profile,sampled_unseen_negatives_with_target,target_margin,primary,primary,intervention_success_ndcg,lime,random,0.0726,0.0,0.06520000000000001,0.0804,9.999000099990002e-05,7.622813097992458e-85,0.5987143969547647,1000,310,5,685,10000,10000,0.000999900009999
Amazon-Digital-Music,profile,sampled_unseen_negatives_with_target,target_margin,primary,primary,intervention_success_ndcg,loo,greedy_cf,0.039200000000000006,0.0,0.033,0.045599999999999995,9.999000099990002e-05,6.9694357331473765e-37,0.3937109810058134,1000,188,18,794,10000,10000,0.000999900009999
Amazon-Digital-Music,profile,sampled_unseen_negatives_with_target,target_margin,primary,primary,intervention_success_ndcg,loo,random,0.07319999999999999,0.0,0.06559999999999999,0.0808,9.999000099990002e-05,5.229918820805818e-84,0.598139499767493,1000,312,6,682,10000,10000,0.000999900009999
Amazon-Digital-Music,profile,sampled_unseen_negatives_with_target,target_margin,primary,primary,intervention_success_ndcg,greedy_cf,random,0.034,0.0,0.027600000000000003,0.0402,9.999000099990002e-05,2.2013979260304023e-26,0.33641584000302255,1000,183,33,784,10000,10000,0.000999900009999
MovieLens-1M,itemknn,full_unseen_catalogue,target_margin,full_catalogue,full_catalogue,aia,shapley_mc,lime,-0.27433934775545527,-0.24575377804095183,-0.29852563116844094,-0.2510061522396986,9.999000099990002e-05,2.878954254955859e-69,-1.4006076388403563,250,3,247,0,10000,10000,0.000999900009999
MovieLens-1M,itemknn,full_unseen_catalogue,target_margin,full_catalogue,full_catalogue,aia,shapley_mc,loo,-0.3399134550664923,-0.30701029807192654,-0.3655103160878554,-0.31515853119576553,9.999000099990002e-05,2.7746282333807432e-73,-1.6865005602652783,250,1,249,0,10000,10000,0.000999900009999
MovieLens-1M,itemknn,full_unseen_catalogue,target_margin,full_catalogue,full_catalogue,aia,shapley_mc,greedy_cf,0.23616397725549382,0.24831869750896363,0.20024998040207745,0.2718401111651157,9.999000099990002e-05,5.09901606537785e-29,0.8192862278780773,250,210,40,0,10000,10000,0.000999900009999
MovieLens-1M,itemknn,full_unseen_catalogue,target_margin,full_catalogue,full_catalogue,aia,shapley_mc,random,0.614115903684943,0.656007844939972,0.5850121638300523,0.6425702777152535,9.999000099990002e-05,8.819690233198441e-66,2.6599471306758833,250,245,5,0,10000,10000,0.000999900009999
MovieLens-1M,itemknn,full_unseen_catalogue,target_margin,full_catalogue,full_catalogue,aia,lime,loo,-0.06557410731103701,-0.04330245741527622,-0.0750889085119135,-0.05677373767059742,9.999000099990002e-05,7.643875647735249e-55,-0.8685903574502113,250,12,235,3,10000,10000,0.000999900009999
MovieLens-1M,itemknn,full_unseen_catalogue,target_margin,full_catalogue,full_catalogue,aia,lime,greedy_cf,0.5105033250109492,0.48342983077023677,0.4795461678745188,0.5415184365063873,9.999000099990002e-05,3.468395834683434e-71,2.0443574129843256,250,248,2,0,10000,10000,0.000999900009999
MovieLens-1M,itemknn,full_unseen_catalogue,target_margin,full_catalogue,full_catalogue,aia,lime,random,0.8884552514403983,0.9056953722051975,0.870233832488223,0.9065057186458008,9.999000099990002e-05,1.105429575052089e-75,6.080740266420804,250,250,0,0,10000,10000,0.000999900009999
MovieLens-1M,itemknn,full_unseen_catalogue,target_margin,full_catalogue,full_catalogue,aia,loo,greedy_cf,0.576077432321986,0.5617666835502169,0.5469659654368567,0.6053835430884172,9.999000099990002e-05,2.7746282333807432e-73,2.4000181660941227,250,249,1,0,10000,10000,0.000999900009999
MovieLens-1M,itemknn,full_unseen_catalogue,target_margin,full_catalogue,full_catalogue,aia,loo,random,0.9540293587514352,0.9625461518390714,0.9385747683934075,0.9691110602213133,9.999000099990002e-05,1.105429575052089e-75,7.719237971942156,250,250,0,0,10000,10000,0.000999900009999
MovieLens-1M,itemknn,full_unseen_catalogue,target_margin,full_catalogue,full_catalogue,aia,greedy_cf,random,0.3779519264294491,0.3982167954956611,0.3471242664566365,0.4085574065321783,9.999000099990002e-05,2.2807422878164393e-45,1.5016065064073063,250,229,21,0,10000,10000,0.000999900009999
MovieLens-1M,itemknn,full_unseen_catalogue,target_margin,full_catalogue,full_catalogue,aia_ndcg,shapley_mc,lime,-0.12318017806209317,-0.055522869417906934,-0.24601795255903988,-0.014159583408727758,0.05959404059594041,0.332305908203125,-0.4710710744735776,18,6,11,1,10000,10000,0.11918808119188082
MovieLens-1M,itemknn,full_unseen_catalogue,target_margin,full_catalogue,full_catalogue,aia_ndcg,shapley_mc,loo,-0.18273709989206288,-0.108612082330394,-0.3521320989415397,-0.036884770703874546,0.029697030296970302,0.09625244140625,-0.5226545773499075,18,5,13,0,10000,10000,0.08909109089091091
MovieLens-1M,itemknn,full_unseen_catalogue,target_margin,full_catalogue,full_catalogue,aia_ndcg,shapley_mc,greedy_cf,0.06565838785365151,0.1380933619395956,-0.1309819311718832,0.231191538778178,0.5217478252174782,0.237884521484375,0.15993451025020974,18,12,6,0,10000,10000,0.5217478252174782
MovieLens-1M,itemknn,full_unseen_catalogue,target_margin,full_catalogue,full_catalogue,aia_ndcg,shapley_mc,random,0.32323580661513485,0.3712294577433817,0.1515322018452979,0.4846946419516648,0.0025997400259974,0.007537841796875,0.8624413352934998,18,15,3,0,10000,10000,0.0155984401559844
MovieLens-1M,itemknn,full_unseen_catalogue,target_margin,full_catalogue,full_catalogue,aia_ndcg,lime,loo,-0.05955692182996972,-0.022368181455025393,-0.11386162956763954,-0.01592543685816151,0.014298570142985701,0.012725830078125,-0.5438768900074713,18,3,14,1,10000,10000,0.057194280571942806
MovieLens-1M,itemknn,full_unseen_catalogue,target_margin,full_catalogue,full_catalogue,aia_ndcg,lime,greedy_cf,0.18883856591574466,0.1697596076080643,0.06698156081383011,0.30900928757407364,0.009299070092990702,0.0308837890625,0.7045630599066097,18,14,4,0,10000,10000,0.04649535046495351
MovieLens-1M,itemknn,full_unseen_catalogue,target_margin,full_catalogue,full_catalogue,aia_ndcg,lime,random,0.4464159846772279,0.3935876466060585,0.34018118133821196,0.5620960951700305,0.00019998000199980003,7.62939453125e-06,1.7899414215188767,18,18,0,0,10000,10000,0.0017998200179982003
MovieLens-1M,itemknn,full_unseen_catalogue,target_margin,full_catalogue,full_catalogue,aia_ndcg,loo,greedy_cf,0.24839548774571435,0.2535442588580137,0.1273765424594895,0.36565804831570287,0.0011998800119988001,0.0308837890625,0.9340879240519336,18,14,4,0,10000,10000,0.008399160083991601
MovieLens-1M,itemknn,full_unseen_catalogue,target_margin,full_catalogue,full_catalogue,aia_ndcg,loo,random,0.5059729065071976,0.5446564653293604,0.394319131398872,0.6209563215142805,9.999000099990002e-05,7.62939453125e-06,2.0040387651064426,18,18,0,0,10000,10000,0.000999900009999
MovieLens-1M,itemknn,full_unseen_catalogue,target_margin,full_catalogue,full_catalogue,aia_ndcg,greedy_cf,random,0.2575774187614833,0.2110696787194374,0.14976129048002212,0.37435877256533373,0.00039996000399960006,0.001312255859375,1.0491773875224737,18,16,2,0,10000,10000,0.0031996800319968005
MovieLens-1M,itemknn,full_unseen_catalogue,target_margin,full_catalogue,full_catalogue,faithfulness_alignment,shapley_mc,lime,-0.3513077588863194,-0.32018353609097755,-0.3810048510592102,-0.3237542453294439,9.999000099990002e-05,1.105429575052089e-75,-1.5104725391428508,250,0,250,0,10000,10000,0.000999900009999
MovieLens-1M,itemknn,full_unseen_catalogue,target_margin,full_catalogue,full_catalogue,faithfulness_alignment,shapley_mc,loo,-0.42575719148458385,-0.38469076061958446,-0.456149313581012,-0.39710818520064217,9.999000099990002e-05,1.105429575052089e-75,-1.7637106110874927,250,0,250,0,10000,10000,0.000999900009999
MovieLens-1M,itemknn,full_unseen_catalogue,target_margin,full_catalogue,full_catalogue,faithfulness_alignment,shapley_mc,greedy_cf,0.1897808590532378,0.20045628466769516,0.15084620418460154,0.22828177285904588,9.999000099990002e-05,1.1371223729783837e-20,0.6030996198243643,250,197,53,0,10000,10000,0.000999900009999
MovieLens-1M,itemknn,full_unseen_catalogue,target_margin,full_catalogue,full_catalogue,faithfulness_alignment,shapley_mc,random,0.5709277732186948,0.6207537975190043,0.5397901333304661,0.6010000639195847,9.999000099990002e-05,1.26609438755171e-62,2.2923293987256383,250,243,7,0,10000,10000,0.000999900009999
MovieLens-1M,itemknn,full_unseen_catalogue,target_margin,full_catalogue,full_catalogue,faithfulness_alignment,lime,loo,-0.0744494325982645,-0.050590178734506275,-0.08435749922400498,-0.06557785914798614,9.999000099990002e-05,4.421718300208356e-75,-0.9972074895882078,250,0,248,2,10000,10000,0.000999900009999
MovieLens-1M,itemknn,full_unseen_catalogue,target_margin,full_catalogue,full_catalogue,faithfulness_alignment,lime,greedy_cf,0.5410886179395572,0.5053148974430355,0.5112342648717277,0.5703374032145292,9.999000099990002e-05,2.7746282333807432e-73,2.26310872734196,250,249,1,0,10000,10000,0.000999900009999
MovieLens-1M,itemknn,full_unseen_catalogue,target_margin,full_catalogue,full_catalogue,faithfulness_alignment,lime,random,0.9222355321050142,0.9272824963769702,0.9057124713971086,0.9388300413501586,9.999000099990002e-05,1.105429575052089e-75,6.815840392317576,250,250,0,0,10000,10000,0.000999900009999
MovieLens-1M,itemknn,full_unseen_catalogue,target_margin,full_catalogue,full_catalogue,faithfulness_alignment,loo,greedy_cf,0.6155380505378217,0.5876954873464855,0.5881279028925543,0.6444061761355725,9.999000099990002e-05,1.105429575052089e-75,2.701223984009695,250,250,0,0,10000,10000,0.000999900009999
MovieLens-1M,itemknn,full_unseen_catalogue,target_margin,full_catalogue,full_catalogue,faithfulness_alignment,loo,random,0.9966849647032786,0.9939150411076947,0.9826665600366771,1.0112088553718883,9.999000099990002e-05,1.105429575052089e-75,8.645331362644363,250,250,0,0,10000,10000,0.000999900009999
MovieLens-1M,itemknn,full_unseen_catalogue,target_margin,full_catalogue,full_catalogue,faithfulness_alignment,greedy_cf,random,0.38114691416545693,0.3944906668322983,0.34957921934013303,0.412022579148511,9.999000099990002e-05,2.2807422878164393e-45,1.5109826360051248,250,229,21,0,10000,10000,0.000999900009999
MovieLens-1M,itemknn,full_unseen_catalogue,target_margin,full_catalogue,full_catalogue,actionability_gap,shapley_mc,lime,0.07696841113086413,0.04209550762363716,0.0627548470367516,0.09252614007265748,9.999000099990002e-05,7.466651011612525e-34,0.6279591209144243,250,210,31,9,10000,10000,0.000999900009999
MovieLens-1M,itemknn,full_unseen_catalogue,target_margin,full_catalogue,full_catalogue,actionability_gap,shapley_mc,loo,0.08584373641809159,0.04616319132035851,0.07058920745891586,0.1024521691096005,9.999000099990002e-05,3.29966768408398e-39,0.6547776472245771,250,219,26,5,10000,10000,0.000999900009999
MovieLens-1M,itemknn,full_unseen_catalogue,target_margin,full_catalogue,full_catalogue,actionability_gap,shapley_mc,greedy_cf,0.046383118202256025,0.020906271697817707,0.033542976083738824,0.0608175635673706,9.999000099990002e-05,2.0983888355051534e-12,0.41601935540704976,250,174,66,10,10000,10000,0.000999900009999
MovieLens-1M,itemknn,full_unseen_catalogue,target_margin,full_catalogue,full_catalogue,actionability_gap,shapley_mc,random,0.04318813046624817,0.02300751879699243,0.03319057548560974,0.05364734458512003,9.999000099990002e-05,8.878901605594262e-16,0.517063301908311,250,182,59,9,10000,10000,0.000999900009999
MovieLens-1M,itemknn,full_unseen_catalogue,target_margin,full_catalogue,full_catalogue,actionability_gap,lime,loo,0.008875325287227467,0.0028201619575313427,0.004805465952825908,0.013277569456180104,9.999000099990002e-05,3.651281703680549e-05,0.25771231736717004,250,154,89,7,10000,10000,0.000999900009999
MovieLens-1M,itemknn,full_unseen_catalogue,target_margin,full_catalogue,full_catalogue,actionability_gap,lime,greedy_cf,-0.030585292928608097,-0.014367117407404319,-0.04373644228224137,-0.019115901945879324,9.999000099990002e-05,1.8922347569366594e-05,-0.3071811720413722,250,87,154,9,10000,10000,0.000999900009999
MovieLens-1M,itemknn,full_unseen_catalogue,target_margin,full_catalogue,full_catalogue,actionability_gap,lime,random,-0.03378028066461595,-0.01571741631168342,-0.044406929618912794,-0.024800419844322175,9.999000099990002e-05,6.884603044489224e-14,-0.4183910012335453,250,63,178,9,10000,10000,0.000999900009999
MovieLens-1M,itemknn,full_unseen_catalogue,target_margin,full_catalogue,full_catalogue,actionability_gap,loo,greedy_cf,-0.03946061821583557,-0.021842478074394003,-0.052424207097026464,-0.028101027138804767,9.999000099990002e-05,1.2403556853968843e-12,-0.40003346431464587,250,67,177,6,10000,10000,0.000999900009999
MovieLens-1M,itemknn,full_unseen_catalogue,target_margin,full_catalogue,full_catalogue,actionability_gap,loo,random,-0.04265560595184342,-0.019312500785160044,-0.05384010503386291,-0.03325867726122357,9.999000099990002e-05,2.4565484010564676e-29,-0.5147684346296855,250,38,207,5,10000,10000,0.000999900009999
MovieLens-1M,itemknn,full_unseen_catalogue,target_margin,full_catalogue,full_catalogue,actionability_gap,greedy_cf,random,-0.00319498773600785,0.0,-0.013907290750303643,0.006952372897745012,0.561943805619438,0.7967318851659753,-0.03796068447911212,250,123,118,9,10000,10000,0.561943805619438
MovieLens-1M,itemknn,full_unseen_catalogue,target_margin,full_catalogue,full_catalogue,signed_alignment,shapley_mc,lime,-0.08598266557300434,-0.05837554631411679,-0.09936011569497853,-0.07324245893507404,9.999000099990002e-05,3.8625145542624075e-61,-0.815529491794673,250,8,242,0,10000,10000,0.000999900009999
MovieLens-1M,itemknn,full_unseen_catalogue,target_margin,full_catalogue,full_catalogue,signed_alignment,shapley_mc,loo,-0.11060045688929018,-0.07649475767604141,-0.12549152381940928,-0.09665742821283865,9.999000099990002e-05,3.468395834683434e-71,-0.9492604675265987,250,2,248,0,10000,10000,0.000999900009999
MovieLens-1M,itemknn,full_unseen_catalogue,target_margin,full_catalogue,full_catalogue,signed_alignment,shapley_mc,greedy_cf,0.42432534654868653,0.39297134181996946,0.3950726500844471,0.45603272546695006,9.999000099990002e-05,1.7851264507056314e-67,1.715436353350967,250,246,4,0,10000,10000,0.000999900009999
MovieLens-1M,itemknn,full_unseen_catalogue,target_margin,full_catalogue,full_catalogue,signed_alignment,shapley_mc,random,0.8821026494068117,0.9024304007444555,0.8626987733194539,0.9015207579866076,9.999000099990002e-05,1.105429575052089e-75,5.637451178655479,250,250,0,0,10000,10000,0.000999900009999
MovieLens-1M,itemknn,full_unseen_catalogue,target_margin,full_catalogue,full_catalogue,signed_alignment,lime,loo,-0.02461779131628585,-0.015086207213921177,-0.028879218810358504,-0.020845568475186694,9.999000099990002e-05,2.768357576065152e-54,-0.7639608250142641,250,12,233,5,10000,10000,0.000999900009999
MovieLens-1M,itemknn,full_unseen_catalogue,target_margin,full_catalogue,full_catalogue,signed_alignment,lime,greedy_cf,0.5103080121216909,0.4850853128921092,0.4844685290551019,0.5375078150923939,9.999000099990002e-05,1.105429575052089e-75,2.351553046233185,250,250,0,0,10000,10000,0.000999900009999
MovieLens-1M,itemknn,full_unseen_catalogue,target_margin,full_catalogue,full_catalogue,signed_alignment,lime,random,0.9680853149798161,0.9710566357909016,0.9528975463112755,0.9832743782279468,9.999000099990002e-05,1.105429575052089e-75,7.839161012087546,250,250,0,0,10000,10000,0.000999900009999
MovieLens-1M,itemknn,full_unseen_catalogue,target_margin,full_catalogue,full_catalogue,signed_alignment,loo,greedy_cf,0.5349258034379766,0.5134635445329061,0.5085504530605248,0.561980705051295,9.999000099990002e-05,1.105429575052089e-75,2.45474347842107,250,250,0,0,10000,10000,0.000999900009999
MovieLens-1M,itemknn,full_unseen_catalogue,target_margin,full_catalogue,full_catalogue,signed_alignment,loo,random,0.9927031062961019,0.9953964957132178,0.9783114515642799,1.0073498352414096,9.999000099990002e-05,1.105429575052089e-75,8.565237999910854,250,250,0,0,10000,10000,0.000999900009999
MovieLens-1M,itemknn,full_unseen_catalogue,target_margin,full_catalogue,full_catalogue,signed_alignment,greedy_cf,random,0.4577773028581253,0.4980388467010991,0.425527682094885,0.48888446334670316,9.999000099990002e-05,1.1073585996153473e-55,1.798559080290302,250,238,12,0,10000,10000,0.000999900009999
MovieLens-1M,itemknn,full_unseen_catalogue,target_margin,full_catalogue,full_catalogue,signed_alignment_ndcg,shapley_mc,lime,-0.05109714272352638,-0.03246670807998148,-0.09385752131063313,-0.012195900662913884,0.021097890210978902,0.210113525390625,-0.5652122170362498,18,5,11,2,10000,10000,0.05879412058794121
MovieLens-1M,itemknn,full_unseen_catalogue,target_margin,full_catalogue,full_catalogue,signed_alignment_ndcg,shapley_mc,loo,-0.0781096062507549,-0.042099105444619145,-0.13899370761296428,-0.022698574471758787,0.019598040195980403,0.007537841796875,-0.6026398663592818,18,3,15,0,10000,10000,0.05879412058794121
MovieLens-1M,itemknn,full_unseen_catalogue,target_margin,full_catalogue,full_catalogue,signed_alignment_ndcg,shapley_mc,greedy_cf,0.3493820563951787,0.4215683466980528,0.22224350418656505,0.480024575108505,0.00039996000399960006,0.007537841796875,1.2045284544108183,18,15,3,0,10000,10000,0.001999800019998
MovieLens-1M,itemknn,full_unseen_catalogue,target_margin,full_catalogue,full_catalogue,signed_alignment_ndcg,shapley_mc,random,0.6542713193131667,0.6233440653525191,0.5247689590767014,0.7859800972563827,9.999000099990002e-05,7.62939453125e-06,2.237511502582155,18,18,0,0,10000,10000,0.000999900009999
MovieLens-1M,itemknn,full_unseen_catalogue,target_margin,full_catalogue,full_catalogue,signed_alignment_ndcg,lime,loo,-0.027012463527228518,-0.0006343471958378533,-0.057870629073736926,-0.001837451215065964,0.0821917808219178,0.076812744140625,-0.4220116660790058,18,4,12,2,10000,10000,0.0821917808219178
MovieLens-1M,itemknn,full_unseen_catalogue,target_margin,full_catalogue,full_catalogue,signed_alignment_ndcg,lime,greedy_cf,0.40047919911870505,0.4119348551666134,0.27159942902889234,0.5357324945663114,0.00019998000199980003,7.62939453125e-06,1.3653502625922334,18,18,0,0,10000,10000,0.0011998800119988001
MovieLens-1M,itemknn,full_unseen_catalogue,target_margin,full_catalogue,full_catalogue,signed_alignment_ndcg,lime,random,0.7053684620366932,0.7323217775049444,0.5774879718393905,0.8290310356182397,9.999000099990002e-05,7.62939453125e-06,2.5112723537397525,18,18,0,0,10000,10000,0.000999900009999
MovieLens-1M,itemknn,full_unseen_catalogue,target_margin,full_catalogue,full_catalogue,signed_alignment_ndcg,loo,greedy_cf,0.42749166264593363,0.39051279876670403,0.29340586343147196,0.5701343270498438,9.999000099990002e-05,7.62939453125e-06,1.3722690739040995,18,18,0,0,10000,10000,0.000999900009999
MovieLens-1M,itemknn,full_unseen_catalogue,target_margin,full_catalogue,full_catalogue,signed_alignment_ndcg,loo,random,0.7323809255639218,0.7305232333076809,0.6116605165817268,0.8526695548010687,9.999000099990002e-05,7.62939453125e-06,2.724774657162215,18,18,0,0,10000,10000,0.000999900009999
MovieLens-1M,itemknn,full_unseen_catalogue,target_margin,full_catalogue,full_catalogue,signed_alignment_ndcg,greedy_cf,random,0.3048892629179881,0.29954818512864556,0.16543829429389764,0.44134227517601626,0.0010998900109989002,0.007537841796875,0.9745768572069406,18,15,3,0,10000,10000,0.004399560043995601
MovieLens-1M,itemknn,full_unseen_catalogue,target_margin,full_catalogue,full_catalogue,direction_accuracy,shapley_mc,lime,-0.11925719084836733,-0.10999999999999999,-0.13176046068310773,-0.10696146859942607,9.999000099990002e-05,5.2804081526348255e-42,-1.1723820372630467,250,22,219,9,10000,10000,0.000999900009999
MovieLens-1M,itemknn,full_unseen_catalogue,target_margin,full_catalogue,full_catalogue,direction_accuracy,shapley_mc,loo,-0.14423201036321778,-0.14,-0.15811721617091196,-0.13075916787856107,9.999000099990002e-05,5.526100070706839e-62,-1.3009903706303525,250,5,232,13,10000,10000,0.000999900009999
MovieLens-1M,itemknn,full_unseen_catalogue,target_margin,full_catalogue,full_catalogue,direction_accuracy,shapley_mc,greedy_cf,0.19796054140905534,0.19999999999999996,0.1817064084644286,0.21427289260352647,9.999000099990002e-05,1.2351536936687393e-52,1.5071693022993398,250,234,14,2,10000,10000,0.000999900009999
MovieLens-1M,itemknn,full_unseen_catalogue,target_margin,full_catalogue,full_catalogue,direction_accuracy,shapley_mc,random,0.3400370904224774,0.3400000000000001,0.3257903028316712,0.3537818497034442,9.999000099990002e-05,6.881520190614264e-71,2.999735710535314,250,247,2,1,10000,10000,0.000999900009999
MovieLens-1M,itemknn,full_unseen_catalogue,target_margin,full_catalogue,full_catalogue,direction_accuracy,lime,loo,-0.024974819514850463,-0.010000000000000009,-0.030691109538552253,-0.019152789061643544,9.999000099990002e-05,4.7815820101650697e-20,-0.5355884948847375,250,27,142,81,10000,10000,0.000999900009999
MovieLens-1M,itemknn,full_unseen_catalogue,target_margin,full_catalogue,full_catalogue,direction_accuracy,lime,greedy_cf,0.31721773225742267,0.30000000000000004,0.30144301757865455,0.3329986870529711,9.999000099990002e-05,2.210859150104178e-75,2.4763073768749218,250,249,0,1,10000,10000,0.000999900009999
MovieLens-1M,itemknn,full_unseen_catalogue,target_margin,full_catalogue,full_catalogue,direction_accuracy,lime,random,0.45929428127084476,0.4623481781376518,0.4504836886635896,0.4681133118331616,9.999000099990002e-05,1.105429575052089e-75,6.392942841123476,250,250,0,0,10000,10000,0.000999900009999
MovieLens-1M,itemknn,full_unseen_catalogue,target_margin,full_catalogue,full_catalogue,direction_accuracy,loo,greedy_cf,0.34219255177227315,0.35,0.3271511739155238,0.35729132038240397,9.999000099990002e-05,2.210859150104178e-75,2.8208514918737357,250,249,0,1,10000,10000,0.000999900009999
MovieLens-1M,itemknn,full_unseen_catalogue,target_margin,full_catalogue,full_catalogue,direction_accuracy,loo,random,0.4842691007856952,0.48285714285714293,0.4763280190903867,0.4921844110669173,9.999000099990002e-05,1.105429575052089e-75,7.425580866981674,250,250,0,0,10000,10000,0.000999900009999
MovieLens-1M,itemknn,full_unseen_catalogue,target_margin,full_catalogue,full_catalogue,direction_accuracy,greedy_cf,random,0.14207654901342204,0.15999999999999992,0.12695423942775488,0.1572349956995189,9.999000099990002e-05,1.5672490712366388e-31,1.141515319008375,250,212,36,2,10000,10000,0.000999900009999
MovieLens-1M,itemknn,full_unseen_catalogue,target_margin,full_catalogue,full_catalogue,direction_accuracy_ndcg,shapley_mc,lime,-0.03164021164021164,0.0,-0.07778339947089948,0.0045634920634920785,0.19268073192680732,0.7265625,-0.34033980201916736,18,3,5,10,10000,10000,0.38536146385361464
MovieLens-1M,itemknn,full_unseen_catalogue,target_margin,full_catalogue,full_catalogue,direction_accuracy_ndcg,shapley_mc,loo,-0.04126984126984126,0.0,-0.08994708994708994,-0.000917658730158847,0.12338766123387661,0.21875,-0.41283265882952846,18,1,5,12,10000,10000,0.3701629837016298
MovieLens-1M,itemknn,full_unseen_catalogue,target_margin,full_catalogue,full_catalogue,direction_accuracy_ndcg,shapley_mc,greedy_cf,0.15525493025493028,0.22499999999999998,0.016957972582972585,0.28425339706589703,0.043695630436956304,0.11846923828124999,0.5226434586987964,18,11,4,3,10000,10000,0.17478252174782521
MovieLens-1M,itemknn,full_unseen_catalogue,target_margin,full_catalogue,full_catalogue,direction_accuracy_ndcg,shapley_mc,random,0.419500962000962,0.4,0.34094850288600287,0.492134139009139,9.999000099990002e-05,7.62939453125e-06,2.4739379541054896,18,18,0,0,10000,10000,0.000999900009999
MovieLens-1M,itemknn,full_unseen_catalogue,target_margin,full_catalogue,full_catalogue,direction_accuracy_ndcg,lime,loo,-0.009629629629629623,0.0,-0.027777777777777766,0.009259259259259264,0.37546245375462456,0.21875,-0.23794907589906095,18,1,5,12,10000,10000,0.38536146385361464
MovieLens-1M,itemknn,full_unseen_catalogue,target_margin,full_catalogue,full_catalogue,direction_accuracy_ndcg,lime,greedy_cf,0.18689514189514192,0.21500000000000002,0.0791427368927369,0.29580110630110623,0.004199580041995801,0.210113525390625,0.7824933404023388,18,11,5,2,10000,10000,0.020997900209979003
MovieLens-1M,itemknn,full_unseen_catalogue,target_margin,full_catalogue,full_catalogue,direction_accuracy_ndcg,lime,random,0.4511411736411736,0.46749999999999997,0.3915904882154882,0.5053707912457912,9.999000099990002e-05,7.62939453125e-06,3.571024645942098,18,18,0,0,10000,10000,0.000999900009999
MovieLens-1M,itemknn,full_unseen_catalogue,target_margin,full_catalogue,full_catalogue,direction_accuracy_ndcg,loo,greedy_cf,0.19652477152477152,0.22499999999999998,0.09635161135161137,0.29728715728715716,0.0021997800219978004,0.0224609375,0.8718202205895936,18,11,2,5,10000,10000,0.013198680131986803
MovieLens-1M,itemknn,full_unseen_catalogue,target_margin,full_catalogue,full_catalogue,direction_accuracy_ndcg,loo,random,0.4607708032708033,0.4774999999999999,0.39936309523809527,0.5186525372775372,9.999000099990002e-05,7.62939453125e-06,3.405974068039898,18,18,0,0,10000,10000,0.000999900009999
MovieLens-1M,itemknn,full_unseen_catalogue,target_margin,full_catalogue,full_catalogue,direction_accuracy_ndcg,greedy_cf,random,0.2642460317460318,0.225,0.1440588624338624,0.3803465608465608,0.0010998900109989002,0.007537841796875,1.0050613267630315,18,15,3,0,10000,10000,0.007699230076992301
MovieLens-1M,itemknn,full_unseen_catalogue,target_margin,full_catalogue,full_catalogue,top1_precision,shapley_mc,lime,-0.208,0.0,-0.2496,-0.16639999999999996,9.999000099990002e-05,1.3255152635342784e-22,-0.616934561562589,250,13,119,118,10000,10000,0.000999900009999
MovieLens-1M,itemknn,full_unseen_catalogue,target_margin,full_catalogue,full_catalogue,top1_precision,shapley_mc,loo,-0.2936,-0.19999999999999996,-0.3424,-0.24559999999999996,9.999000099990002e-05,2.717864140919989e-31,-0.7452162630681026,250,7,133,110,10000,10000,0.000999900009999
MovieLens-1M,itemknn,full_unseen_catalogue,target_margin,full_catalogue,full_catalogue,top1_precision,shapley_mc,greedy_cf,0.5504,0.6,0.49839999999999995,0.6032000000000001,9.999000099990002e-05,7.888434642034632e-47,1.2880706725633118,250,188,7,55,10000,10000,0.000999900009999
MovieLens-1M,itemknn,full_unseen_catalogue,target_margin,full_catalogue,full_catalogue,top1_precision,shapley_mc,random,0.596,0.8,0.5472,0.6424000000000001,9.999000099990002e-05,1.4999791800383315e-52,1.5362762553098588,250,208,7,35,10000,10000,0.000999900009999
MovieLens-1M,itemknn,full_unseen_catalogue,target_margin,full_catalogue,full_catalogue,top1_precision,lime,loo,-0.0856,0.0,-0.1184,-0.05438000000000028,9.999000099990002e-05,3.914123197106857e-10,-0.324486933726296,250,9,59,182,10000,10000,0.000999900009999
MovieLens-1M,itemknn,full_unseen_catalogue,target_margin,full_catalogue,full_catalogue,top1_precision,lime,greedy_cf,0.7584,1.0,0.7111999999999999,0.804,9.999000099990002e-05,2.2460815945820228e-61,2.0180323052357605,250,215,2,33,10000,10000,0.000999900009999
MovieLens-1M,itemknn,full_unseen_catalogue,target_margin,full_catalogue,full_catalogue,top1_precision,lime,random,0.8040000000000002,1.0,0.7672,0.8376000000000001,9.999000099990002e-05,6.4931482914957234e-68,2.7901172910773235,250,237,2,11,10000,10000,0.000999900009999
MovieLens-1M,itemknn,full_unseen_catalogue,target_margin,full_catalogue,full_catalogue,top1_precision,loo,greedy_cf,0.844,1.0,0.796,0.888,9.999000099990002e-05,6.077163357286271e-64,2.321339136062498,250,211,0,39,10000,10000,0.000999900009999
MovieLens-1M,itemknn,full_unseen_catalogue,target_margin,full_catalogue,full_catalogue,top1_precision,loo,random,0.8896000000000001,1.0,0.8575999999999999,0.9192,9.999000099990002e-05,2.554063727392286e-67,3.5278766386810823,250,235,2,13,10000,10000,0.000999900009999
MovieLens-1M,itemknn,full_unseen_catalogue,target_margin,full_catalogue,full_catalogue,top1_precision,greedy_cf,random,0.0456,0.0,0.006399999999999999,0.0872,0.024797520247975203,0.0012632268710478355,0.1428856193345466,250,24,53,173,10000,10000,0.024797520247975203
MovieLens-1M,itemknn,full_unseen_catalogue,target_margin,full_catalogue,full_catalogue,top3_precision,shapley_mc,lime,-0.12986666666666669,-0.06666666666666676,-0.1512066666666667,-0.10853333333333334,9.999000099990002e-05,1.4814257246694026e-23,-0.7525726434462024,250,23,148,79,10000,10000,0.000999900009999
MovieLens-1M,itemknn,full_unseen_catalogue,target_margin,full_catalogue,full_catalogue,top3_precision,shapley_mc,loo,-0.17440000000000003,-0.13333333333333341,-0.20080000000000003,-0.1477333333333334,9.999000099990002e-05,2.502986708397291e-32,-0.8106339081745931,250,15,162,73,10000,10000,0.000999900009999
MovieLens-1M,itemknn,full_unseen_catalogue,target_margin,full_catalogue,full_catalogue,top3_precision,shapley_mc,greedy_cf,0.33893333333333336,0.33333333333333337,0.30106666666666665,0.37680666666666657,9.999000099990002e-05,9.912115675243557e-43,1.1359919543396617,250,201,15,34,10000,10000,0.000999900009999
MovieLens-1M,itemknn,full_unseen_catalogue,target_margin,full_catalogue,full_catalogue,top3_precision,shapley_mc,random,0.6159999999999999,0.6666666666666665,0.5877333333333333,0.6426666666666666,9.999000099990002e-05,6.881520190614264e-71,2.785659730011194,250,247,2,1,10000,10000,0.000999900009999
MovieLens-1M,itemknn,full_unseen_catalogue,target_margin,full_catalogue,full_catalogue,top3_precision,lime,loo,-0.04453333333333336,0.0,-0.06133333333333336,-0.027993333333333446,9.999000099990002e-05,2.3222098297326027e-11,-0.33144022475721496,250,20,88,142,10000,10000,0.000999900009999
MovieLens-1M,itemknn,full_unseen_catalogue,target_margin,full_catalogue,full_catalogue,top3_precision,lime,greedy_cf,0.46879999999999994,0.3666666666666666,0.436,0.5024,9.999000099990002e-05,6.751914321173197e-68,1.7598243781381182,250,231,1,18,10000,10000,0.000999900009999
MovieLens-1M,itemknn,full_unseen_catalogue,target_margin,full_catalogue,full_catalogue,top3_precision,lime,random,0.7458666666666667,0.7999999999999999,0.7258666666666667,0.7656,9.999000099990002e-05,1.105429575052089e-75,4.616938481131634,250,250,0,0,10000,10000,0.000999900009999
MovieLens-1M,itemknn,full_unseen_catalogue,target_margin,full_catalogue,full_catalogue,top3_precision,loo,greedy_cf,0.5133333333333334,0.33333333333333337,0.48,0.5466666666666667,9.999000099990002e-05,1.1591269220898192e-69,1.8969946403318854,250,230,0,20,10000,10000,0.000999900009999
MovieLens-1M,itemknn,full_unseen_catalogue,target_margin,full_catalogue,full_catalogue,top3_precision,loo,random,0.7904000000000001,0.8333333333333334,0.7701333333333334,0.8096,9.999000099990002e-05,1.105429575052089e-75,5.012922502052014,250,250,0,0,10000,10000,0.000999900009999
MovieLens-1M,itemknn,full_unseen_catalogue,target_margin,full_catalogue,full_catalogue,top3_precision,greedy_cf,random,0.2770666666666667,0.26666666666666666,0.24292666666666665,0.31226666666666664,9.999000099990002e-05,3.6910319541674137e-25,0.9988273647844566,250,201,44,5,10000,10000,0.000999900009999
MovieLens-1M,itemknn,full_unseen_catalogue,target_margin,full_catalogue,full_catalogue,top5_precision,shapley_mc,lime,-0.10485333333333333,-0.07999999999999996,-0.12266666666666666,-0.08799999999999998,9.999000099990002e-05,7.92634857079224e-25,-0.7542025786048887,250,28,165,57,10000,10000,0.000999900009999
MovieLens-1M,itemknn,full_unseen_catalogue,target_margin,full_catalogue,full_catalogue,top5_precision,shapley_mc,loo,-0.1426666666666667,-0.1200000000000001,-0.16362666666666667,-0.12224000000000002,9.999000099990002e-05,4.6756652446906635e-35,-0.8422545378363459,250,18,181,51,10000,10000,0.000999900009999
MovieLens-1M,itemknn,full_unseen_catalogue,target_margin,full_catalogue,full_catalogue,top5_precision,shapley_mc,greedy_cf,0.26933333333333337,0.20000000000000007,0.23797333333333334,0.30165333333333333,9.999000099990002e-05,3.371624858292509e-38,1.047117749565722,250,207,23,20,10000,10000,0.000999900009999
MovieLens-1M,itemknn,full_unseen_catalogue,target_margin,full_catalogue,full_catalogue,top5_precision,shapley_mc,random,0.55424,0.56,0.53104,0.5768,9.999000099990002e-05,5.5271478752604446e-73,2.985108578819038,250,248,1,1,10000,10000,0.000999900009999
MovieLens-1M,itemknn,full_unseen_catalogue,target_margin,full_catalogue,full_catalogue,top5_precision,lime,loo,-0.037813333333333345,0.0,-0.050134666666666675,-0.02581333333333334,9.999000099990002e-05,1.2161033345676802e-12,-0.3796266429223231,250,22,98,130,10000,10000,0.000999900009999
MovieLens-1M,itemknn,full_unseen_catalogue,target_margin,full_catalogue,full_catalogue,top5_precision,lime,greedy_cf,0.37418666666666667,0.4,0.34528000000000003,0.4024,9.999000099990002e-05,9.719876297393107e-60,1.6276465710210901,250,233,7,10,10000,10000,0.000999900009999
MovieLens-1M,itemknn,full_unseen_catalogue,target_margin,full_catalogue,full_catalogue,top5_precision,lime,random,0.6590933333333332,0.68,0.6402666666666667,0.6773333333333332,9.999000099990002e-05,1.105429575052089e-75,4.426145634593618,250,250,0,0,10000,10000,0.000999900009999
MovieLens-1M,itemknn,full_unseen_catalogue,target_margin,full_catalogue,full_catalogue,top5_precision,loo,greedy_cf,0.41200000000000003,0.4,0.38160000000000005,0.44239999999999996,9.999000099990002e-05,2.6775831900274823e-67,1.6851441571633954,250,229,1,20,10000,10000,0.000999900009999
MovieLens-1M,itemknn,full_unseen_catalogue,target_margin,full_catalogue,full_catalogue,top5_precision,loo,random,0.6969066666666666,0.72,0.6795733333333333,0.713708,9.999000099990002e-05,1.105429575052089e-75,4.962312002010061,250,250,0,0,10000,10000,0.000999900009999
MovieLens-1M,itemknn,full_unseen_catalogue,target_margin,full_catalogue,full_catalogue,top5_precision,greedy_cf,random,0.2849066666666667,0.32,0.25615999999999994,0.3142413333333333,9.999000099990002e-05,2.978383543352474e-30,1.1901232457199458,250,211,38,1,10000,10000,0.000999900009999
MovieLens-1M,itemknn,full_unseen_catalogue,target_margin,full_catalogue,full_catalogue,joint_effect_primary,shapley_mc,lime,-0.00012979885208492674,-3.114570544880408e-05,-0.0001663475289244766,-9.467788064089743e-05,9.999000099990002e-05,2.557588560383793e-27,-0.4452686343303903,250,14,140,96,10000,10000,0.000999900009999
MovieLens-1M,itemknn,full_unseen_catalogue,target_margin,full_catalogue,full_catalogue,joint_effect_primary,shapley_mc,loo,-0.00012725121269968026,-5.918383744649147e-05,-0.00019081386286399574,-3.579540141739812e-05,9.999000099990002e-05,4.8538315714685116e-32,-0.20306174979557176,250,12,152,86,10000,10000,0.000999900009999
MovieLens-1M,itemknn,full_unseen_catalogue,target_margin,full_catalogue,full_catalogue,joint_effect_primary,shapley_mc,greedy_cf,0.002655605875581591,0.0024889086522232873,0.00240748338869109,0.002935789020164391,9.999000099990002e-05,3.7565657279072503e-63,1.256771770497174,250,236,5,9,10000,10000,0.000999900009999
MovieLens-1M,itemknn,full_unseen_catalogue,target_margin,full_catalogue,full_catalogue,joint_effect_primary,shapley_mc,random,0.002784038159715398,0.002738300676356514,0.002614399251959497,0.002968309037335733,9.999000099990002e-05,2.7746282333807432e-73,1.9706319209799747,250,249,1,0,10000,10000,0.000999900009999
MovieLens-1M,itemknn,full_unseen_catalogue,target_margin,full_catalogue,full_catalogue,joint_effect_primary,lime,loo,2.5476393852464608e-06,0.0,-3.31141096659183e-05,6.47835724002996e-05,1.0,1.2385312683552131e-11,0.00568381131019269,250,16,81,153,10000,10000,1.0
MovieLens-1M,itemknn,full_unseen_catalogue,target_margin,full_catalogue,full_catalogue,joint_effect_primary,lime,greedy_cf,0.0027854047276665178,0.002585438415289576,0.002553527209183691,0.0030523236456822646,9.999000099990002e-05,2.728023322496547e-70,1.3876491218586735,250,239,1,10,10000,10000,0.000999900009999
MovieLens-1M,itemknn,full_unseen_catalogue,target_margin,full_catalogue,full_catalogue,joint_effect_primary,lime,random,0.0029138370118003253,0.0028495368251661712,0.0027618697172461307,0.00307558252693041,9.999000099990002e-05,1.105429575052089e-75,2.2774275903027754,250,250,0,0,10000,10000,0.000999900009999
MovieLens-1M,itemknn,full_unseen_catalogue,target_margin,full_catalogue,full_catalogue,joint_effect_primary,loo,greedy_cf,0.0027828570882812713,0.002622642281368104,0.002572899082450849,0.0030134219636051207,9.999000099990002e-05,1.131959884853339e-72,1.5646013885110244,250,240,0,10,10000,10000,0.000999900009999
MovieLens-1M,itemknn,full_unseen_catalogue,target_margin,full_catalogue,full_catalogue,joint_effect_primary,loo,random,0.002911289372415079,0.0028733798600829195,0.0027748219992181724,0.003050548016176009,9.999000099990002e-05,1.105429575052089e-75,2.5759117515810166,250,250,0,0,10000,10000,0.000999900009999
MovieLens-1M,itemknn,full_unseen_catalogue,target_margin,full_catalogue,full_catalogue,joint_effect_primary,greedy_cf,random,0.00012843228413380738,2.0283060510550843e-05,-9.247805813796057e-05,0.0003489829893991285,0.25007499250074994,0.7519020991265514,0.07293214872314303,250,128,122,0,10000,10000,0.5001499850014999
MovieLens-1M,itemknn,full_unseen_catalogue,target_margin,full_catalogue,full_catalogue,joint_effect_ndcg,shapley_mc,lime,-0.002935648945843109,0.0,-0.007028043332821959,-5.2311709959042e-06,0.12258774122587741,0.375,-0.09779059392344765,250,1,4,245,10000,10000,0.36776322367763226
MovieLens-1M,itemknn,full_unseen_catalogue,target_margin,full_catalogue,full_catalogue,joint_effect_ndcg,shapley_mc,loo,-0.0027502874566688994,0.0,-0.00708504316606288,0.00024516496101215557,0.22247775222477753,0.6875,-0.09079460354328206,250,2,4,244,10000,10000,0.44495550444955506
MovieLens-1M,itemknn,full_unseen_catalogue,target_margin,full_catalogue,full_catalogue,joint_effect_ndcg,shapley_mc,greedy_cf,0.006957529951364518,0.0,0.0003809194606528609,0.014210896082557307,0.042695730426957304,0.00341796875,0.12557688484325666,250,12,1,237,10000,10000,0.17548245175482452
MovieLens-1M,itemknn,full_unseen_catalogue,target_margin,full_catalogue,full_catalogue,joint_effect_ndcg,shapley_mc,random,0.01201095887636434,0.0,0.004056767644099685,0.022290804541000013,0.0021997800219978004,2.09808349609375e-05,0.1634023973936095,250,20,1,229,10000,10000,0.013198680131986803
MovieLens-1M,itemknn,full_unseen_catalogue,target_margin,full_catalogue,full_catalogue,joint_effect_ndcg,lime,loo,0.00018536148917420948,0.0,-8.614921929187136e-05,0.0006422336868144998,1.0,1.0,0.05424696736760073,250,1,1,248,10000,10000,1.0
MovieLens-1M,itemknn,full_unseen_catalogue,target_margin,full_catalogue,full_catalogue,joint_effect_ndcg,lime,greedy_cf,0.009893178897207627,0.0,0.0038711266769917677,0.017185210829441255,0.0004999500049995,0.00048828125,0.1812622356633531,250,12,0,238,10000,10000,0.003999600039996
MovieLens-1M,itemknn,full_unseen_catalogue,target_margin,full_catalogue,full_catalogue,joint_effect_ndcg,lime,random,0.014946607822207449,0.0,0.006983536649636728,0.025128989145495117,9.999000099990002e-05,4.76837158203125e-07,0.20204087489475933,250,22,0,228,10000,10000,0.000999900009999
MovieLens-1M,itemknn,full_unseen_catalogue,target_margin,full_catalogue,full_catalogue,joint_effect_ndcg,loo,greedy_cf,0.009707817408033417,0.0,0.003779532739362907,0.01683593891541085,0.0004999500049995,0.00048828125,0.18200661876940558,250,12,0,238,10000,10000,0.003999600039996
MovieLens-1M,itemknn,full_unseen_catalogue,target_margin,full_catalogue,full_catalogue,joint_effect_ndcg,loo,random,0.01476124633303324,0.0,0.006819639293927696,0.02475517580373039,9.999000099990002e-05,4.76837158203125e-07,0.2019881838951848,250,22,0,228,10000,10000,0.000999900009999
MovieLens-1M,itemknn,full_unseen_catalogue,target_margin,full_catalogue,full_catalogue,joint_effect_ndcg,greedy_cf,random,0.005053428924999821,0.0,0.00060956061270423,0.010189259397606735,0.035096490350964904,0.063568115234375,0.13013945165961494,250,14,5,231,10000,10000,0.17548245175482452
MovieLens-1M,itemknn,full_unseen_catalogue,target_margin,full_catalogue,full_catalogue,joint_effect_target_margin,shapley_mc,lime,-0.00012979885208492674,-3.114570544880408e-05,-0.00016653207703672023,-9.386859811515109e-05,9.999000099990002e-05,2.557588560383793e-27,-0.4452686343303903,250,14,140,96,10000,10000,0.000999900009999
MovieLens-1M,itemknn,full_unseen_catalogue,target_margin,full_catalogue,full_catalogue,joint_effect_target_margin,shapley_mc,loo,-0.00012725121269968026,-5.918383744649147e-05,-0.0001890015015614938,-3.675513151009794e-05,9.999000099990002e-05,4.8538315714685116e-32,-0.20306174979557176,250,12,152,86,10000,10000,0.000999900009999
MovieLens-1M,itemknn,full_unseen_catalogue,target_margin,full_catalogue,full_catalogue,joint_effect_target_margin,shapley_mc,greedy_cf,0.002655605875581591,0.0024889086522232873,0.0024086341028339187,0.0029321927656287485,9.999000099990002e-05,3.7565657279072503e-63,1.256771770497174,250,236,5,9,10000,10000,0.000999900009999
MovieLens-1M,itemknn,full_unseen_catalogue,target_margin,full_catalogue,full_catalogue,joint_effect_target_margin,shapley_mc,random,0.002784038159715398,0.002738300676356514,0.0026138084560198924,0.002964836960065378,9.999000099990002e-05,2.7746282333807432e-73,1.9706319209799747,250,249,1,0,10000,10000,0.000999900009999
MovieLens-1M,itemknn,full_unseen_catalogue,target_margin,full_catalogue,full_catalogue,joint_effect_target_margin,lime,loo,2.5476393852464608e-06,0.0,-3.281877489033712e-05,6.425556193029827e-05,1.0,1.2385312683552131e-11,0.00568381131019269,250,16,81,153,10000,10000,1.0
MovieLens-1M,itemknn,full_unseen_catalogue,target_margin,full_catalogue,full_catalogue,joint_effect_target_margin,lime,greedy_cf,0.0027854047276665178,0.002585438415289576,0.0025553713695975265,0.0030448083725873195,9.999000099990002e-05,2.728023322496547e-70,1.3876491218586735,250,239,1,10,10000,10000,0.000999900009999
MovieLens-1M,itemknn,full_unseen_catalogue,target_margin,full_catalogue,full_catalogue,joint_effect_target_margin,lime,random,0.0029138370118003253,0.0028495368251661712,0.002759883376004853,0.0030731866015787776,9.999000099990002e-05,1.105429575052089e-75,2.2774275903027754,250,250,0,0,10000,10000,0.000999900009999
MovieLens-1M,itemknn,full_unseen_catalogue,target_margin,full_catalogue,full_catalogue,joint_effect_target_margin,loo,greedy_cf,0.0027828570882812713,0.002622642281368104,0.0025725878169067977,0.00301558072787008,9.999000099990002e-05,1.131959884853339e-72,1.5646013885110244,250,240,0,10,10000,10000,0.000999900009999
MovieLens-1M,itemknn,full_unseen_catalogue,target_margin,full_catalogue,full_catalogue,joint_effect_target_margin,loo,random,0.002911289372415079,0.0028733798600829195,0.0027750319327861372,0.003050464597241904,9.999000099990002e-05,1.105429575052089e-75,2.5759117515810166,250,250,0,0,10000,10000,0.000999900009999
MovieLens-1M,itemknn,full_unseen_catalogue,target_margin,full_catalogue,full_catalogue,joint_effect_target_margin,greedy_cf,random,0.00012843228413380738,2.0283060510550843e-05,-9.585571317644529e-05,0.00034355443794112324,0.25347465253474655,0.7519020991265514,0.07293214872314303,250,128,122,0,10000,10000,0.5069493050694931
MovieLens-1M,itemknn,full_unseen_catalogue,target_margin,full_catalogue,full_catalogue,intervention_success,shapley_mc,lime,-0.013600000000000001,0.0,-0.028799999999999996,-0.0024,0.06409359064093591,0.0625,-0.1283937946193827,250,0,5,245,10000,10000,0.18418158184181582
MovieLens-1M,itemknn,full_unseen_catalogue,target_margin,full_catalogue,full_catalogue,intervention_success,shapley_mc,loo,-0.013600000000000001,0.0,-0.028,-0.0024,0.0613938606139386,0.0625,-0.1283937946193827,250,0,5,245,10000,10000,0.18418158184181582
MovieLens-1M,itemknn,full_unseen_catalogue,target_margin,full_catalogue,full_catalogue,intervention_success,shapley_mc,greedy_cf,0.45039999999999997,0.0,0.38720000000000004,0.5120199999999997,9.999000099990002e-05,1.6339108165695212e-31,0.8931216010057905,250,114,2,134,10000,10000,0.000999900009999
MovieLens-1M,itemknn,full_unseen_catalogue,target_margin,full_catalogue,full_catalogue,intervention_success,shapley_mc,random,0.5304,0.6,0.5008,0.5592,9.999000099990002e-05,2.1147133073844473e-69,2.221917383546179,250,242,2,6,10000,10000,0.000999900009999
MovieLens-1M,itemknn,full_unseen_catalogue,target_margin,full_catalogue,full_catalogue,intervention_success,lime,loo,0.0,0.0,0.0,0.0,1.0,1.0,0.0,250,0,0,250,10000,10000,1.0
MovieLens-1M,itemknn,full_unseen_catalogue,target_margin,full_catalogue,full_catalogue,intervention_success,lime,greedy_cf,0.464,0.0,0.404,0.524,9.999000099990002e-05,2.407412430484045e-35,0.9285520745891858,250,116,0,134,10000,10000,0.000999900009999
MovieLens-1M,itemknn,full_unseen_catalogue,target_margin,full_catalogue,full_catalogue,intervention_success,lime,random,0.544,0.6,0.5167999999999999,0.5712,9.999000099990002e-05,3.5373746401666845e-74,2.4763875584300754,250,245,0,5,10000,10000,0.000999900009999
MovieLens-1M,itemknn,full_unseen_catalogue,target_margin,full_catalogue,full_catalogue,intervention_success,loo,greedy_cf,0.464,0.0,0.4,0.524,9.999000099990002e-05,2.407412430484045e-35,0.9285520745891858,250,116,0,134,10000,10000,0.000999900009999
MovieLens-1M,itemknn,full_unseen_catalogue,target_margin,full_catalogue,full_catalogue,intervention_success,loo,random,0.544,0.6,0.5167999999999999,0.572,9.999000099990002e-05,3.5373746401666845e-74,2.4763875584300754,250,245,0,5,10000,10000,0.000999900009999
MovieLens-1M,itemknn,full_unseen_catalogue,target_margin,full_catalogue,full_catalogue,intervention_success,greedy_cf,random,0.08,0.19999999999999996,0.011199999999999993,0.1512,0.028597140285971403,0.22186976184417911,0.14220882621626235,250,131,111,8,10000,10000,0.11438856114388561
MovieLens-1M,itemknn,full_unseen_catalogue,target_margin,full_catalogue,full_catalogue,abstention,shapley_mc,lime,0.0,0.0,0.0,0.0,1.0,1.0,0.0,250,0,0,250,10000,10000,1.0
MovieLens-1M,itemknn,full_unseen_catalogue,target_margin,full_catalogue,full_catalogue,abstention,shapley_mc,loo,0.0,0.0,0.0,0.0,1.0,1.0,0.0,250,0,0,250,10000,10000,1.0
MovieLens-1M,itemknn,full_unseen_catalogue,target_margin,full_catalogue,full_catalogue,abstention,shapley_mc,greedy_cf,0.0,0.0,0.0,0.0,1.0,1.0,0.0,250,0,0,250,10000,10000,1.0
MovieLens-1M,itemknn,full_unseen_catalogue,target_margin,full_catalogue,full_catalogue,abstention,shapley_mc,random,-0.0008,0.0,-0.0024000000000000002,0.0,1.0,1.0,-0.06324555320336757,250,0,1,249,10000,10000,1.0
MovieLens-1M,itemknn,full_unseen_catalogue,target_margin,full_catalogue,full_catalogue,abstention,lime,loo,0.0,0.0,0.0,0.0,1.0,1.0,0.0,250,0,0,250,10000,10000,1.0
MovieLens-1M,itemknn,full_unseen_catalogue,target_margin,full_catalogue,full_catalogue,abstention,lime,greedy_cf,0.0,0.0,0.0,0.0,1.0,1.0,0.0,250,0,0,250,10000,10000,1.0
MovieLens-1M,itemknn,full_unseen_catalogue,target_margin,full_catalogue,full_catalogue,abstention,lime,random,-0.0008,0.0,-0.0024000000000000002,0.0,1.0,1.0,-0.06324555320336757,250,0,1,249,10000,10000,1.0
MovieLens-1M,itemknn,full_unseen_catalogue,target_margin,full_catalogue,full_catalogue,abstention,loo,greedy_cf,0.0,0.0,0.0,0.0,1.0,1.0,0.0,250,0,0,250,10000,10000,1.0
MovieLens-1M,itemknn,full_unseen_catalogue,target_margin,full_catalogue,full_catalogue,abstention,loo,random,-0.0008,0.0,-0.0024000000000000002,0.0,1.0,1.0,-0.06324555320336757,250,0,1,249,10000,10000,1.0
MovieLens-1M,itemknn,full_unseen_catalogue,target_margin,full_catalogue,full_catalogue,abstention,greedy_cf,random,-0.0008,0.0,-0.0024000000000000002,0.0,1.0,1.0,-0.06324555320336757,250,0,1,249,10000,10000,1.0
MovieLens-1M,itemknn,full_unseen_catalogue,target_margin,full_catalogue,full_catalogue,joint_regret_primary,shapley_mc,lime,0.00012979885208492509,3.1145705448804015e-05,9.466681054620229e-05,0.00016661388633753809,9.999000099990002e-05,2.557588560383793e-27,0.4452686343303852,250,140,14,96,10000,10000,0.000999900009999
MovieLens-1M,itemknn,full_unseen_catalogue,target_margin,full_catalogue,full_catalogue,joint_regret_primary,shapley_mc,loo,0.00012725121269967817,5.918383744649147e-05,3.59528002379915e-05,0.00018972637449991047,9.999000099990002e-05,4.8538315714685116e-32,0.2030617497955685,250,152,12,86,10000,10000,0.000999900009999
MovieLens-1M,itemknn,full_unseen_catalogue,target_margin,full_catalogue,full_catalogue,joint_regret_primary,shapley_mc,greedy_cf,-0.002655605875581591,-0.0024889086522232873,-0.00293256734103755,-0.0024078052643555087,9.999000099990002e-05,3.7565657279072503e-63,-1.2567717704971737,250,5,236,9,10000,10000,0.000999900009999
MovieLens-1M,itemknn,full_unseen_catalogue,target_margin,full_catalogue,full_catalogue,joint_regret_primary,shapley_mc,random,-0.002784038159715398,-0.002738300676356514,-0.0029659583804537075,-0.0026113919968816257,9.999000099990002e-05,2.7746282333807432e-73,-1.9706319209799747,250,1,249,0,10000,10000,0.000999900009999
MovieLens-1M,itemknn,full_unseen_catalogue,target_margin,full_catalogue,full_catalogue,joint_regret_primary,lime,loo,-2.547639385246915e-06,0.0,-6.366187900142349e-05,3.3195862542074816e-05,1.0,1.2385312683552131e-11,-0.0056838113101937045,250,81,16,153,10000,10000,1.0
MovieLens-1M,itemknn,full_unseen_catalogue,target_margin,full_catalogue,full_catalogue,joint_regret_primary,lime,greedy_cf,-0.002785404727666516,-0.002585438415289554,-0.0030554195338604075,-0.0025550184049613835,9.999000099990002e-05,2.728023322496547e-70,-1.387649121858672,250,1,239,10,10000,10000,0.000999900009999
MovieLens-1M,itemknn,full_unseen_catalogue,target_margin,full_catalogue,full_catalogue,joint_regret_primary,lime,random,-0.0029138370118003236,-0.0028495368251661712,-0.00308040337558067,-0.0027607230328872256,9.999000099990002e-05,1.105429575052089e-75,-2.2774275903027736,250,0,250,0,10000,10000,0.000999900009999
MovieLens-1M,itemknn,full_unseen_catalogue,target_margin,full_catalogue,full_catalogue,joint_regret_primary,loo,greedy_cf,-0.0027828570882812687,-0.002622642281368104,-0.003006535919035663,-0.0025704824953520404,9.999000099990002e-05,1.131959884853339e-72,-1.5646013885110215,250,0,240,10,10000,10000,0.000999900009999
MovieLens-1M,itemknn,full_unseen_catalogue,target_margin,full_catalogue,full_catalogue,joint_regret_primary,loo,random,-0.0029112893724150763,-0.0028733798600829195,-0.0030513051341213558,-0.0027771232358642125,9.999000099990002e-05,1.105429575052089e-75,-2.575911751581011,250,0,250,0,10000,10000,0.000999900009999
MovieLens-1M,itemknn,full_unseen_catalogue,target_margin,full_catalogue,full_catalogue,joint_regret_primary,greedy_cf,random,-0.00012843228413380732,-2.0283060510550843e-05,-0.0003426351302516661,0.00010089226512328209,0.24977502249775022,0.7519020991265514,-0.07293214872314299,250,122,128,0,10000,10000,0.49955004499550043
MovieLens-1M,itemknn,full_unseen_catalogue,target_margin,full_catalogue,full_catalogue,normalized_regret_primary,shapley_mc,lime,0.07032148725031721,0.011780089825290515,0.05126566317682774,0.09114155133427329,9.999000099990002e-05,2.557588560383793e-27,0.42923360962205886,250,140,14,96,10000,10000,0.000999900009999
MovieLens-1M,itemknn,full_unseen_catalogue,target_margin,full_catalogue,full_catalogue,normalized_regret_primary,shapley_mc,loo,0.0813503374768497,0.020865500748367197,0.05991660942642741,0.10497487933795174,9.999000099990002e-05,4.8538315714685116e-32,0.4520234368644039,250,152,12,86,10000,10000,0.000999900009999
MovieLens-1M,itemknn,full_unseen_catalogue,target_margin,full_catalogue,full_catalogue,normalized_regret_primary,shapley_mc,greedy_cf,-0.9413433714698078,-0.9103055446968814,-1.0094085135513475,-0.8758410815592634,9.999000099990002e-05,3.7565657279072503e-63,-1.7494763882361066,250,5,236,9,10000,10000,0.000999900009999
MovieLens-1M,itemknn,full_unseen_catalogue,target_margin,full_catalogue,full_catalogue,normalized_regret_primary,shapley_mc,random,-0.9561465179180564,-0.9857699433507338,-0.9876244188796756,-0.9242466229134747,9.999000099990002e-05,2.7746282333807432e-73,-3.782212818475443,250,1,249,0,10000,10000,0.000999900009999
MovieLens-1M,itemknn,full_unseen_catalogue,target_margin,full_catalogue,full_catalogue,normalized_regret_primary,lime,loo,0.011028850226532456,0.0,0.003515885555543475,0.01924621163418173,0.0013998600139986002,1.2385312683552131e-11,0.17504223510044153,250,81,16,153,10000,10000,0.0027997200279972004
MovieLens-1M,itemknn,full_unseen_catalogue,target_margin,full_catalogue,full_catalogue,normalized_regret_primary,lime,greedy_cf,-1.0116648587201251,-0.9614863515214955,-1.0780866852036908,-0.9460902499376876,9.999000099990002e-05,2.728023322496547e-70,-1.9205043338474732,250,1,239,10,10000,10000,0.000999900009999
MovieLens-1M,itemknn,full_unseen_catalogue,target_margin,full_catalogue,full_catalogue,normalized_regret_primary,lime,random,-1.0264680051683739,-1.0323461276851864,-1.0515687169606434,-1.0005156355483575,9.999000099990002e-05,1.105429575052089e-75,-4.962344804953213,250,0,250,0,10000,10000,0.000999900009999
MovieLens-1M,itemknn,full_unseen_catalogue,target_margin,full_catalogue,full_catalogue,normalized_regret_primary,loo,greedy_cf,-1.0226937089466575,-0.9674914579620664,-1.0878314734169006,-0.9559716737227157,9.999000099990002e-05,1.131959884853339e-72,-1.9447983897868193,250,0,240,10,10000,10000,0.000999900009999
MovieLens-1M,itemknn,full_unseen_catalogue,target_margin,full_catalogue,full_catalogue,normalized_regret_primary,loo,random,-1.0374968553949062,-1.0437782747743305,-1.0633428041201702,-1.0118577205491632,9.999000099990002e-05,1.105429575052089e-75,-4.912713609829355,250,0,250,0,10000,10000,0.000999900009999
MovieLens-1M,itemknn,full_unseen_catalogue,target_margin,full_catalogue,full_catalogue,normalized_regret_primary,greedy_cf,random,-0.014803146448248657,-0.006903942820720044,-0.0844933442397248,0.05652342856123168,0.685031496850315,0.7519020991265514,-0.025804089759349474,250,122,128,0,10000,10000,0.685031496850315
MovieLens-1M,itemknn,full_unseen_catalogue,target_margin,full_catalogue,full_catalogue,joint_regret_ndcg,shapley_mc,lime,0.0029356489458431086,0.0,0.0,0.007167052703049078,0.11838816118388161,0.375,0.09779059392344763,250,4,1,245,10000,10000,0.3551644835516448
MovieLens-1M,itemknn,full_unseen_catalogue,target_margin,full_catalogue,full_catalogue,joint_regret_ndcg,shapley_mc,loo,0.0027502874566688994,0.0,-0.0002528607878542608,0.007057017056940895,0.22307769223077692,0.6875,0.09079460354328206,250,4,2,244,10000,10000,0.44615538446155384
MovieLens-1M,itemknn,full_unseen_catalogue,target_margin,full_catalogue,full_catalogue,joint_regret_ndcg,shapley_mc,greedy_cf,-0.006957529951364518,0.0,-0.014301688526768632,-0.0005711597489178784,0.04509549045095491,0.00341796875,-0.12557688484325666,250,1,12,237,10000,10000,0.18648135186481352
MovieLens-1M,itemknn,full_unseen_catalogue,target_margin,full_catalogue,full_catalogue,joint_regret_ndcg,shapley_mc,random,-0.01201095887636434,0.0,-0.022284375478603385,-0.0038677766757961567,0.0014998500149985001,2.09808349609375e-05,-0.1634023973936095,250,1,20,229,10000,10000,0.008999100089991
MovieLens-1M,itemknn,full_unseen_catalogue,target_margin,full_catalogue,full_catalogue,joint_regret_ndcg,lime,loo,-0.0001853614891742093,0.0,-0.0006422336868144998,8.614921929187188e-05,1.0,1.0,-0.054246967367600665,250,1,1,248,10000,10000,1.0
MovieLens-1M,itemknn,full_unseen_catalogue,target_margin,full_catalogue,full_catalogue,joint_regret_ndcg,lime,greedy_cf,-0.009893178897207627,0.0,-0.017248258620704535,-0.00400823602113996,0.000999900009999,0.00048828125,-0.1812622356633531,250,0,12,238,10000,10000,0.006999300069993001
MovieLens-1M,itemknn,full_unseen_catalogue,target_margin,full_catalogue,full_catalogue,joint_regret_ndcg,lime,random,-0.014946607822207449,0.0,-0.024898052693464907,-0.007075765768798456,9.999000099990002e-05,4.76837158203125e-07,-0.20204087489475933,250,0,22,228,10000,10000,0.000999900009999
MovieLens-1M,itemknn,full_unseen_catalogue,target_margin,full_catalogue,full_catalogue,joint_regret_ndcg,loo,greedy_cf,-0.009707817408033417,0.0,-0.017172713734405015,-0.0038729884986655827,0.00039996000399960006,0.00048828125,-0.18200661876940558,250,0,12,238,10000,10000,0.0031996800319968005
MovieLens-1M,itemknn,full_unseen_catalogue,target_margin,full_catalogue,full_catalogue,joint_regret_ndcg,loo,random,-0.014761246333033242,0.0,-0.02468700530185857,-0.0068320151748743245,9.999000099990002e-05,4.76837158203125e-07,-0.2019881838951848,250,0,22,228,10000,10000,0.000999900009999
MovieLens-1M,itemknn,full_unseen_catalogue,target_margin,full_catalogue,full_catalogue,joint_regret_ndcg,greedy_cf,random,-0.005053428924999821,0.0,-0.010183487772239442,-0.0006542461305695383,0.0372962703729627,0.063568115234375,-0.13013945165961494,250,5,14,231,10000,10000,0.18648135186481352
MovieLens-1M,itemknn,full_unseen_catalogue,target_margin,full_catalogue,full_catalogue,normalized_regret_ndcg,shapley_mc,lime,0.08290738754713085,0.0,-0.08960252567789127,0.26039747432210875,0.43645635436456354,0.375,0.20497371574403273,20,4,1,15,10000,10000,1.0
MovieLens-1M,itemknn,full_unseen_catalogue,target_margin,full_catalogue,full_catalogue,normalized_regret_ndcg,shapley_mc,loo,0.07718251885880963,0.0,-0.09757208038707241,0.2496924320838317,0.4350564943505649,0.6875,0.18936484283405494,20,4,2,14,10000,10000,1.0
MovieLens-1M,itemknn,full_unseen_catalogue,target_margin,full_catalogue,full_catalogue,normalized_regret_ndcg,shapley_mc,greedy_cf,-0.3283879159887171,-0.2818100575441003,-0.5380517023214187,-0.10953896417217318,0.0091990800919908,0.00634765625,-0.6527951558165853,20,1,11,8,10000,10000,0.040495950404959506
MovieLens-1M,itemknn,full_unseen_catalogue,target_margin,full_catalogue,full_catalogue,normalized_regret_ndcg,shapley_mc,random,-0.9530009682434525,-0.784101027115651,-1.5459396808562624,-0.49340020308714694,0.00029997000299970003,0.00014495849609375,-0.762774931174123,20,1,17,2,10000,10000,0.0023997600239976003
MovieLens-1M,itemknn,full_unseen_catalogue,target_margin,full_catalogue,full_catalogue,normalized_regret_ndcg,lime,loo,-0.005724868688321232,0.0,-0.020751874963942214,0.0035772688989785203,1.0,1.0,-0.18078505022229704,20,1,1,18,10000,10000,1.0
MovieLens-1M,itemknn,full_unseen_catalogue,target_margin,full_catalogue,full_catalogue,normalized_regret_ndcg,lime,greedy_cf,-0.411295303535848,-0.2818100575441003,-0.6139724525924732,-0.22115818136190088,0.0010998900109989002,0.0009765625,-0.8906787321605419,20,0,11,9,10000,10000,0.007699230076992301
MovieLens-1M,itemknn,full_unseen_catalogue,target_margin,full_catalogue,full_catalogue,normalized_regret_ndcg,lime,random,-1.0359083557905833,-0.8,-1.5973291266391112,-0.6212380181901435,9.999000099990002e-05,3.814697265625e-06,-0.8958690272419787,20,0,19,1,10000,10000,0.000999900009999
MovieLens-1M,itemknn,full_unseen_catalogue,target_margin,full_catalogue,full_catalogue,normalized_regret_ndcg,loo,greedy_cf,-0.4055704348475267,-0.2818100575441003,-0.6101031399019954,-0.21240011698986191,0.0013998600139986002,0.0009765625,-0.8912323108718905,20,0,11,9,10000,10000,0.008399160083991601
MovieLens-1M,itemknn,full_unseen_catalogue,target_margin,full_catalogue,full_catalogue,normalized_regret_ndcg,loo,random,-1.0301834871022622,-0.8,-1.5831502186166906,-0.6187910680044503,9.999000099990002e-05,3.814697265625e-06,-0.8904601014437966,20,0,19,1,10000,10000,0.000999900009999
MovieLens-1M,itemknn,full_unseen_catalogue,target_margin,full_catalogue,full_catalogue,normalized_regret_ndcg,greedy_cf,random,-0.6246130522547353,-0.28665345533862713,-1.2079085909971023,-0.16974541506207952,0.008099190080991902,0.076812744140625,-0.5092630569686534,20,4,12,4,10000,10000,0.040495950404959506
MovieLens-1M,itemknn,full_unseen_catalogue,target_margin,full_catalogue,full_catalogue,intervention_success_ndcg,shapley_mc,lime,-0.0048,0.0,-0.02,0.008,0.6133386661333866,0.625,-0.04348264424039897,250,1,3,246,10000,10000,1.0
MovieLens-1M,itemknn,full_unseen_catalogue,target_margin,full_catalogue,full_catalogue,intervention_success_ndcg,shapley_mc,loo,-0.0048,0.0,-0.02,0.008,0.6208379162083791,0.625,-0.04348264424039897,250,1,3,246,10000,10000,1.0
MovieLens-1M,itemknn,full_unseen_catalogue,target_margin,full_catalogue,full_catalogue,intervention_success_ndcg,shapley_mc,greedy_cf,0.0232,0.0,0.0032,0.0464,0.0684931506849315,0.0703125,0.13362864962721802,250,7,1,242,10000,10000,0.273972602739726
MovieLens-1M,itemknn,full_unseen_catalogue,target_margin,full_catalogue,full_catalogue,intervention_success_ndcg,shapley_mc,random,0.0464,0.0,0.023200000000000002,0.0712,9.999000099990002e-05,0.00014495849609375,0.2350673928907941,250,17,1,232,10000,10000,0.000999900009999
MovieLens-1M,itemknn,full_unseen_catalogue,target_margin,full_catalogue,full_catalogue,intervention_success_ndcg,lime,loo,0.0,0.0,0.0,0.0,1.0,1.0,0.0,250,0,0,250,10000,10000,1.0
MovieLens-1M,itemknn,full_unseen_catalogue,target_margin,full_catalogue,full_catalogue,intervention_success_ndcg,lime,greedy_cf,0.028,0.0,0.008,0.048,0.016298370162983702,0.015625,0.16938523555697335,250,7,0,243,10000,10000,0.09779022097790221
MovieLens-1M,itemknn,full_unseen_catalogue,target_margin,full_catalogue,full_catalogue,intervention_success_ndcg,lime,random,0.0512,0.0,0.028800000000000003,0.076,9.999000099990002e-05,7.62939453125e-06,0.2642946348231489,250,18,0,232,10000,10000,0.000999900009999
MovieLens-1M,itemknn,full_unseen_catalogue,target_margin,full_catalogue,full_catalogue,intervention_success_ndcg,loo,greedy_cf,0.028,0.0,0.008,0.048,0.0170982901709829,0.015625,0.16938523555697335,250,7,0,243,10000,10000,0.09779022097790221
MovieLens-1M,itemknn,full_unseen_catalogue,target_margin,full_catalogue,full_catalogue,intervention_success_ndcg,loo,random,0.0512,0.0,0.0288,0.076,0.00019998000199980003,7.62939453125e-06,0.2642946348231489,250,18,0,232,10000,10000,0.0015998400159984002
MovieLens-1M,itemknn,full_unseen_catalogue,target_margin,full_catalogue,full_catalogue,intervention_success_ndcg,greedy_cf,random,0.023200000000000002,0.0,0.0056,0.04240000000000001,0.012998700129987,0.11846923828124999,0.15380513533695697,250,11,4,235,10000,10000,0.09099090090990901
MovieLens-1M,itemknn,sampled_unseen_negatives_with_target,ndcg,sensitivity,utility-ndcg,aia,shapley_mc,lime,-0.055930884474357324,-0.029761143717796874,-0.0891150031060955,-0.024554991233877548,0.0006999300069993001,0.021383189937144585,-0.3727455060442138,86,31,53,2,10000,10000,0.0013998600139986002
MovieLens-1M,itemknn,sampled_unseen_negatives_with_target,ndcg,sensitivity,utility-ndcg,aia,shapley_mc,loo,-0.3174041232157069,-0.28230311904784483,-0.3825728855281763,-0.2556044732138627,9.999000099990002e-05,1.0494057384312134e-13,-1.0467330539176707,86,10,76,0,10000,10000,0.000999900009999
MovieLens-1M,itemknn,sampled_unseen_negatives_with_target,ndcg,sensitivity,utility-ndcg,aia,shapley_mc,greedy_cf,0.09357492050978077,0.07609686209658789,0.02849201130658169,0.16051309562186505,0.006999300069993001,0.03985362856053515,0.29955141351158115,86,53,33,0,10000,10000,0.006999300069993001
MovieLens-1M,itemknn,sampled_unseen_negatives_with_target,ndcg,sensitivity,utility-ndcg,aia,shapley_mc,random,0.384741477696572,0.4496794240789101,0.3206296303369264,0.44439833443767945,9.999000099990002e-05,1.5235832099273424e-15,1.2836639850239588,86,78,8,0,10000,10000,0.000999900009999
MovieLens-1M,itemknn,sampled_unseen_negatives_with_target,ndcg,sensitivity,utility-ndcg,aia,lime,loo,-0.2614732387413496,-0.2527826412774233,-0.31445705403948304,-0.2101773127650132,9.999000099990002e-05,9.578735725233634e-19,-1.0555069653049522,86,5,81,0,10000,10000,0.000999900009999
MovieLens-1M,itemknn,sampled_unseen_negatives_with_target,ndcg,sensitivity,utility-ndcg,aia,lime,greedy_cf,0.1495058049841381,0.16200672115033585,0.08895027689504335,0.20906870875533715,9.999000099990002e-05,5.083654201844156e-05,0.5234590712445141,86,62,24,0,10000,10000,0.000999900009999
MovieLens-1M,itemknn,sampled_unseen_negatives_with_target,ndcg,sensitivity,utility-ndcg,aia,lime,random,0.4406723621709292,0.47941171976891145,0.38148912892303355,0.49513996543479744,9.999000099990002e-05,2.7421554294015713e-21,1.630296228431933,86,83,3,0,10000,10000,0.000999900009999
MovieLens-1M,itemknn,sampled_unseen_negatives_with_target,ndcg,sensitivity,utility-ndcg,aia,loo,greedy_cf,0.4109790437254876,0.39568951414471976,0.3361688024106085,0.48409428282522526,9.999000099990002e-05,5.0213888745341685e-15,1.1699236629087388,86,76,8,2,10000,10000,0.000999900009999
MovieLens-1M,itemknn,sampled_unseen_negatives_with_target,ndcg,sensitivity,utility-ndcg,aia,loo,random,0.7021456009122787,0.7469681776372602,0.6469055022631031,0.7582809735084481,9.999000099990002e-05,2.248897290378544e-24,2.6272689248510086,86,85,1,0,10000,10000,0.000999900009999
MovieLens-1M,itemknn,sampled_unseen_negatives_with_target,ndcg,sensitivity,utility-ndcg,aia,greedy_cf,random,0.29116655718679124,0.3325281036140467,0.22675085425070454,0.35407376729507867,9.999000099990002e-05,1.349545236514584e-08,0.957683341293891,86,69,17,0,10000,10000,0.000999900009999
MovieLens-1M,itemknn,sampled_unseen_negatives_with_target,ndcg,sensitivity,utility-ndcg,aia_ndcg,shapley_mc,lime,-0.055930884474357324,-0.029761143717796874,-0.0895307229708898,-0.025223321208521794,0.0010998900109989002,0.021383189937144585,-0.3727455060442138,86,31,53,2,10000,10000,0.0021997800219978004
MovieLens-1M,itemknn,sampled_unseen_negatives_with_target,ndcg,sensitivity,utility-ndcg,aia_ndcg,shapley_mc,loo,-0.3174041232157069,-0.28230311904784483,-0.38259815721423185,-0.254984281548512,9.999000099990002e-05,1.0494057384312134e-13,-1.0467330539176707,86,10,76,0,10000,10000,0.000999900009999
MovieLens-1M,itemknn,sampled_unseen_negatives_with_target,ndcg,sensitivity,utility-ndcg,aia_ndcg,shapley_mc,greedy_cf,0.09357492050978077,0.07609686209658789,0.027222117112057038,0.15756103472009872,0.006799320067993201,0.03985362856053515,0.29955141351158115,86,53,33,0,10000,10000,0.006799320067993201
MovieLens-1M,itemknn,sampled_unseen_negatives_with_target,ndcg,sensitivity,utility-ndcg,aia_ndcg,shapley_mc,random,0.384741477696572,0.4496794240789101,0.32036580928476593,0.44613151094083364,9.999000099990002e-05,1.5235832099273424e-15,1.2836639850239588,86,78,8,0,10000,10000,0.000999900009999
MovieLens-1M,itemknn,sampled_unseen_negatives_with_target,ndcg,sensitivity,utility-ndcg,aia_ndcg,lime,loo,-0.2614732387413496,-0.2527826412774233,-0.3138890655093029,-0.21032632397510423,9.999000099990002e-05,9.578735725233634e-19,-1.0555069653049522,86,5,81,0,10000,10000,0.000999900009999
MovieLens-1M,itemknn,sampled_unseen_negatives_with_target,ndcg,sensitivity,utility-ndcg,aia_ndcg,lime,greedy_cf,0.1495058049841381,0.16200672115033585,0.08927242261299172,0.2083532310942938,9.999000099990002e-05,5.083654201844156e-05,0.5234590712445141,86,62,24,0,10000,10000,0.000999900009999
MovieLens-1M,itemknn,sampled_unseen_negatives_with_target,ndcg,sensitivity,utility-ndcg,aia_ndcg,lime,random,0.4406723621709292,0.47941171976891145,0.382779936726722,0.4941574581661563,9.999000099990002e-05,2.7421554294015713e-21,1.630296228431933,86,83,3,0,10000,10000,0.000999900009999
MovieLens-1M,itemknn,sampled_unseen_negatives_with_target,ndcg,sensitivity,utility-ndcg,aia_ndcg,loo,greedy_cf,0.4109790437254876,0.39568951414471976,0.33689730867827444,0.48488095946159393,9.999000099990002e-05,5.0213888745341685e-15,1.1699236629087388,86,76,8,2,10000,10000,0.000999900009999
MovieLens-1M,itemknn,sampled_unseen_negatives_with_target,ndcg,sensitivity,utility-ndcg,aia_ndcg,loo,random,0.7021456009122787,0.7469681776372602,0.645603391273953,0.7574169013492837,9.999000099990002e-05,2.248897290378544e-24,2.6272689248510086,86,85,1,0,10000,10000,0.000999900009999
MovieLens-1M,itemknn,sampled_unseen_negatives_with_target,ndcg,sensitivity,utility-ndcg,aia_ndcg,greedy_cf,random,0.29116655718679124,0.3325281036140467,0.22899009506334164,0.3542440705596196,9.999000099990002e-05,1.349545236514584e-08,0.957683341293891,86,69,17,0,10000,10000,0.000999900009999
MovieLens-1M,itemknn,sampled_unseen_negatives_with_target,ndcg,sensitivity,utility-ndcg,faithfulness_alignment,shapley_mc,lime,-0.07921476336144094,-0.038917886021117676,-0.1084070195311468,-0.051708523518586014,9.999000099990002e-05,0.00018314322488235366,-0.5220830974781699,107,31,69,7,10000,10000,0.000999900009999
MovieLens-1M,itemknn,sampled_unseen_negatives_with_target,ndcg,sensitivity,utility-ndcg,faithfulness_alignment,shapley_mc,loo,-0.5031721462749752,-0.4522774424948339,-0.5588594848560517,-0.45200591955618885,9.999000099990002e-05,1.232595164407831e-32,-1.7904964577901734,107,0,107,0,10000,10000,0.000999900009999
MovieLens-1M,itemknn,sampled_unseen_negatives_with_target,ndcg,sensitivity,utility-ndcg,faithfulness_alignment,shapley_mc,greedy_cf,0.15980910052798727,0.1974944379008119,0.10138926498356704,0.21594436348934418,9.999000099990002e-05,3.918715378691487e-05,0.5237543973064702,107,75,32,0,10000,10000,0.000999900009999
MovieLens-1M,itemknn,sampled_unseen_negatives_with_target,ndcg,sensitivity,utility-ndcg,faithfulness_alignment,shapley_mc,random,0.49978306796014677,0.5367983666884208,0.44565518269266197,0.5528740007510833,9.999000099990002e-05,3.4506368024142167e-22,1.7524028962378937,107,100,7,0,10000,10000,0.000999900009999
MovieLens-1M,itemknn,sampled_unseen_negatives_with_target,ndcg,sensitivity,utility-ndcg,faithfulness_alignment,lime,loo,-0.4239573829135343,-0.3927423077787283,-0.4630610878031228,-0.3871308131627779,9.999000099990002e-05,1.232595164407831e-32,-2.150847501023327,107,0,107,0,10000,10000,0.000999900009999
MovieLens-1M,itemknn,sampled_unseen_negatives_with_target,ndcg,sensitivity,utility-ndcg,faithfulness_alignment,lime,greedy_cf,0.23902386388942823,0.23106602317014496,0.18874328931869686,0.2878656259304487,9.999000099990002e-05,2.5812862792321837e-16,0.908050976555027,107,94,13,0,10000,10000,0.000999900009999
MovieLens-1M,itemknn,sampled_unseen_negatives_with_target,ndcg,sensitivity,utility-ndcg,faithfulness_alignment,lime,random,0.5789978313215878,0.6056070721090508,0.5370462994236019,0.6185338077992687,9.999000099990002e-05,1.3312027775604574e-30,2.6534477700575634,107,106,1,0,10000,10000,0.000999900009999
MovieLens-1M,itemknn,sampled_unseen_negatives_with_target,ndcg,sensitivity,utility-ndcg,faithfulness_alignment,loo,greedy_cf,0.6629812468029624,0.6441773398115405,0.6187793458523418,0.7092210013237945,9.999000099990002e-05,4.930380657631324e-32,2.724554486761583,107,105,0,2,10000,10000,0.000999900009999
MovieLens-1M,itemknn,sampled_unseen_negatives_with_target,ndcg,sensitivity,utility-ndcg,faithfulness_alignment,loo,random,1.0029552142351221,0.9830012445061853,0.9824903274905373,1.0236241089607871,9.999000099990002e-05,1.232595164407831e-32,9.182389895436875,107,107,0,0,10000,10000,0.000999900009999
MovieLens-1M,itemknn,sampled_unseen_negatives_with_target,ndcg,sensitivity,utility-ndcg,faithfulness_alignment,greedy_cf,random,0.33997396743215963,0.32769902505909493,0.2907241112731401,0.38914388485746026,9.999000099990002e-05,3.4854173062242376e-17,1.2869767561812364,107,95,12,0,10000,10000,0.000999900009999
MovieLens-1M,itemknn,sampled_unseen_negatives_with_target,ndcg,sensitivity,utility-ndcg,actionability_gap,shapley_mc,lime,0.025299630195867378,0.0002880693630641154,0.001268965315216053,0.0522938493213322,0.047795220477952205,0.3681876338306311,0.21097909193032338,86,44,35,7,10000,10000,0.062993700629937
MovieLens-1M,itemknn,sampled_unseen_negatives_with_target,ndcg,sensitivity,utility-ndcg,actionability_gap,shapley_mc,loo,0.17717334600819065,0.10200051485583755,0.12839215473748888,0.22988584478744456,9.999000099990002e-05,3.1365426901467503e-09,0.7291550977594571,86,66,14,6,10000,10000,0.000999900009999
MovieLens-1M,itemknn,sampled_unseen_negatives_with_target,ndcg,sensitivity,utility-ndcg,actionability_gap,shapley_mc,greedy_cf,-0.060979232250681324,-0.03550808348837889,-0.11395069208115728,-0.007370328934819338,0.0314968503149685,0.07116340869529121,-0.23646472175663402,86,31,48,7,10000,10000,0.062993700629937
MovieLens-1M,itemknn,sampled_unseen_negatives_with_target,ndcg,sensitivity,utility-ndcg,actionability_gap,shapley_mc,random,-0.12852360687424713,-0.10241331514921177,-0.17316631674091792,-0.08459318462352967,9.999000099990002e-05,3.5883588815862885e-07,-0.6048162146693518,86,17,62,7,10000,10000,0.000999900009999
MovieLens-1M,itemknn,sampled_unseen_negatives_with_target,ndcg,sensitivity,utility-ndcg,actionability_gap,lime,loo,0.15187371581232326,0.11365315985814943,0.11063335149565352,0.19685957091865217,9.999000099990002e-05,1.201648635082027e-10,0.7454472791473312,86,68,12,6,10000,10000,0.000999900009999
MovieLens-1M,itemknn,sampled_unseen_negatives_with_target,ndcg,sensitivity,utility-ndcg,actionability_gap,lime,greedy_cf,-0.08627886244654868,-0.060893574060865235,-0.13569044583062811,-0.038593114888831374,0.0007999200079992001,0.006553297670283778,-0.3738295281180077,86,27,52,7,10000,10000,0.0031996800319968005
MovieLens-1M,itemknn,sampled_unseen_negatives_with_target,ndcg,sensitivity,utility-ndcg,actionability_gap,lime,random,-0.1538232370701145,-0.09904103062668618,-0.201512863107494,-0.11064724329879026,9.999000099990002e-05,5.544696639021875e-12,-0.7194977479087644,86,10,69,7,10000,10000,0.000999900009999
MovieLens-1M,itemknn,sampled_unseen_negatives_with_target,ndcg,sensitivity,utility-ndcg,actionability_gap,loo,greedy_cf,-0.23815257825887196,-0.17098328873870997,-0.2981586191421525,-0.18133105670788638,9.999000099990002e-05,6.415141174951122e-10,-0.8598402866653388,86,13,67,6,10000,10000,0.000999900009999
MovieLens-1M,itemknn,sampled_unseen_negatives_with_target,ndcg,sensitivity,utility-ndcg,actionability_gap,loo,random,-0.3056969528824377,-0.255709274535834,-0.3611652266064985,-0.25339065146798245,9.999000099990002e-05,5.3617847305687254e-21,-1.1911180829366865,86,2,78,6,10000,10000,0.000999900009999
MovieLens-1M,itemknn,sampled_unseen_negatives_with_target,ndcg,sensitivity,utility-ndcg,actionability_gap,greedy_cf,random,-0.0675443746235658,-0.03308306156402492,-0.11250581424367836,-0.024925824360299217,0.0027997200279972004,0.04216544399495113,-0.32329494369246026,86,30,49,7,10000,10000,0.008399160083991601
MovieLens-1M,itemknn,sampled_unseen_negatives_with_target,ndcg,sensitivity,utility-ndcg,signed_alignment,shapley_mc,lime,-0.010699823540844127,0.0,-0.024396930074299446,0.001240442684685754,0.1171882811718828,0.7239481457469141,-0.1723089048122776,86,38,34,14,10000,10000,0.1171882811718828
MovieLens-1M,itemknn,sampled_unseen_negatives_with_target,ndcg,sensitivity,utility-ndcg,signed_alignment,shapley_mc,loo,-0.15855262228745975,-0.13092410978331398,-0.19314372460397422,-0.12662947883821166,9.999000099990002e-05,1.5235832099273424e-15,-1.0017263025525667,86,8,78,0,10000,10000,0.000999900009999
MovieLens-1M,itemknn,sampled_unseen_negatives_with_target,ndcg,sensitivity,utility-ndcg,signed_alignment,shapley_mc,greedy_cf,0.17023498464620074,0.17597554563288617,0.11388008471237974,0.22595249355210023,9.999000099990002e-05,1.9409574271727466e-07,0.6334247499550358,86,67,19,0,10000,10000,0.000999900009999
MovieLens-1M,itemknn,sampled_unseen_negatives_with_target,ndcg,sensitivity,utility-ndcg,signed_alignment,shapley_mc,random,0.607207840212756,0.611671646241619,0.559319953911456,0.6542934764206532,9.999000099990002e-05,9.672843288041967e-23,2.6818021868170296,86,84,2,0,10000,10000,0.000999900009999
MovieLens-1M,itemknn,sampled_unseen_negatives_with_target,ndcg,sensitivity,utility-ndcg,signed_alignment,lime,loo,-0.14785279874661564,-0.12398649685744884,-0.17950063633103752,-0.11779731078571298,9.999000099990002e-05,1.311109746589136e-17,-1.0044096140161216,86,6,80,0,10000,10000,0.000999900009999
MovieLens-1M,itemknn,sampled_unseen_negatives_with_target,ndcg,sensitivity,utility-ndcg,signed_alignment,lime,greedy_cf,0.18093480818704488,0.17809450599560356,0.12297584210863073,0.2398997335841961,9.999000099990002e-05,1.9409574271727466e-07,0.6569256187709425,86,67,19,0,10000,10000,0.000999900009999
MovieLens-1M,itemknn,sampled_unseen_negatives_with_target,ndcg,sensitivity,utility-ndcg,signed_alignment,lime,random,0.6179076637536003,0.6196973511421908,0.5712007809875306,0.6632515898958038,9.999000099990002e-05,9.672843288041967e-23,2.7541980703623956,86,84,2,0,10000,10000,0.000999900009999
MovieLens-1M,itemknn,sampled_unseen_negatives_with_target,ndcg,sensitivity,utility-ndcg,signed_alignment,loo,greedy_cf,0.32878760693366055,0.31629342583709374,0.26935733462044925,0.38779548032987593,9.999000099990002e-05,4.308584029113881e-14,1.1783731776498891,86,75,9,2,10000,10000,0.000999900009999
MovieLens-1M,itemknn,sampled_unseen_negatives_with_target,ndcg,sensitivity,utility-ndcg,signed_alignment,loo,random,0.7657604625002158,0.8140895312309309,0.7094552039356006,0.8182124453464381,9.999000099990002e-05,2.248897290378544e-24,2.9448159548886417,86,85,1,0,10000,10000,0.000999900009999
MovieLens-1M,itemknn,sampled_unseen_negatives_with_target,ndcg,sensitivity,utility-ndcg,signed_alignment,greedy_cf,random,0.4369728555665553,0.44844385694651123,0.3868665877865954,0.48795489715629264,9.999000099990002e-05,2.7421554294015713e-21,1.8264502780080607,86,83,3,0,10000,10000,0.000999900009999
MovieLens-1M,itemknn,sampled_unseen_negatives_with_target,ndcg,sensitivity,utility-ndcg,signed_alignment_ndcg,shapley_mc,lime,-0.010699823540844127,0.0,-0.02450611087261392,0.0014638294907249694,0.10938906109389061,0.7239481457469141,-0.1723089048122776,86,38,34,14,10000,10000,0.10938906109389061
MovieLens-1M,itemknn,sampled_unseen_negatives_with_target,ndcg,sensitivity,utility-ndcg,signed_alignment_ndcg,shapley_mc,loo,-0.15855262228745975,-0.13092410978331398,-0.19290671312118415,-0.12640111893603,9.999000099990002e-05,1.5235832099273424e-15,-1.0017263025525667,86,8,78,0,10000,10000,0.000999900009999
MovieLens-1M,itemknn,sampled_unseen_negatives_with_target,ndcg,sensitivity,utility-ndcg,signed_alignment_ndcg,shapley_mc,greedy_cf,0.17023498464620074,0.17597554563288617,0.1140672374917062,0.22581029490790808,9.999000099990002e-05,1.9409574271727466e-07,0.6334247499550358,86,67,19,0,10000,10000,0.000999900009999
MovieLens-1M,itemknn,sampled_unseen_negatives_with_target,ndcg,sensitivity,utility-ndcg,signed_alignment_ndcg,shapley_mc,random,0.607207840212756,0.611671646241619,0.5593710818590317,0.6539998163211498,9.999000099990002e-05,9.672843288041967e-23,2.6818021868170296,86,84,2,0,10000,10000,0.000999900009999
MovieLens-1M,itemknn,sampled_unseen_negatives_with_target,ndcg,sensitivity,utility-ndcg,signed_alignment_ndcg,lime,loo,-0.14785279874661564,-0.12398649685744884,-0.17866268193758147,-0.11710717120819822,9.999000099990002e-05,1.311109746589136e-17,-1.0044096140161216,86,6,80,0,10000,10000,0.000999900009999
MovieLens-1M,itemknn,sampled_unseen_negatives_with_target,ndcg,sensitivity,utility-ndcg,signed_alignment_ndcg,lime,greedy_cf,0.18093480818704488,0.17809450599560356,0.12073924252230787,0.23657528945310607,9.999000099990002e-05,1.9409574271727466e-07,0.6569256187709425,86,67,19,0,10000,10000,0.000999900009999
MovieLens-1M,itemknn,sampled_unseen_negatives_with_target,ndcg,sensitivity,utility-ndcg,signed_alignment_ndcg,lime,random,0.6179076637536003,0.6196973511421908,0.5707091004327411,0.6640001036394211,9.999000099990002e-05,9.672843288041967e-23,2.7541980703623956,86,84,2,0,10000,10000,0.000999900009999
MovieLens-1M,itemknn,sampled_unseen_negatives_with_target,ndcg,sensitivity,utility-ndcg,signed_alignment_ndcg,loo,greedy_cf,0.32878760693366055,0.31629342583709374,0.2696703277311533,0.38743265757370154,9.999000099990002e-05,4.308584029113881e-14,1.1783731776498891,86,75,9,2,10000,10000,0.000999900009999
MovieLens-1M,itemknn,sampled_unseen_negatives_with_target,ndcg,sensitivity,utility-ndcg,signed_alignment_ndcg,loo,random,0.7657604625002158,0.8140895312309309,0.7083388887934903,0.8187554514677995,9.999000099990002e-05,2.248897290378544e-24,2.9448159548886417,86,85,1,0,10000,10000,0.000999900009999
MovieLens-1M,itemknn,sampled_unseen_negatives_with_target,ndcg,sensitivity,utility-ndcg,signed_alignment_ndcg,greedy_cf,random,0.4369728555665553,0.44844385694651123,0.38801040103262047,0.48861043727911335,9.999000099990002e-05,2.7421554294015713e-21,1.8264502780080607,86,83,3,0,10000,10000,0.000999900009999
MovieLens-1M,itemknn,sampled_unseen_negatives_with_target,ndcg,sensitivity,utility-ndcg,direction_accuracy,shapley_mc,lime,-0.013491560119467099,0.0,-0.038101886808282165,0.004715418302627592,0.258974102589741,1.0,-0.12948141845799552,86,7,6,73,10000,10000,1.0
MovieLens-1M,itemknn,sampled_unseen_negatives_with_target,ndcg,sensitivity,utility-ndcg,direction_accuracy,shapley_mc,loo,-0.009625322997416023,0.0,-0.03734114399812073,0.015135071646699527,0.49265073492650735,0.7744140625,-0.07786216276177223,86,5,7,74,10000,10000,1.0
MovieLens-1M,itemknn,sampled_unseen_negatives_with_target,ndcg,sensitivity,utility-ndcg,direction_accuracy,shapley_mc,greedy_cf,0.45138863074909585,0.5,0.3789758884526327,0.5222164100434449,9.999000099990002e-05,5.99563801384484e-17,1.3432131962030653,86,64,2,20,10000,10000,0.000999900009999
MovieLens-1M,itemknn,sampled_unseen_negatives_with_target,ndcg,sensitivity,utility-ndcg,direction_accuracy,shapley_mc,random,0.4667102148497498,0.4954545454545455,0.42640877855994136,0.5037927953829117,9.999000099990002e-05,2.7421554294015713e-21,2.546894730846844,86,83,3,0,10000,10000,0.000999900009999
MovieLens-1M,itemknn,sampled_unseen_negatives_with_target,ndcg,sensitivity,utility-ndcg,direction_accuracy,lime,loo,0.0038662371220510782,0.0,-0.010214122118191882,0.02112342696063626,0.6691330866913309,0.7744140625,0.051159357492235616,86,5,7,74,10000,10000,1.0
MovieLens-1M,itemknn,sampled_unseen_negatives_with_target,ndcg,sensitivity,utility-ndcg,direction_accuracy,lime,greedy_cf,0.4648801908685629,0.5,0.3956056243498104,0.5313104569848756,9.999000099990002e-05,9.215718466126788e-19,1.4266335145618794,86,66,1,19,10000,10000,0.000999900009999
MovieLens-1M,itemknn,sampled_unseen_negatives_with_target,ndcg,sensitivity,utility-ndcg,direction_accuracy,lime,random,0.4802017749692169,0.5,0.443542874760898,0.5141861139506487,9.999000099990002e-05,9.672843288041967e-23,2.8512153887086114,86,84,2,0,10000,10000,0.000999900009999
MovieLens-1M,itemknn,sampled_unseen_negatives_with_target,ndcg,sensitivity,utility-ndcg,direction_accuracy,loo,greedy_cf,0.46101395374651194,0.5,0.38726807107621064,0.5312971887608515,9.999000099990002e-05,1.857035033560328e-16,1.3326675919901745,86,66,3,17,10000,10000,0.000999900009999
MovieLens-1M,itemknn,sampled_unseen_negatives_with_target,ndcg,sensitivity,utility-ndcg,direction_accuracy,loo,random,0.4763355378471658,0.5,0.43233773784355184,0.5154912813284905,9.999000099990002e-05,9.672843288041967e-23,2.4040246763805926,86,84,2,0,10000,10000,0.000999900009999
MovieLens-1M,itemknn,sampled_unseen_negatives_with_target,ndcg,sensitivity,utility-ndcg,direction_accuracy,greedy_cf,random,0.015321584100653872,-0.054545454545454536,-0.05371605558524164,0.08672262556564883,0.665033496650335,0.3202933636380142,0.04691184966719969,86,36,46,4,10000,10000,1.0
MovieLens-1M,itemknn,sampled_unseen_negatives_with_target,ndcg,sensitivity,utility-ndcg,direction_accuracy_ndcg,shapley_mc,lime,-0.013491560119467099,0.0,-0.03834418101278567,0.004702452263498764,0.2655734426557344,1.0,-0.12948141845799552,86,7,6,73,10000,10000,1.0
MovieLens-1M,itemknn,sampled_unseen_negatives_with_target,ndcg,sensitivity,utility-ndcg,direction_accuracy_ndcg,shapley_mc,loo,-0.009625322997416023,0.0,-0.038090204369274135,0.014493774958891238,0.5086491350864913,0.7744140625,-0.07786216276177223,86,5,7,74,10000,10000,1.0
MovieLens-1M,itemknn,sampled_unseen_negatives_with_target,ndcg,sensitivity,utility-ndcg,direction_accuracy_ndcg,shapley_mc,greedy_cf,0.45138863074909585,0.5,0.38071087100883616,0.5215644650891744,9.999000099990002e-05,5.99563801384484e-17,1.3432131962030653,86,64,2,20,10000,10000,0.000999900009999
MovieLens-1M,itemknn,sampled_unseen_negatives_with_target,ndcg,sensitivity,utility-ndcg,direction_accuracy_ndcg,shapley_mc,random,0.4667102148497498,0.4954545454545455,0.4280483763652369,0.5043229686979688,9.999000099990002e-05,2.7421554294015713e-21,2.546894730846844,86,83,3,0,10000,10000,0.000999900009999
MovieLens-1M,itemknn,sampled_unseen_negatives_with_target,ndcg,sensitivity,utility-ndcg,direction_accuracy_ndcg,lime,loo,0.0038662371220510782,0.0,-0.010282853451458103,0.02091404493439377,0.6638336166383362,0.7744140625,0.051159357492235616,86,5,7,74,10000,10000,1.0
MovieLens-1M,itemknn,sampled_unseen_negatives_with_target,ndcg,sensitivity,utility-ndcg,direction_accuracy_ndcg,lime,greedy_cf,0.4648801908685629,0.5,0.39464868545537146,0.5311036590992986,9.999000099990002e-05,9.215718466126788e-19,1.4266335145618794,86,66,1,19,10000,10000,0.000999900009999
MovieLens-1M,itemknn,sampled_unseen_negatives_with_target,ndcg,sensitivity,utility-ndcg,direction_accuracy_ndcg,lime,random,0.4802017749692169,0.5,0.44408691986308274,0.5146071641536757,9.999000099990002e-05,9.672843288041967e-23,2.8512153887086114,86,84,2,0,10000,10000,0.000999900009999
MovieLens-1M,itemknn,sampled_unseen_negatives_with_target,ndcg,sensitivity,utility-ndcg,direction_accuracy_ndcg,loo,greedy_cf,0.46101395374651194,0.5,0.38783246711299035,0.5329010621161784,9.999000099990002e-05,1.857035033560328e-16,1.3326675919901745,86,66,3,17,10000,10000,0.000999900009999
MovieLens-1M,itemknn,sampled_unseen_negatives_with_target,ndcg,sensitivity,utility-ndcg,direction_accuracy_ndcg,loo,random,0.4763355378471658,0.5,0.4322450417799256,0.5146286955938119,9.999000099990002e-05,9.672843288041967e-23,2.4040246763805926,86,84,2,0,10000,10000,0.000999900009999
MovieLens-1M,itemknn,sampled_unseen_negatives_with_target,ndcg,sensitivity,utility-ndcg,direction_accuracy_ndcg,greedy_cf,random,0.015321584100653872,-0.054545454545454536,-0.0509539875499178,0.08563416799608656,0.6624337566243376,0.3202933636380142,0.04691184966719969,86,36,46,4,10000,10000,1.0
MovieLens-1M,itemknn,sampled_unseen_negatives_with_target,ndcg,sensitivity,utility-ndcg,top1_precision,shapley_mc,lime,-0.0008000000000000007,0.0,-0.016800000000000002,0.0144,0.8983101689831017,0.6636238098144531,-0.006280693179587075,250,12,9,229,10000,10000,0.8983101689831017
MovieLens-1M,itemknn,sampled_unseen_negatives_with_target,ndcg,sensitivity,utility-ndcg,top1_precision,shapley_mc,loo,-0.039200000000000006,0.0,-0.076,-0.0032,0.0375962403759624,0.0931396484375,-0.1336651480642441,250,7,16,227,10000,10000,0.0751924807519248
MovieLens-1M,itemknn,sampled_unseen_negatives_with_target,ndcg,sensitivity,utility-ndcg,top1_precision,shapley_mc,greedy_cf,0.056799999999999996,0.0,0.016799999999999995,0.0984,0.0081991800819918,0.008130058646202087,0.1725118340314012,250,22,7,221,10000,10000,0.0327967203279672
MovieLens-1M,itemknn,sampled_unseen_negatives_with_target,ndcg,sensitivity,utility-ndcg,top1_precision,shapley_mc,random,0.0992,0.0,0.0632,0.13760000000000003,9.999000099990002e-05,0.0022214337732293643,0.3226335987324034,250,30,10,210,10000,10000,0.000999900009999
MovieLens-1M,itemknn,sampled_unseen_negatives_with_target,ndcg,sensitivity,utility-ndcg,top1_precision,lime,loo,-0.0384,0.0,-0.0704,-0.008,0.0184981501849815,0.010673840530216694,-0.15287061331882323,250,8,23,219,10000,10000,0.0554944505549445
MovieLens-1M,itemknn,sampled_unseen_negatives_with_target,ndcg,sensitivity,utility-ndcg,top1_precision,lime,greedy_cf,0.05759999999999999,0.0,0.0216,0.0944,0.0012998700129987,0.00393317302223295,0.19905051022337208,250,27,9,214,10000,10000,0.0077992200779922
MovieLens-1M,itemknn,sampled_unseen_negatives_with_target,ndcg,sensitivity,utility-ndcg,top1_precision,lime,random,0.1,0.0,0.0664,0.136,9.999000099990002e-05,9.24769992138863e-06,0.35624614381731834,250,38,8,204,10000,10000,0.000999900009999
MovieLens-1M,itemknn,sampled_unseen_negatives_with_target,ndcg,sensitivity,utility-ndcg,top1_precision,loo,greedy_cf,0.096,0.0,0.056,0.136,9.999000099990002e-05,8.430331945419312e-06,0.28784744659801703,250,27,3,220,10000,10000,0.000999900009999
MovieLens-1M,itemknn,sampled_unseen_negatives_with_target,ndcg,sensitivity,utility-ndcg,top1_precision,loo,random,0.1384,0.0,0.09680000000000001,0.18239999999999998,9.999000099990002e-05,5.539621596994947e-06,0.39732933068231757,250,39,8,203,10000,10000,0.000999900009999
MovieLens-1M,itemknn,sampled_unseen_negatives_with_target,ndcg,sensitivity,utility-ndcg,top1_precision,greedy_cf,random,0.04240000000000001,0.0,0.014399999999999998,0.072,0.0030996900309969004,1.0,0.18042858259657726,250,15,15,220,10000,10000,0.015498450154984501
MovieLens-1M,itemknn,sampled_unseen_negatives_with_target,ndcg,sensitivity,utility-ndcg,top3_precision,shapley_mc,lime,-0.0021333333333333313,0.0,-0.009866666666666664,0.0048000000000000004,0.6443355664433557,1.0,-0.035728335223467016,250,10,11,229,10000,10000,0.6443355664433557
MovieLens-1M,itemknn,sampled_unseen_negatives_with_target,ndcg,sensitivity,utility-ndcg,top3_precision,shapley_mc,loo,-0.02506666666666667,0.0,-0.0408,-0.010400000000000003,0.000999900009999,0.0014309063553810122,-0.2043912782638041,250,6,24,220,10000,10000,0.0020997900209979003
MovieLens-1M,itemknn,sampled_unseen_negatives_with_target,ndcg,sensitivity,utility-ndcg,top3_precision,shapley_mc,greedy_cf,0.05226666666666666,0.0,0.031200000000000002,0.07466666666666666,9.999000099990002e-05,4.4337048166198656e-07,0.29792351862914623,250,37,5,208,10000,10000,0.000999900009999
MovieLens-1M,itemknn,sampled_unseen_negatives_with_target,ndcg,sensitivity,utility-ndcg,top3_precision,shapley_mc,random,0.09893333333333332,0.0,0.0744,0.12586666666666665,9.999000099990002e-05,3.1762786845135338e-15,0.46999641376971796,250,58,2,190,10000,10000,0.000999900009999
MovieLens-1M,itemknn,sampled_unseen_negatives_with_target,ndcg,sensitivity,utility-ndcg,top3_precision,lime,loo,-0.022933333333333337,0.0,-0.03653333333333335,-0.00986666666666667,0.0006999300069993001,6.618769839406013e-05,-0.21317253744565365,250,5,28,217,10000,10000,0.0020997900209979003
MovieLens-1M,itemknn,sampled_unseen_negatives_with_target,ndcg,sensitivity,utility-ndcg,top3_precision,lime,greedy_cf,0.05439999999999999,0.0,0.03439999999999999,0.07546666666666667,9.999000099990002e-05,3.1081526685738936e-08,0.3290229769284385,250,39,4,207,10000,10000,0.000999900009999
MovieLens-1M,itemknn,sampled_unseen_negatives_with_target,ndcg,sensitivity,utility-ndcg,top3_precision,lime,random,0.10106666666666667,0.0,0.07653333333333333,0.12746666666666667,9.999000099990002e-05,1.0581813203458523e-16,0.4864425711861888,250,59,1,190,10000,10000,0.000999900009999
MovieLens-1M,itemknn,sampled_unseen_negatives_with_target,ndcg,sensitivity,utility-ndcg,top3_precision,loo,greedy_cf,0.07733333333333334,0.0,0.052,0.104,9.999000099990002e-05,2.781192165457469e-09,0.3725846977227186,250,43,4,203,10000,10000,0.000999900009999
MovieLens-1M,itemknn,sampled_unseen_negatives_with_target,ndcg,sensitivity,utility-ndcg,top3_precision,loo,random,0.124,0.0,0.09386666666666665,0.15653333333333333,9.999000099990002e-05,2.0816681711721685e-16,0.48316286743426834,250,58,1,191,10000,10000,0.000999900009999
MovieLens-1M,itemknn,sampled_unseen_negatives_with_target,ndcg,sensitivity,utility-ndcg,top3_precision,greedy_cf,random,0.04666666666666667,0.0,0.028266666666666662,0.0664,9.999000099990002e-05,0.0001538890224443423,0.3003509961482496,250,43,14,193,10000,10000,0.000999900009999
MovieLens-1M,itemknn,sampled_unseen_negatives_with_target,ndcg,sensitivity,utility-ndcg,top5_precision,shapley_mc,lime,-0.005119999999999998,0.0,-0.013439999999999997,0.0011200000000000012,0.20727927207279273,0.32693958282470703,-0.08505641141168352,250,10,16,224,10000,10000,0.20727927207279273
MovieLens-1M,itemknn,sampled_unseen_negatives_with_target,ndcg,sensitivity,utility-ndcg,top5_precision,shapley_mc,loo,-0.016,0.0,-0.02752,-0.006716000000000056,0.0014998500149985001,0.0025768280029296875,-0.18979383503994054,250,3,17,230,10000,10000,0.0035996400359964006
MovieLens-1M,itemknn,sampled_unseen_negatives_with_target,ndcg,sensitivity,utility-ndcg,top5_precision,shapley_mc,greedy_cf,0.04240000000000001,0.0,0.02608,0.06032,9.999000099990002e-05,2.4299079086631536e-06,0.30537794857676087,250,34,5,211,10000,10000,0.000999900009999
MovieLens-1M,itemknn,sampled_unseen_negatives_with_target,ndcg,sensitivity,utility-ndcg,top5_precision,shapley_mc,random,0.07456,0.0,0.05408,0.096,9.999000099990002e-05,6.253851603243987e-14,0.4442640985320044,250,57,3,190,10000,10000,0.000999900009999
MovieLens-1M,itemknn,sampled_unseen_negatives_with_target,ndcg,sensitivity,utility-ndcg,top5_precision,lime,loo,-0.010880000000000003,0.0,-0.018080000000000002,-0.004320000000000001,0.0011998800119988001,0.016124801710247997,-0.19519493396501633,250,8,22,220,10000,10000,0.0035996400359964006
MovieLens-1M,itemknn,sampled_unseen_negatives_with_target,ndcg,sensitivity,utility-ndcg,top5_precision,lime,greedy_cf,0.04751999999999999,0.0,0.030879999999999994,0.06559999999999999,9.999000099990002e-05,3.1081526685738936e-08,0.33326263333461986,250,39,4,207,10000,10000,0.000999900009999
MovieLens-1M,itemknn,sampled_unseen_negatives_with_target,ndcg,sensitivity,utility-ndcg,top5_precision,lime,random,0.07968,0.0,0.05840000000000001,0.10192,9.999000099990002e-05,2.0816681711721685e-16,0.4555069856574577,250,58,1,191,10000,10000,0.000999900009999
MovieLens-1M,itemknn,sampled_unseen_negatives_with_target,ndcg,sensitivity,utility-ndcg,top5_precision,loo,greedy_cf,0.0584,0.0,0.0376,0.08,9.999000099990002e-05,1.0479197953827679e-08,0.3437382182563584,250,38,3,209,10000,10000,0.000999900009999
MovieLens-1M,itemknn,sampled_unseen_negatives_with_target,ndcg,sensitivity,utility-ndcg,top5_precision,loo,random,0.09056,0.0,0.06656000000000001,0.11631999999999999,9.999000099990002e-05,1.0581813203458523e-16,0.45050533576416163,250,59,1,190,10000,10000,0.000999900009999
MovieLens-1M,itemknn,sampled_unseen_negatives_with_target,ndcg,sensitivity,utility-ndcg,top5_precision,greedy_cf,random,0.032159999999999994,0.0,0.02,0.045439999999999994,9.999000099990002e-05,5.1256292496887346e-06,0.3101389834302026,250,47,12,191,10000,10000,0.000999900009999
MovieLens-1M,itemknn,sampled_unseen_negatives_with_target,ndcg,sensitivity,utility-ndcg,joint_effect_primary,shapley_mc,lime,1.3403538598335651e-05,0.0,-0.0032908127267423305,0.0028193445372470313,0.9933006699330067,0.359283447265625,0.0005471442565321296,250,12,7,231,10000,10000,1.0
MovieLens-1M,itemknn,sampled_unseen_negatives_with_target,ndcg,sensitivity,utility-ndcg,joint_effect_primary,shapley_mc,loo,0.001973658041353834,0.0,-0.004461168864617112,0.0084357248699911,0.6093390660933906,0.8145294189453125,0.037872548186164694,250,10,8,232,10000,10000,1.0
MovieLens-1M,itemknn,sampled_unseen_negatives_with_target,ndcg,sensitivity,utility-ndcg,joint_effect_primary,shapley_mc,greedy_cf,0.024286974347904076,0.0,0.014361799749849238,0.03496911148592232,9.999000099990002e-05,3.1796787425264483e-13,0.29065690520616916,250,51,2,197,10000,10000,0.000999900009999
MovieLens-1M,itemknn,sampled_unseen_negatives_with_target,ndcg,sensitivity,utility-ndcg,joint_effect_primary,shapley_mc,random,0.0538617639970327,0.0,0.04148744360520065,0.06701587691602119,9.999000099990002e-05,4.8467614016778965e-27,0.519667427251077,250,94,1,155,10000,10000,0.000999900009999
MovieLens-1M,itemknn,sampled_unseen_negatives_with_target,ndcg,sensitivity,utility-ndcg,joint_effect_primary,lime,loo,0.001960254502755498,0.0,-0.0031047252203431773,0.007257541034232273,0.47835216478352166,0.8505540192127228,0.0468782756009814,250,13,15,222,10000,10000,1.0
MovieLens-1M,itemknn,sampled_unseen_negatives_with_target,ndcg,sensitivity,utility-ndcg,joint_effect_primary,lime,greedy_cf,0.024273570809305745,0.0,0.015288711744078963,0.034251364368882556,9.999000099990002e-05,4.2901793229077607e-13,0.3146137901944328,250,54,3,193,10000,10000,0.000999900009999
MovieLens-1M,itemknn,sampled_unseen_negatives_with_target,ndcg,sensitivity,utility-ndcg,joint_effect_primary,lime,random,0.053848360458434365,0.0,0.04184955517683379,0.06694475255681578,9.999000099990002e-05,2.524354896707238e-29,0.5303366772419701,250,96,0,154,10000,10000,0.000999900009999
MovieLens-1M,itemknn,sampled_unseen_negatives_with_target,ndcg,sensitivity,utility-ndcg,joint_effect_primary,loo,greedy_cf,0.022313316306550243,0.0,0.013766740342535902,0.03211824122610607,9.999000099990002e-05,1.1786127629420662e-12,0.2989719857803575,250,49,2,199,10000,10000,0.000999900009999
MovieLens-1M,itemknn,sampled_unseen_negatives_with_target,ndcg,sensitivity,utility-ndcg,joint_effect_primary,loo,random,0.051888105955678866,0.0,0.039752126422672875,0.0652017127473703,9.999000099990002e-05,7.431700815906108e-26,0.512585329012561,250,90,1,159,10000,10000,0.000999900009999
MovieLens-1M,itemknn,sampled_unseen_negatives_with_target,ndcg,sensitivity,utility-ndcg,joint_effect_primary,greedy_cf,random,0.02957478964912862,0.0,0.01938865767434132,0.040595622561102065,9.999000099990002e-05,3.276470353441135e-06,0.3403776495263356,250,64,21,165,10000,10000,0.000999900009999
MovieLens-1M,itemknn,sampled_unseen_negatives_with_target,ndcg,sensitivity,utility-ndcg,joint_effect_ndcg,shapley_mc,lime,1.3403538598335651e-05,0.0,-0.003241533197328615,0.002808528351719761,0.9938006199380062,0.359283447265625,0.0005471442565321296,250,12,7,231,10000,10000,1.0
MovieLens-1M,itemknn,sampled_unseen_negatives_with_target,ndcg,sensitivity,utility-ndcg,joint_effect_ndcg,shapley_mc,loo,0.001973658041353834,0.0,-0.004599326629440928,0.008423475156463852,0.6118388161183882,0.8145294189453125,0.037872548186164694,250,10,8,232,10000,10000,1.0
MovieLens-1M,itemknn,sampled_unseen_negatives_with_target,ndcg,sensitivity,utility-ndcg,joint_effect_ndcg,shapley_mc,greedy_cf,0.024286974347904076,0.0,0.014338775825715466,0.035132033661241686,9.999000099990002e-05,3.1796787425264483e-13,0.29065690520616916,250,51,2,197,10000,10000,0.000999900009999
MovieLens-1M,itemknn,sampled_unseen_negatives_with_target,ndcg,sensitivity,utility-ndcg,joint_effect_ndcg,shapley_mc,random,0.0538617639970327,0.0,0.04158495384844894,0.0666605645537625,9.999000099990002e-05,4.8467614016778965e-27,0.519667427251077,250,94,1,155,10000,10000,0.000999900009999
MovieLens-1M,itemknn,sampled_unseen_negatives_with_target,ndcg,sensitivity,utility-ndcg,joint_effect_ndcg,lime,loo,0.001960254502755498,0.0,-0.003017215631086559,0.007398566848329587,0.4781521847815218,0.8505540192127228,0.0468782756009814,250,13,15,222,10000,10000,1.0
MovieLens-1M,itemknn,sampled_unseen_negatives_with_target,ndcg,sensitivity,utility-ndcg,joint_effect_ndcg,lime,greedy_cf,0.024273570809305745,0.0,0.015277819011962379,0.03398651364168844,9.999000099990002e-05,4.2901793229077607e-13,0.3146137901944328,250,54,3,193,10000,10000,0.000999900009999
MovieLens-1M,itemknn,sampled_unseen_negatives_with_target,ndcg,sensitivity,utility-ndcg,joint_effect_ndcg,lime,random,0.053848360458434365,0.0,0.04143388235108518,0.0672143324287684,9.999000099990002e-05,2.524354896707238e-29,0.5303366772419701,250,96,0,154,10000,10000,0.000999900009999
MovieLens-1M,itemknn,sampled_unseen_negatives_with_target,ndcg,sensitivity,utility-ndcg,joint_effect_ndcg,loo,greedy_cf,0.022313316306550243,0.0,0.01372615914314296,0.03204061631658412,9.999000099990002e-05,1.1786127629420662e-12,0.2989719857803575,250,49,2,199,10000,10000,0.000999900009999
MovieLens-1M,itemknn,sampled_unseen_negatives_with_target,ndcg,sensitivity,utility-ndcg,joint_effect_ndcg,loo,random,0.051888105955678866,0.0,0.03977993283148592,0.064576914988795,9.999000099990002e-05,7.431700815906108e-26,0.512585329012561,250,90,1,159,10000,10000,0.000999900009999
MovieLens-1M,itemknn,sampled_unseen_negatives_with_target,ndcg,sensitivity,utility-ndcg,joint_effect_ndcg,greedy_cf,random,0.02957478964912862,0.0,0.019181841668241658,0.040967714858350705,9.999000099990002e-05,3.276470353441135e-06,0.3403776495263356,250,64,21,165,10000,10000,0.000999900009999
MovieLens-1M,itemknn,sampled_unseen_negatives_with_target,ndcg,sensitivity,utility-ndcg,joint_effect_target_margin,shapley_mc,lime,0.0002759888578613303,8.29012388393614e-05,0.00022095484289988407,0.0003345702843837356,9.999000099990002e-05,6.339331068662102e-20,0.5938027729675783,250,150,31,69,10000,10000,0.000999900009999
MovieLens-1M,itemknn,sampled_unseen_negatives_with_target,ndcg,sensitivity,utility-ndcg,joint_effect_target_margin,shapley_mc,loo,0.001317115956173484,0.0011406143989891593,0.0011657866431528782,0.0014689817889007822,9.999000099990002e-05,1.089373710528278e-41,1.0709417288830665,250,194,14,42,10000,10000,0.000999900009999
MovieLens-1M,itemknn,sampled_unseen_negatives_with_target,ndcg,sensitivity,utility-ndcg,joint_effect_target_margin,shapley_mc,greedy_cf,0.0013577354038396105,0.0011916103809473944,0.0012156172676910486,0.001507696992956181,9.999000099990002e-05,5.560315465049651e-51,1.1770745670358775,250,214,10,26,10000,10000,0.000999900009999
MovieLens-1M,itemknn,sampled_unseen_negatives_with_target,ndcg,sensitivity,utility-ndcg,joint_effect_target_margin,shapley_mc,random,0.0020589126656309544,0.0019760953651739633,0.0019148480030344456,0.0022056690204722215,9.999000099990002e-05,5.534598351351858e-57,1.7038280599919824,250,239,11,0,10000,10000,0.000999900009999
MovieLens-1M,itemknn,sampled_unseen_negatives_with_target,ndcg,sensitivity,utility-ndcg,joint_effect_target_margin,lime,loo,0.0010411270983121535,0.0006813937674844396,0.0008973080550151053,0.0011921095263250881,9.999000099990002e-05,1.9469657355817759e-32,0.8726124103427255,250,179,21,50,10000,10000,0.000999900009999
MovieLens-1M,itemknn,sampled_unseen_negatives_with_target,ndcg,sensitivity,utility-ndcg,joint_effect_target_margin,lime,greedy_cf,0.00108174654597828,0.0008660390243185768,0.0009427701585966615,0.0012251284871152197,9.999000099990002e-05,9.426522157279348e-38,0.9549381586610585,250,197,20,33,10000,10000,0.000999900009999
MovieLens-1M,itemknn,sampled_unseen_negatives_with_target,ndcg,sensitivity,utility-ndcg,joint_effect_target_margin,lime,random,0.0017829238077696238,0.0017027966438704688,0.0016283019912070235,0.0019408115453707297,9.999000099990002e-05,1.1178948684685345e-49,1.3897176731464644,250,233,17,0,10000,10000,0.000999900009999
MovieLens-1M,itemknn,sampled_unseen_negatives_with_target,ndcg,sensitivity,utility-ndcg,joint_effect_target_margin,loo,greedy_cf,4.061944766612657e-05,0.0,-9.366786182707665e-05,0.00017423297505918213,0.5509449055094491,0.7511907919533753,0.0382246952626021,250,82,77,91,10000,10000,0.5509449055094491
MovieLens-1M,itemknn,sampled_unseen_negatives_with_target,ndcg,sensitivity,utility-ndcg,joint_effect_target_margin,loo,random,0.0007417967094574704,0.0004155607399424999,0.0006113126830199935,0.0008783924451662331,9.999000099990002e-05,4.552588793906276e-14,0.682842778804311,250,184,66,0,10000,10000,0.000999900009999
MovieLens-1M,itemknn,sampled_unseen_negatives_with_target,ndcg,sensitivity,utility-ndcg,joint_effect_target_margin,greedy_cf,random,0.0007011772617913439,0.0005307826588534792,0.0005788186012902003,0.0008275908361941625,9.999000099990002e-05,2.0259165340982987e-16,0.6902898263466195,250,189,61,0,10000,10000,0.000999900009999
MovieLens-1M,itemknn,sampled_unseen_negatives_with_target,ndcg,sensitivity,utility-ndcg,intervention_success,shapley_mc,lime,0.0,0.0,-0.0112,0.0104,1.0,1.0,0.0,250,4,4,242,10000,10000,1.0
MovieLens-1M,itemknn,sampled_unseen_negatives_with_target,ndcg,sensitivity,utility-ndcg,intervention_success,shapley_mc,loo,0.0088,0.0,-0.0144,0.032,0.5025497450254974,0.75390625,0.04633708419733738,250,6,4,240,10000,10000,1.0
MovieLens-1M,itemknn,sampled_unseen_negatives_with_target,ndcg,sensitivity,utility-ndcg,intervention_success,shapley_mc,greedy_cf,0.14880000000000002,0.0,0.10479999999999999,0.196,9.999000099990002e-05,7.457856554538012e-11,0.4071094568993399,250,39,1,210,10000,10000,0.000999900009999
MovieLens-1M,itemknn,sampled_unseen_negatives_with_target,ndcg,sensitivity,utility-ndcg,intervention_success,shapley_mc,random,0.24480000000000002,0.0,0.1984,0.2928,9.999000099990002e-05,1.3400325923359048e-22,0.6440078034824964,250,79,1,170,10000,10000,0.000999900009999
MovieLens-1M,itemknn,sampled_unseen_negatives_with_target,ndcg,sensitivity,utility-ndcg,intervention_success,lime,loo,0.0088,0.0,-0.008799999999999997,0.027200000000000002,0.39136086391360864,0.7744140625,0.06031400823092288,250,7,5,238,10000,10000,1.0
MovieLens-1M,itemknn,sampled_unseen_negatives_with_target,ndcg,sensitivity,utility-ndcg,intervention_success,lime,greedy_cf,0.14880000000000002,0.0,0.10640000000000001,0.1928,9.999000099990002e-05,1.9554136088117957e-11,0.42596660954534044,250,41,1,208,10000,10000,0.000999900009999
MovieLens-1M,itemknn,sampled_unseen_negatives_with_target,ndcg,sensitivity,utility-ndcg,intervention_success,lime,random,0.24480000000000002,0.0,0.19920000000000002,0.292,9.999000099990002e-05,4.1359030627651384e-25,0.6588237814765756,250,82,0,168,10000,10000,0.000999900009999
MovieLens-1M,itemknn,sampled_unseen_negatives_with_target,ndcg,sensitivity,utility-ndcg,intervention_success,loo,greedy_cf,0.14,0.0,0.096,0.184,9.999000099990002e-05,5.529727786779404e-10,0.38991971375857637,250,36,1,213,10000,10000,0.000999900009999
MovieLens-1M,itemknn,sampled_unseen_negatives_with_target,ndcg,sensitivity,utility-ndcg,intervention_success,loo,random,0.236,0.0,0.1896,0.284,9.999000099990002e-05,1.0323214044661785e-21,0.6203594287554762,250,76,1,173,10000,10000,0.000999900009999
MovieLens-1M,itemknn,sampled_unseen_negatives_with_target,ndcg,sensitivity,utility-ndcg,intervention_success,greedy_cf,random,0.096,0.0,0.05840000000000001,0.13440000000000002,9.999000099990002e-05,0.0062176026593266705,0.31278356847733124,250,41,19,190,10000,10000,0.000999900009999
MovieLens-1M,itemknn,sampled_unseen_negatives_with_target,ndcg,sensitivity,utility-ndcg,abstention,shapley_mc,lime,-0.0808,0.0,-0.11361999999999998,-0.0512,9.999000099990002e-05,2.9802322387695312e-08,-0.31631021507848145,250,0,26,224,10000,10000,0.000999900009999
MovieLens-1M,itemknn,sampled_unseen_negatives_with_target,ndcg,sensitivity,utility-ndcg,abstention,shapley_mc,loo,-0.552,-1.0,-0.612,-0.492,9.999000099990002e-05,5.739718509874451e-42,-1.1077970417519114,250,0,138,112,10000,10000,0.000999900009999
MovieLens-1M,itemknn,sampled_unseen_negatives_with_target,ndcg,sensitivity,utility-ndcg,abstention,shapley_mc,greedy_cf,-0.232,0.0,-0.284,-0.18,9.999000099990002e-05,6.938893903907228e-18,-0.5485207379853564,250,0,58,192,10000,10000,0.000999900009999
MovieLens-1M,itemknn,sampled_unseen_negatives_with_target,ndcg,sensitivity,utility-ndcg,abstention,shapley_mc,random,0.0872,0.0,0.055200000000000006,0.124,9.999000099990002e-05,4.76837158203125e-07,0.30970851434799235,250,22,0,228,10000,10000,0.000999900009999
MovieLens-1M,itemknn,sampled_unseen_negatives_with_target,ndcg,sensitivity,utility-ndcg,abstention,lime,loo,-0.47120000000000006,-0.09999999999999998,-0.5296000000000001,-0.41120000000000007,9.999000099990002e-05,4.70197740328915e-38,-0.9601263126258471,250,0,125,125,10000,10000,0.000999900009999
MovieLens-1M,itemknn,sampled_unseen_negatives_with_target,ndcg,sensitivity,utility-ndcg,abstention,lime,greedy_cf,-0.1512,0.0,-0.2024,-0.1016,9.999000099990002e-05,4.2367098440632126e-09,-0.37277509830753036,250,7,50,193,10000,10000,0.000999900009999
MovieLens-1M,itemknn,sampled_unseen_negatives_with_target,ndcg,sensitivity,utility-ndcg,abstention,lime,random,0.168,0.0,0.124,0.21280000000000002,9.999000099990002e-05,7.105427357601002e-15,0.465273095849142,250,48,0,202,10000,10000,0.000999900009999
MovieLens-1M,itemknn,sampled_unseen_negatives_with_target,ndcg,sensitivity,utility-ndcg,abstention,loo,greedy_cf,0.32,0.0,0.264,0.38,9.999000099990002e-05,1.6543612251060553e-24,0.6846209771493577,250,80,0,170,10000,10000,0.000999900009999
MovieLens-1M,itemknn,sampled_unseen_negatives_with_target,ndcg,sensitivity,utility-ndcg,abstention,loo,random,0.6392,1.0,0.576,0.6992,9.999000099990002e-05,1.3684555315672042e-48,1.3302039349424095,250,160,0,90,10000,10000,0.000999900009999
MovieLens-1M,itemknn,sampled_unseen_negatives_with_target,ndcg,sensitivity,utility-ndcg,abstention,greedy_cf,random,0.3192,0.0,0.2632,0.3792,9.999000099990002e-05,1.6543612251060553e-24,0.6843713136926837,250,80,0,170,10000,10000,0.000999900009999
MovieLens-1M,itemknn,sampled_unseen_negatives_with_target,ndcg,sensitivity,utility-ndcg,joint_regret_primary,shapley_mc,lime,-1.3403538598336095e-05,0.0,-0.0029040501077685203,0.003222193264914415,0.9951004899510049,0.359283447265625,-0.0005471442565321477,250,7,12,231,10000,10000,1.0
MovieLens-1M,itemknn,sampled_unseen_negatives_with_target,ndcg,sensitivity,utility-ndcg,joint_regret_primary,shapley_mc,loo,-0.001973658041353834,0.0,-0.008605746836123874,0.004670954146760728,0.6103389661033897,0.8145294189453125,-0.037872548186164694,250,8,10,232,10000,10000,1.0
MovieLens-1M,itemknn,sampled_unseen_negatives_with_target,ndcg,sensitivity,utility-ndcg,joint_regret_primary,shapley_mc,greedy_cf,-0.024286974347904076,0.0,-0.03469593363230883,-0.014663577800950572,9.999000099990002e-05,3.1796787425264483e-13,-0.29065690520616916,250,2,51,197,10000,10000,0.000999900009999
MovieLens-1M,itemknn,sampled_unseen_negatives_with_target,ndcg,sensitivity,utility-ndcg,joint_regret_primary,shapley_mc,random,-0.0538617639970327,0.0,-0.06694901097909951,-0.04164139830347541,9.999000099990002e-05,4.8467614016778965e-27,-0.519667427251077,250,1,94,155,10000,10000,0.000999900009999
MovieLens-1M,itemknn,sampled_unseen_negatives_with_target,ndcg,sensitivity,utility-ndcg,joint_regret_primary,lime,loo,-0.001960254502755498,0.0,-0.007230667276060892,0.0031966370008566485,0.48195180481951805,0.8505540192127228,-0.0468782756009814,250,15,13,222,10000,10000,1.0
MovieLens-1M,itemknn,sampled_unseen_negatives_with_target,ndcg,sensitivity,utility-ndcg,joint_regret_primary,lime,greedy_cf,-0.024273570809305742,0.0,-0.03430456838003854,-0.015244463829855798,9.999000099990002e-05,4.2901793229077607e-13,-0.31461379019443275,250,3,54,193,10000,10000,0.000999900009999
MovieLens-1M,itemknn,sampled_unseen_negatives_with_target,ndcg,sensitivity,utility-ndcg,joint_regret_primary,lime,random,-0.053848360458434365,0.0,-0.06694544460371331,-0.04177718141920904,9.999000099990002e-05,2.524354896707238e-29,-0.5303366772419701,250,0,96,154,10000,10000,0.000999900009999
MovieLens-1M,itemknn,sampled_unseen_negatives_with_target,ndcg,sensitivity,utility-ndcg,joint_regret_primary,loo,greedy_cf,-0.022313316306550243,0.0,-0.0319785499757754,-0.013855362174873853,9.999000099990002e-05,1.1786127629420662e-12,-0.2989719857803575,250,2,49,199,10000,10000,0.000999900009999
MovieLens-1M,itemknn,sampled_unseen_negatives_with_target,ndcg,sensitivity,utility-ndcg,joint_regret_primary,loo,random,-0.051888105955678866,0.0,-0.06513333610703963,-0.03998121533513489,9.999000099990002e-05,7.431700815906108e-26,-0.512585329012561,250,1,90,159,10000,10000,0.000999900009999
MovieLens-1M,itemknn,sampled_unseen_negatives_with_target,ndcg,sensitivity,utility-ndcg,joint_regret_primary,greedy_cf,random,-0.029574789649128623,0.0,-0.04073572342309263,-0.019289678411339658,9.999000099990002e-05,3.276470353441135e-06,-0.3403776495263356,250,21,64,165,10000,10000,0.000999900009999
MovieLens-1M,itemknn,sampled_unseen_negatives_with_target,ndcg,sensitivity,utility-ndcg,normalized_regret_primary,shapley_mc,lime,-0.0038017562441240438,0.0,-0.0352872350599822,0.028607928071043464,0.8261173882611739,0.359283447265625,-0.025095973469723483,85,7,12,66,10000,10000,1.0
MovieLens-1M,itemknn,sampled_unseen_negatives_with_target,ndcg,sensitivity,utility-ndcg,normalized_regret_primary,shapley_mc,loo,-0.01239450910989649,0.0,-0.08238746203303442,0.057487961014461166,0.7313268673132687,0.8145294189453125,-0.03741005849363235,85,8,10,67,10000,10000,1.0
MovieLens-1M,itemknn,sampled_unseen_negatives_with_target,ndcg,sensitivity,utility-ndcg,normalized_regret_primary,shapley_mc,greedy_cf,-0.7169720459353236,-0.46357181398555214,-1.285501864182056,-0.3853832423306308,9.999000099990002e-05,6.123990203832363e-13,-0.30237232639097317,85,2,50,33,10000,10000,0.000999900009999
MovieLens-1M,itemknn,sampled_unseen_negatives_with_target,ndcg,sensitivity,utility-ndcg,normalized_regret_primary,shapley_mc,random,-1.0986965222493623,-0.8167372360034696,-1.5056380123391098,-0.8008128520162233,9.999000099990002e-05,8.788794008375919e-24,-0.6402367900419995,85,1,83,1,10000,10000,0.000999900009999
MovieLens-1M,itemknn,sampled_unseen_negatives_with_target,ndcg,sensitivity,utility-ndcg,normalized_regret_primary,lime,loo,-0.008592752865772444,0.0,-0.06362311164402454,0.04673815635531551,0.7677232276772322,0.8505540192127228,-0.03338548520870767,85,15,13,57,10000,10000,1.0
MovieLens-1M,itemknn,sampled_unseen_negatives_with_target,ndcg,sensitivity,utility-ndcg,normalized_regret_primary,lime,greedy_cf,-0.7131702896911996,-0.40676723414545934,-1.2800728605230245,-0.3889983943244332,9.999000099990002e-05,8.137102103233929e-13,-0.3015073629361218,85,3,53,29,10000,10000,0.000999900009999
MovieLens-1M,itemknn,sampled_unseen_negatives_with_target,ndcg,sensitivity,utility-ndcg,normalized_regret_primary,lime,random,-1.0948947660052382,-0.8,-1.5073472412127853,-0.8020297546086437,9.999000099990002e-05,5.169878828456423e-26,-0.6394440965861768,85,0,85,0,10000,10000,0.000999900009999
MovieLens-1M,itemknn,sampled_unseen_negatives_with_target,ndcg,sensitivity,utility-ndcg,normalized_regret_primary,loo,greedy_cf,-0.7045775368254271,-0.4273930983871731,-1.273939644653795,-0.371784375109365,9.999000099990002e-05,2.2666313270747196e-12,-0.29694388994029874,85,2,48,35,10000,10000,0.000999900009999
MovieLens-1M,itemknn,sampled_unseen_negatives_with_target,ndcg,sensitivity,utility-ndcg,normalized_regret_primary,loo,random,-1.0863020131394656,-0.8649387306996552,-1.4945066359035284,-0.7883563818768341,9.999000099990002e-05,1.3400325923359048e-22,-0.6311909113127742,85,1,79,5,10000,10000,0.000999900009999
MovieLens-1M,itemknn,sampled_unseen_negatives_with_target,ndcg,sensitivity,utility-ndcg,normalized_regret_primary,greedy_cf,random,-0.38172447631403866,-0.26734474720417023,-0.8153568986644925,0.06797451156510696,0.06469353064693531,9.612986582365388e-05,-0.18949673081826618,85,20,54,11,10000,10000,0.25877412258774124
MovieLens-1M,itemknn,sampled_unseen_negatives_with_target,ndcg,sensitivity,utility-ndcg,joint_regret_ndcg,shapley_mc,lime,-1.3403538598336095e-05,0.0,-0.0028677567771691853,0.003372900806504584,0.9932006799320068,0.359283447265625,-0.0005471442565321477,250,7,12,231,10000,10000,1.0
MovieLens-1M,itemknn,sampled_unseen_negatives_with_target,ndcg,sensitivity,utility-ndcg,joint_regret_ndcg,shapley_mc,loo,-0.001973658041353834,0.0,-0.008626104261676286,0.00424075724234721,0.6060393960603939,0.8145294189453125,-0.037872548186164694,250,8,10,232,10000,10000,1.0
MovieLens-1M,itemknn,sampled_unseen_negatives_with_target,ndcg,sensitivity,utility-ndcg,joint_regret_ndcg,shapley_mc,greedy_cf,-0.024286974347904076,0.0,-0.03483573855077203,-0.014543051867997122,9.999000099990002e-05,3.1796787425264483e-13,-0.29065690520616916,250,2,51,197,10000,10000,0.000999900009999
MovieLens-1M,itemknn,sampled_unseen_negatives_with_target,ndcg,sensitivity,utility-ndcg,joint_regret_ndcg,shapley_mc,random,-0.0538617639970327,0.0,-0.06681878273938281,-0.04133457358246001,9.999000099990002e-05,4.8467614016778965e-27,-0.519667427251077,250,1,94,155,10000,10000,0.000999900009999
MovieLens-1M,itemknn,sampled_unseen_negatives_with_target,ndcg,sensitivity,utility-ndcg,joint_regret_ndcg,lime,loo,-0.001960254502755498,0.0,-0.007258685866834417,0.0030934551192125215,0.47185281471852814,0.8505540192127228,-0.0468782756009814,250,15,13,222,10000,10000,1.0
MovieLens-1M,itemknn,sampled_unseen_negatives_with_target,ndcg,sensitivity,utility-ndcg,joint_regret_ndcg,lime,greedy_cf,-0.024273570809305742,0.0,-0.03434540328706804,-0.015512626251198043,9.999000099990002e-05,4.2901793229077607e-13,-0.31461379019443275,250,3,54,193,10000,10000,0.000999900009999
MovieLens-1M,itemknn,sampled_unseen_negatives_with_target,ndcg,sensitivity,utility-ndcg,joint_regret_ndcg,lime,random,-0.053848360458434365,0.0,-0.06718638016520237,-0.04194632706916323,9.999000099990002e-05,2.524354896707238e-29,-0.5303366772419701,250,0,96,154,10000,10000,0.000999900009999
MovieLens-1M,itemknn,sampled_unseen_negatives_with_target,ndcg,sensitivity,utility-ndcg,joint_regret_ndcg,loo,greedy_cf,-0.022313316306550243,0.0,-0.032072882143739594,-0.013863021784239631,9.999000099990002e-05,1.1786127629420662e-12,-0.2989719857803575,250,2,49,199,10000,10000,0.000999900009999
MovieLens-1M,itemknn,sampled_unseen_negatives_with_target,ndcg,sensitivity,utility-ndcg,joint_regret_ndcg,loo,random,-0.051888105955678866,0.0,-0.06484582554716659,-0.03951473598591733,9.999000099990002e-05,7.431700815906108e-26,-0.512585329012561,250,1,90,159,10000,10000,0.000999900009999
MovieLens-1M,itemknn,sampled_unseen_negatives_with_target,ndcg,sensitivity,utility-ndcg,joint_regret_ndcg,greedy_cf,random,-0.029574789649128623,0.0,-0.04063560375609791,-0.01934604770553921,9.999000099990002e-05,3.276470353441135e-06,-0.3403776495263356,250,21,64,165,10000,10000,0.000999900009999
MovieLens-1M,itemknn,sampled_unseen_negatives_with_target,ndcg,sensitivity,utility-ndcg,normalized_regret_ndcg,shapley_mc,lime,-0.0038017562441240438,0.0,-0.03560676124376628,0.02893142447125887,0.8203179682031797,0.359283447265625,-0.025095973469723483,85,7,12,66,10000,10000,1.0
MovieLens-1M,itemknn,sampled_unseen_negatives_with_target,ndcg,sensitivity,utility-ndcg,normalized_regret_ndcg,shapley_mc,loo,-0.01239450910989649,0.0,-0.0833646863796505,0.057866268988754146,0.7267273272672733,0.8145294189453125,-0.03741005849363235,85,8,10,67,10000,10000,1.0
MovieLens-1M,itemknn,sampled_unseen_negatives_with_target,ndcg,sensitivity,utility-ndcg,normalized_regret_ndcg,shapley_mc,greedy_cf,-0.7169720459353236,-0.46357181398555214,-1.2711251695992227,-0.38516149392100735,9.999000099990002e-05,6.123990203832363e-13,-0.30237232639097317,85,2,50,33,10000,10000,0.000999900009999
MovieLens-1M,itemknn,sampled_unseen_negatives_with_target,ndcg,sensitivity,utility-ndcg,normalized_regret_ndcg,shapley_mc,random,-1.0986965222493623,-0.8167372360034696,-1.517719741425237,-0.802391568842118,9.999000099990002e-05,8.788794008375919e-24,-0.6402367900419995,85,1,83,1,10000,10000,0.000999900009999
MovieLens-1M,itemknn,sampled_unseen_negatives_with_target,ndcg,sensitivity,utility-ndcg,normalized_regret_ndcg,lime,loo,-0.008592752865772444,0.0,-0.06491447320307195,0.04489842916903811,0.7667233276672333,0.8505540192127228,-0.03338548520870767,85,15,13,57,10000,10000,1.0
MovieLens-1M,itemknn,sampled_unseen_negatives_with_target,ndcg,sensitivity,utility-ndcg,normalized_regret_ndcg,lime,greedy_cf,-0.7131702896911996,-0.40676723414545934,-1.2694039310512226,-0.3893859456798834,9.999000099990002e-05,8.137102103233929e-13,-0.3015073629361218,85,3,53,29,10000,10000,0.000999900009999
MovieLens-1M,itemknn,sampled_unseen_negatives_with_target,ndcg,sensitivity,utility-ndcg,normalized_regret_ndcg,lime,random,-1.0948947660052382,-0.8,-1.491772341331817,-0.8003962867984272,9.999000099990002e-05,5.169878828456423e-26,-0.6394440965861768,85,0,85,0,10000,10000,0.000999900009999
MovieLens-1M,itemknn,sampled_unseen_negatives_with_target,ndcg,sensitivity,utility-ndcg,normalized_regret_ndcg,loo,greedy_cf,-0.7045775368254271,-0.4273930983871731,-1.2785023224202638,-0.3729384534477519,9.999000099990002e-05,2.2666313270747196e-12,-0.29694388994029874,85,2,48,35,10000,10000,0.000999900009999
MovieLens-1M,itemknn,sampled_unseen_negatives_with_target,ndcg,sensitivity,utility-ndcg,normalized_regret_ndcg,loo,random,-1.0863020131394656,-0.8649387306996552,-1.504523160537567,-0.7884552339152512,9.999000099990002e-05,1.3400325923359048e-22,-0.6311909113127742,85,1,79,5,10000,10000,0.000999900009999
MovieLens-1M,itemknn,sampled_unseen_negatives_with_target,ndcg,sensitivity,utility-ndcg,normalized_regret_ndcg,greedy_cf,random,-0.38172447631403866,-0.26734474720417023,-0.8138018184526258,0.06584232467329897,0.061693830616938304,9.612986582365388e-05,-0.18949673081826618,85,20,54,11,10000,10000,0.24677532246775322
MovieLens-1M,itemknn,sampled_unseen_negatives_with_target,ndcg,sensitivity,utility-ndcg,intervention_success_ndcg,shapley_mc,lime,0.0,0.0,-0.011200000000000002,0.0104,1.0,1.0,0.0,250,4,4,242,10000,10000,1.0
MovieLens-1M,itemknn,sampled_unseen_negatives_with_target,ndcg,sensitivity,utility-ndcg,intervention_success_ndcg,shapley_mc,loo,0.0088,0.0,-0.0144,0.032799999999999996,0.5052494750524947,0.75390625,0.04633708419733738,250,6,4,240,10000,10000,1.0
MovieLens-1M,itemknn,sampled_unseen_negatives_with_target,ndcg,sensitivity,utility-ndcg,intervention_success_ndcg,shapley_mc,greedy_cf,0.14880000000000002,0.0,0.104,0.19440000000000002,9.999000099990002e-05,7.457856554538012e-11,0.4071094568993399,250,39,1,210,10000,10000,0.000999900009999
MovieLens-1M,itemknn,sampled_unseen_negatives_with_target,ndcg,sensitivity,utility-ndcg,intervention_success_ndcg,shapley_mc,random,0.24480000000000002,0.0,0.19839999999999997,0.29279999999999995,9.999000099990002e-05,1.3400325923359048e-22,0.6440078034824964,250,79,1,170,10000,10000,0.000999900009999
MovieLens-1M,itemknn,sampled_unseen_negatives_with_target,ndcg,sensitivity,utility-ndcg,intervention_success_ndcg,lime,loo,0.0088,0.0,-0.008799999999999999,0.028,0.3738626137386261,0.7744140625,0.06031400823092288,250,7,5,238,10000,10000,1.0
MovieLens-1M,itemknn,sampled_unseen_negatives_with_target,ndcg,sensitivity,utility-ndcg,intervention_success_ndcg,lime,greedy_cf,0.14880000000000002,0.0,0.1072,0.192,9.999000099990002e-05,1.9554136088117957e-11,0.42596660954534044,250,41,1,208,10000,10000,0.000999900009999
MovieLens-1M,itemknn,sampled_unseen_negatives_with_target,ndcg,sensitivity,utility-ndcg,intervention_success_ndcg,lime,random,0.24480000000000002,0.0,0.2,0.2904,9.999000099990002e-05,4.1359030627651384e-25,0.6588237814765756,250,82,0,168,10000,10000,0.000999900009999
MovieLens-1M,itemknn,sampled_unseen_negatives_with_target,ndcg,sensitivity,utility-ndcg,intervention_success_ndcg,loo,greedy_cf,0.14,0.0,0.096,0.184,9.999000099990002e-05,5.529727786779404e-10,0.38991971375857637,250,36,1,213,10000,10000,0.000999900009999
MovieLens-1M,itemknn,sampled_unseen_negatives_with_target,ndcg,sensitivity,utility-ndcg,intervention_success_ndcg,loo,random,0.236,0.0,0.19119999999999998,0.28320000000000006,9.999000099990002e-05,1.0323214044661785e-21,0.6203594287554762,250,76,1,173,10000,10000,0.000999900009999
MovieLens-1M,itemknn,sampled_unseen_negatives_with_target,ndcg,sensitivity,utility-ndcg,intervention_success_ndcg,greedy_cf,random,0.096,0.0,0.05840000000000001,0.1352,9.999000099990002e-05,0.0062176026593266705,0.31278356847733124,250,41,19,190,10000,10000,0.000999900009999
MovieLens-1M,itemknn,sampled_unseen_negatives_with_target,target_margin,primary,primary,aia,shapley_mc,lime,-0.15473966692443789,-0.12045671841638,-0.1643277015204766,-0.1452220145942985,9.999000099990002e-05,4.825087437446892e-220,-1.0100346742963329,1000,47,952,1,10000,10000,0.000999900009999
MovieLens-1M,itemknn,sampled_unseen_negatives_with_target,target_margin,primary,primary,aia,shapley_mc,loo,-0.19935265008009065,-0.16278766421816382,-0.209513674267456,-0.18959414747104808,9.999000099990002e-05,9.002801686397925e-282,-1.2541699809005387,1000,8,991,1,10000,10000,0.000999900009999
MovieLens-1M,itemknn,sampled_unseen_negatives_with_target,target_margin,primary,primary,aia,shapley_mc,greedy_cf,0.46035075897494354,0.431004963320779,0.4402460899867904,0.4800912765200944,9.999000099990002e-05,3.541222482230007e-216,1.4311991960826895,1000,949,50,1,10000,10000,0.000999900009999
MovieLens-1M,itemknn,sampled_unseen_negatives_with_target,target_margin,primary,primary,aia,shapley_mc,random,0.7782665433762953,0.8034586466165413,0.7661594715367369,0.7896992685882349,9.999000099990002e-05,3.110894301402977e-293,4.079137907596159,1000,997,3,0,10000,10000,0.000999900009999
MovieLens-1M,itemknn,sampled_unseen_negatives_with_target,target_margin,primary,primary,aia,lime,loo,-0.044612983155652756,-0.030838956375808135,-0.04762439427370258,-0.04164369031018846,9.999000099990002e-05,7.136517310650271e-250,-0.9264487503044299,1000,24,964,12,10000,10000,0.000999900009999
MovieLens-1M,itemknn,sampled_unseen_negatives_with_target,target_margin,primary,primary,aia,lime,greedy_cf,0.6150904258993815,0.5831268913548548,0.597610313371434,0.6327069978801142,9.999000099990002e-05,9.341987486489591e-296,2.1833118025600227,1000,998,2,0,10000,10000,0.000999900009999
MovieLens-1M,itemknn,sampled_unseen_negatives_with_target,target_margin,primary,primary,aia,lime,random,0.9330062103007333,0.9440404389500934,0.9240926734431211,0.9414227318089397,9.999000099990002e-05,1.8683937642434442e-298,6.53053994212089,1000,999,1,0,10000,10000,0.000999900009999
MovieLens-1M,itemknn,sampled_unseen_negatives_with_target,target_margin,primary,primary,aia,loo,greedy_cf,0.6597034090550342,0.6285817135372074,0.6424846024311048,0.6769409631626528,9.999000099990002e-05,7.466108948025751e-301,2.3880591268752425,1000,998,0,2,10000,10000,0.000999900009999
MovieLens-1M,itemknn,sampled_unseen_negatives_with_target,target_margin,primary,primary,aia,loo,random,0.9776191934563859,0.9865380586408472,0.969583363448086,0.9855773517525636,9.999000099990002e-05,1.8683937642434442e-298,7.613193876638321,1000,999,1,0,10000,10000,0.000999900009999
MovieLens-1M,itemknn,sampled_unseen_negatives_with_target,target_margin,primary,primary,aia,greedy_cf,random,0.31791578440135176,0.35608297920595666,0.29997437204051763,0.33569087689765414,9.999000099990002e-05,1.6191109204218566e-121,1.0816037862283698,1000,853,147,0,10000,10000,0.000999900009999
MovieLens-1M,itemknn,sampled_unseen_negatives_with_target,target_margin,primary,primary,aia_ndcg,shapley_mc,lime,-0.02304834898492651,-0.02197439080600183,-0.036028442651880634,-0.010614677495309277,0.0005999400059994001,1.899511162128689e-06,-0.1884517228776693,349,118,204,27,10000,10000,0.0011998800119988001
MovieLens-1M,itemknn,sampled_unseen_negatives_with_target,target_margin,primary,primary,aia_ndcg,shapley_mc,loo,-0.027544288318320224,-0.030739041833149017,-0.041591845894868855,-0.01377064105396474,9.999000099990002e-05,9.152654358717222e-09,-0.20521771251526075,349,114,219,16,10000,10000,0.000999900009999
MovieLens-1M,itemknn,sampled_unseen_negatives_with_target,target_margin,primary,primary,aia_ndcg,shapley_mc,greedy_cf,0.22399786598095214,0.20640627484613444,0.19207665592025638,0.2554818621437922,9.999000099990002e-05,1.1918229142282713e-29,0.7372907239155324,349,274,70,5,10000,10000,0.000999900009999
MovieLens-1M,itemknn,sampled_unseen_negatives_with_target,target_margin,primary,primary,aia_ndcg,shapley_mc,random,0.37855085402294186,0.3970616253296934,0.34903293451310263,0.4078609877336007,9.999000099990002e-05,2.3493153592312207e-66,1.3449367917155741,349,323,26,0,10000,10000,0.000999900009999
MovieLens-1M,itemknn,sampled_unseen_negatives_with_target,target_margin,primary,primary,aia_ndcg,lime,loo,-0.0044959393333937085,-0.0005982081496189728,-0.009796408025695412,0.0007118092984397888,0.08959104089591041,0.0018501789654930534,-0.09076357335823564,349,134,191,24,10000,10000,0.08959104089591041
MovieLens-1M,itemknn,sampled_unseen_negatives_with_target,target_margin,primary,primary,aia_ndcg,lime,greedy_cf,0.24704621496587867,0.21855542777761672,0.21614706693997715,0.27871028392483266,9.999000099990002e-05,1.246399879082391e-37,0.8344423114214751,349,283,56,10,10000,10000,0.000999900009999
MovieLens-1M,itemknn,sampled_unseen_negatives_with_target,target_margin,primary,primary,aia_ndcg,lime,random,0.4015992030078684,0.4140393356054125,0.37049106564456896,0.43304103844846925,9.999000099990002e-05,2.820684978727242e-65,1.3682304153349552,349,322,27,0,10000,10000,0.000999900009999
MovieLens-1M,itemknn,sampled_unseen_negatives_with_target,target_margin,primary,primary,aia_ndcg,loo,greedy_cf,0.2515421542992724,0.2111071004238021,0.2200704445671239,0.2840529828446264,9.999000099990002e-05,4.816533523913162e-38,0.8329587956156377,349,287,57,5,10000,10000,0.000999900009999
MovieLens-1M,itemknn,sampled_unseen_negatives_with_target,target_margin,primary,primary,aia_ndcg,loo,random,0.4060951423412621,0.4182973450388277,0.37485286035561555,0.4376011239875033,9.999000099990002e-05,3.8726236219146443e-62,1.3600834726359838,349,319,30,0,10000,10000,0.000999900009999
MovieLens-1M,itemknn,sampled_unseen_negatives_with_target,target_margin,primary,primary,aia_ndcg,greedy_cf,random,0.15455298804198978,0.19775174826278588,0.12329650548059352,0.1867013836480431,9.999000099990002e-05,7.402677946481576e-10,0.5076313122626217,349,232,117,0,10000,10000,0.000999900009999
MovieLens-1M,itemknn,sampled_unseen_negatives_with_target,target_margin,primary,primary,faithfulness_alignment,shapley_mc,lime,-0.18918159410336907,-0.14446946309371267,-0.20005550839040695,-0.17867600566854266,9.999000099990002e-05,1.3042549036657826e-268,-1.1174471407728774,1000,15,985,0,10000,10000,0.000999900009999
MovieLens-1M,itemknn,sampled_unseen_negatives_with_target,target_margin,primary,primary,faithfulness_alignment,shapley_mc,loo,-0.23825800916760279,-0.19261956631394772,-0.24938887709663454,-0.22710580416327306,9.999000099990002e-05,1.8665272370064378e-301,-1.3228661614410313,1000,0,1000,0,10000,10000,0.000999900009999
MovieLens-1M,itemknn,sampled_unseen_negatives_with_target,target_margin,primary,primary,faithfulness_alignment,shapley_mc,greedy_cf,0.4412238212404857,0.41727593688607456,0.4200444359774171,0.4618783199603035,9.999000099990002e-05,3.0640610393872314e-189,1.2995407751339239,1000,927,73,0,10000,10000,0.000999900009999
MovieLens-1M,itemknn,sampled_unseen_negatives_with_target,target_margin,primary,primary,faithfulness_alignment,shapley_mc,random,0.7627800979360772,0.7942559475020792,0.7498904922446942,0.7753434376985748,9.999000099990002e-05,7.761728085450875e-291,3.7060658469423746,1000,996,4,0,10000,10000,0.000999900009999
MovieLens-1M,itemknn,sampled_unseen_negatives_with_target,target_margin,primary,primary,faithfulness_alignment,lime,loo,-0.04907641506423372,-0.03598415353146872,-0.05183822450844955,-0.046374224291012935,9.999000099990002e-05,9.556619453472961e-299,-1.1099229267156345,1000,0,991,9,10000,10000,0.000999900009999
MovieLens-1M,itemknn,sampled_unseen_negatives_with_target,target_margin,primary,primary,faithfulness_alignment,lime,greedy_cf,0.6304054153438546,0.5979285998489112,0.6135874556432575,0.647465565867489,9.999000099990002e-05,3.110894301402977e-293,2.253493727304531,1000,997,3,0,10000,10000,0.000999900009999
MovieLens-1M,itemknn,sampled_unseen_negatives_with_target,target_margin,primary,primary,faithfulness_alignment,lime,random,0.9519616920394463,0.9527208387010287,0.9446190724402964,0.9592856602536246,9.999000099990002e-05,1.8665272370064378e-301,8.004315947878249,1000,1000,0,0,10000,10000,0.000999900009999
MovieLens-1M,itemknn,sampled_unseen_negatives_with_target,target_margin,primary,primary,faithfulness_alignment,loo,greedy_cf,0.6794818304080885,0.6457314529458902,0.6622935731051991,0.6963846261315092,9.999000099990002e-05,7.466108948025751e-301,2.4704972800720726,1000,998,0,2,10000,10000,0.000999900009999
MovieLens-1M,itemknn,sampled_unseen_negatives_with_target,target_margin,primary,primary,faithfulness_alignment,loo,random,1.00103810710368,1.0018421440894631,0.9942776665270662,1.0080030410041552,9.999000099990002e-05,1.8665272370064378e-301,8.989426599013147,1000,1000,0,0,10000,10000,0.000999900009999
MovieLens-1M,itemknn,sampled_unseen_negatives_with_target,target_margin,primary,primary,faithfulness_alignment,greedy_cf,random,0.32155627669559145,0.3600541007584397,0.3030811689226129,0.34049021717125133,9.999000099990002e-05,2.2391998343607853e-125,1.079369850682734,1000,858,142,0,10000,10000,0.000999900009999
MovieLens-1M,itemknn,sampled_unseen_negatives_with_target,target_margin,primary,primary,actionability_gap,shapley_mc,lime,0.03444192717893116,0.009644063200240794,0.028133601687500377,0.042768308046605495,9.999000099990002e-05,1.7094905918678873e-66,0.28876350692947655,1000,684,189,127,10000,10000,0.000999900009999
MovieLens-1M,itemknn,sampled_unseen_negatives_with_target,target_margin,primary,primary,actionability_gap,shapley_mc,loo,0.0389053590875121,0.01200589283216329,0.032255134985606594,0.047454854094957664,9.999000099990002e-05,2.5429020571329985e-77,0.31944977341748326,1000,721,180,99,10000,10000,0.000999900009999
MovieLens-1M,itemknn,sampled_unseen_negatives_with_target,target_margin,primary,primary,actionability_gap,shapley_mc,greedy_cf,0.019126937734457835,0.004226445186616057,0.01273484484446303,0.027349878008582573,9.999000099990002e-05,8.435931986217477e-15,0.15964086213031642,1000,551,322,127,10000,10000,0.000999900009999
MovieLens-1M,itemknn,sampled_unseen_negatives_with_target,target_margin,primary,primary,actionability_gap,shapley_mc,random,0.015486445440218108,0.0036097013268788763,0.011917303439031229,0.019315549235074513,9.999000099990002e-05,3.376127157278653e-18,0.2610540695281268,1000,564,308,128,10000,10000,0.000999900009999
MovieLens-1M,itemknn,sampled_unseen_negatives_with_target,target_margin,primary,primary,actionability_gap,lime,loo,0.004463431908580945,0.0003034749825015614,0.003097334776884529,0.005967016183195213,9.999000099990002e-05,5.308283694480566e-13,0.19415169491269926,1000,556,340,104,10000,10000,0.000999900009999
MovieLens-1M,itemknn,sampled_unseen_negatives_with_target,target_margin,primary,primary,actionability_gap,lime,greedy_cf,-0.015314989444473326,-0.001006667561461355,-0.01940037617886023,-0.011490528194294688,9.999000099990002e-05,2.4296839765185053e-07,-0.24098943252635102,1000,359,512,129,10000,10000,0.000999900009999
MovieLens-1M,itemknn,sampled_unseen_negatives_with_target,target_margin,primary,primary,actionability_gap,lime,random,-0.018955481738713052,-0.003910509770785372,-0.026044652292238922,-0.014152119391426361,9.999000099990002e-05,1.5328295946906835e-22,-0.19581045765826802,1000,293,580,127,10000,10000,0.000999900009999
MovieLens-1M,itemknn,sampled_unseen_negatives_with_target,target_margin,primary,primary,actionability_gap,loo,greedy_cf,-0.01977842135305427,-0.0030451406540011744,-0.023712497689406385,-0.016044366072080166,9.999000099990002e-05,1.9053745705335185e-17,-0.31747921213391206,1000,322,576,102,10000,10000,0.000999900009999
MovieLens-1M,itemknn,sampled_unseen_negatives_with_target,target_margin,primary,primary,actionability_gap,loo,random,-0.023418913647293996,-0.0075187969924812945,-0.030278417765417922,-0.018586707552071913,9.999000099990002e-05,1.0803291571194323e-63,-0.2427204235335277,1000,204,697,99,10000,10000,0.000999900009999
MovieLens-1M,itemknn,sampled_unseen_negatives_with_target,target_margin,primary,primary,actionability_gap,greedy_cf,random,-0.0036404922942397237,0.0,-0.01093542820289702,0.0018386237770801343,0.30986901309869014,0.6356474842669154,-0.03513909372334859,1000,429,444,127,10000,10000,0.30986901309869014
MovieLens-1M,itemknn,sampled_unseen_negatives_with_target,target_margin,primary,primary,signed_alignment,shapley_mc,lime,-0.04503724524833289,-0.027980445754592298,-0.048942915531801134,-0.04138237018256787,9.999000099990002e-05,6.845707910704195e-241,-0.7347150522953604,1000,30,959,11,10000,10000,0.000999900009999
MovieLens-1M,itemknn,sampled_unseen_negatives_with_target,target_margin,primary,primary,signed_alignment,shapley_mc,loo,-0.06523610329292652,-0.04425641402100278,-0.07002011329119256,-0.06089882653972592,9.999000099990002e-05,1.089170419221917e-279,-0.9036156420588365,1000,8,984,8,10000,10000,0.000999900009999
MovieLens-1M,itemknn,sampled_unseen_negatives_with_target,target_margin,primary,primary,signed_alignment,shapley_mc,greedy_cf,0.5869358049012828,0.5540416806240869,0.5665802422283703,0.6074131615649239,9.999000099990002e-05,5.006639207765595e-280,1.7772719777161303,1000,991,9,0,10000,10000,0.000999900009999
MovieLens-1M,itemknn,sampled_unseen_negatives_with_target,target_margin,primary,primary,signed_alignment,shapley_mc,random,0.9248877834035079,0.9315670299235559,0.9163858600619575,0.9332926962853261,9.999000099990002e-05,1.8683937642434442e-298,6.838988865147558,1000,999,1,0,10000,10000,0.000999900009999
MovieLens-1M,itemknn,sampled_unseen_negatives_with_target,target_margin,primary,primary,signed_alignment,lime,loo,-0.020198858044593614,-0.012337282481720446,-0.021854035676661138,-0.01861601661689859,9.999000099990002e-05,1.143675397544577e-240,-0.7667877340600737,1000,29,954,17,10000,10000,0.000999900009999
MovieLens-1M,itemknn,sampled_unseen_negatives_with_target,target_margin,primary,primary,signed_alignment,lime,greedy_cf,0.6319730501496158,0.599851191543318,0.6117202260081149,0.6526089053514991,9.999000099990002e-05,1.8665272370064378e-301,1.9365568604288297,1000,1000,0,0,10000,10000,0.000999900009999
MovieLens-1M,itemknn,sampled_unseen_negatives_with_target,target_margin,primary,primary,signed_alignment,lime,random,0.9699250286518407,0.9725865790309549,0.9627392902833991,0.9769925207522059,9.999000099990002e-05,1.8665272370064378e-301,8.396824096659614,1000,1000,0,0,10000,10000,0.000999900009999
MovieLens-1M,itemknn,sampled_unseen_negatives_with_target,target_margin,primary,primary,signed_alignment,loo,greedy_cf,0.6521719081942094,0.6251617473757769,0.6316987122096327,0.6728845574075348,9.999000099990002e-05,1.8665272370064378e-301,1.9901776331389602,1000,1000,0,0,10000,10000,0.000999900009999
MovieLens-1M,itemknn,sampled_unseen_negatives_with_target,target_margin,primary,primary,signed_alignment,loo,random,0.9901238866964343,0.9891509396549261,0.982969765429324,0.9971019320718482,9.999000099990002e-05,1.8665272370064378e-301,8.740432943144233,1000,1000,0,0,10000,10000,0.000999900009999
MovieLens-1M,itemknn,sampled_unseen_negatives_with_target,target_margin,primary,primary,signed_alignment,greedy_cf,random,0.33795197850222497,0.3708500116483864,0.3168807577699029,0.3592024272757347,9.999000099990002e-05,4.261028579039421e-100,0.9859948090243755,1000,823,177,0,10000,10000,0.000999900009999
MovieLens-1M,itemknn,sampled_unseen_negatives_with_target,target_margin,primary,primary,signed_alignment_ndcg,shapley_mc,lime,-0.014779933253661842,0.0,-0.021329560289964848,-0.00840291434279353,9.999000099990002e-05,6.7307481431678815e-06,-0.23634508688350034,349,93,166,90,10000,10000,0.000999900009999
MovieLens-1M,itemknn,sampled_unseen_negatives_with_target,target_margin,primary,primary,signed_alignment_ndcg,shapley_mc,loo,-0.020272252469132678,-0.005053177974745915,-0.028408288799612883,-0.012151478424891667,9.999000099990002e-05,2.118788221964408e-15,-0.26113695804038123,349,87,226,36,10000,10000,0.000999900009999
MovieLens-1M,itemknn,sampled_unseen_negatives_with_target,target_margin,primary,primary,signed_alignment_ndcg,shapley_mc,greedy_cf,0.3240689196350232,0.2864572848069933,0.29124371657837395,0.3572311417295467,9.999000099990002e-05,6.696866639016361e-55,1.0388253287060913,349,294,31,24,10000,10000,0.000999900009999
MovieLens-1M,itemknn,sampled_unseen_negatives_with_target,target_margin,primary,primary,signed_alignment_ndcg,shapley_mc,random,0.591632178893179,0.6069769786668839,0.5663228175769759,0.6171343568146679,9.999000099990002e-05,3.4169694988819075e-88,2.443896103613905,349,340,9,0,10000,10000,0.000999900009999
MovieLens-1M,itemknn,sampled_unseen_negatives_with_target,target_margin,primary,primary,signed_alignment_ndcg,lime,loo,-0.005492319215470834,-0.001428982310436866,-0.008725721911174536,-0.0024177155415964846,0.0005999400059994001,1.2522775415289602e-11,-0.18335406241985555,349,96,215,38,10000,10000,0.000999900009999
MovieLens-1M,itemknn,sampled_unseen_negatives_with_target,target_margin,primary,primary,signed_alignment_ndcg,lime,greedy_cf,0.33884885288868505,0.3036460480135594,0.3068637998523134,0.37068340135669336,9.999000099990002e-05,6.086380002982059e-63,1.1060253520935395,349,301,23,25,10000,10000,0.000999900009999
MovieLens-1M,itemknn,sampled_unseen_negatives_with_target,target_margin,primary,primary,signed_alignment_ndcg,lime,random,0.6064121121468409,0.617184295300668,0.5818353425959906,0.6318362763451809,9.999000099990002e-05,2.0967202571172675e-91,2.544163454531648,349,342,7,0,10000,10000,0.000999900009999
MovieLens-1M,itemknn,sampled_unseen_negatives_with_target,target_margin,primary,primary,signed_alignment_ndcg,loo,greedy_cf,0.3443411721041559,0.3117054176017652,0.3119520954224957,0.37700703388199125,9.999000099990002e-05,2.2274323117116637e-69,1.1171899856740939,349,315,20,14,10000,10000,0.000999900009999
MovieLens-1M,itemknn,sampled_unseen_negatives_with_target,target_margin,primary,primary,signed_alignment_ndcg,loo,random,0.6119044313623117,0.631382346913115,0.5863020666449841,0.6364043235779755,9.999000099990002e-05,2.0967202571172675e-91,2.5523178425818904,349,342,7,0,10000,10000,0.000999900009999
MovieLens-1M,itemknn,sampled_unseen_negatives_with_target,target_margin,primary,primary,signed_alignment_ndcg,greedy_cf,random,0.2675632592581558,0.26232114649972227,0.23938097511482528,0.2973223137756429,9.999000099990002e-05,9.965106685534365e-36,0.9764896297772526,349,287,62,0,10000,10000,0.000999900009999
MovieLens-1M,itemknn,sampled_unseen_negatives_with_target,target_margin,primary,primary,direction_accuracy,shapley_mc,lime,-0.07411108127510604,-0.05999999999999994,-0.07885094726581898,-0.06929550324177026,9.999000099990002e-05,3.994471531926024e-126,-0.939816443586348,1000,100,759,141,10000,10000,0.000999900009999
MovieLens-1M,itemknn,sampled_unseen_negatives_with_target,target_margin,primary,primary,direction_accuracy,shapley_mc,loo,-0.1005125294150294,-0.08999999999999991,-0.10589521706612962,-0.0951897942899249,9.999000099990002e-05,1.4525919162799713e-208,-1.1545646182989033,1000,23,817,160,10000,10000,0.000999900009999
MovieLens-1M,itemknn,sampled_unseen_negatives_with_target,target_margin,primary,primary,direction_accuracy,shapley_mc,greedy_cf,0.27182832687350494,0.2800000000000001,0.2634849013986529,0.2803771137040419,9.999000099990002e-05,9.780696590168944e-250,1.9943071196037159,1000,968,25,7,10000,10000,0.000999900009999
MovieLens-1M,itemknn,sampled_unseen_negatives_with_target,target_margin,primary,primary,direction_accuracy,shapley_mc,random,0.3861135985505722,0.3999999999999999,0.37968645538427004,0.39223291962515894,9.999000099990002e-05,1.8665272370064378e-301,3.825864001025535,1000,1000,0,0,10000,10000,0.000999900009999
MovieLens-1M,itemknn,sampled_unseen_negatives_with_target,target_margin,primary,primary,direction_accuracy,lime,loo,-0.02640144813992337,-0.010000000000000009,-0.029210111837272627,-0.02375251804976069,9.999000099990002e-05,5.899258978646368e-99,-0.595723350751814,1000,58,540,402,10000,10000,0.000999900009999
MovieLens-1M,itemknn,sampled_unseen_negatives_with_target,target_margin,primary,primary,direction_accuracy,lime,greedy_cf,0.34593940814861096,0.35,0.33725939564640733,0.35444138091307564,9.999000099990002e-05,7.633404049321993e-277,2.490850279670779,1000,986,10,4,10000,10000,0.000999900009999
MovieLens-1M,itemknn,sampled_unseen_negatives_with_target,target_margin,primary,primary,direction_accuracy,lime,random,0.4602246798256783,0.46999999999999986,0.45585711955800906,0.4643322065887759,9.999000099990002e-05,1.8665272370064378e-301,6.717001305929058,1000,1000,0,0,10000,10000,0.000999900009999
MovieLens-1M,itemknn,sampled_unseen_negatives_with_target,target_margin,primary,primary,direction_accuracy,loo,greedy_cf,0.37234085628853425,0.3999999999999999,0.36430849708888885,0.38049233625174705,9.999000099990002e-05,1.1945774316841202e-299,2.865857586766735,1000,994,0,6,10000,10000,0.000999900009999
MovieLens-1M,itemknn,sampled_unseen_negatives_with_target,target_margin,primary,primary,direction_accuracy,loo,random,0.4866261279656017,0.49,0.48299315863092873,0.49019953829791635,9.999000099990002e-05,1.8665272370064378e-301,8.404931603185098,1000,1000,0,0,10000,10000,0.000999900009999
MovieLens-1M,itemknn,sampled_unseen_negatives_with_target,target_margin,primary,primary,direction_accuracy,greedy_cf,random,0.11428527167706733,0.11180555555555555,0.10574222221921524,0.12289376225421465,9.999000099990002e-05,4.026292161210924e-79,0.8229909488401805,1000,778,205,17,10000,10000,0.000999900009999
MovieLens-1M,itemknn,sampled_unseen_negatives_with_target,target_margin,primary,primary,direction_accuracy_ndcg,shapley_mc,lime,-0.005340930161847069,0.0,-0.012725359804156365,0.0019051314413062236,0.1548845115488451,0.20736789985685422,-0.07675976064210042,349,26,37,286,10000,10000,0.3097690230976902
MovieLens-1M,itemknn,sampled_unseen_negatives_with_target,target_margin,primary,primary,direction_accuracy_ndcg,shapley_mc,loo,-0.007348297197867399,0.0,-0.015646544358220573,0.0009006340881340889,0.08199180081991801,0.2450608330229457,-0.09371805750191217,349,25,35,289,10000,10000,0.24597540245975402
MovieLens-1M,itemknn,sampled_unseen_negatives_with_target,target_margin,primary,primary,direction_accuracy_ndcg,shapley_mc,greedy_cf,0.17150457151889817,0.0,0.13825827976544308,0.20385589784300384,9.999000099990002e-05,2.827509719470761e-20,0.5444692858077154,349,170,40,139,10000,10000,0.000999900009999
MovieLens-1M,itemknn,sampled_unseen_negatives_with_target,target_margin,primary,primary,direction_accuracy_ndcg,shapley_mc,random,0.44139812273050094,0.4666666666666667,0.4191112234231862,0.462719045758444,9.999000099990002e-05,3.223371130764797e-85,2.109213467057826,349,334,10,5,10000,10000,0.000999900009999
MovieLens-1M,itemknn,sampled_unseen_negatives_with_target,target_margin,primary,primary,direction_accuracy_ndcg,lime,loo,-0.00200736703602033,0.0,-0.007339804774976693,0.002704312640559061,0.45125487451254875,1.0,-0.04195772301508092,349,19,20,310,10000,10000,0.45125487451254875
MovieLens-1M,itemknn,sampled_unseen_negatives_with_target,target_margin,primary,primary,direction_accuracy_ndcg,lime,greedy_cf,0.17684550168074523,0.0,0.14448268278998935,0.20974901407888513,9.999000099990002e-05,2.905799262417269e-19,0.5678109462924965,349,171,43,135,10000,10000,0.000999900009999
MovieLens-1M,itemknn,sampled_unseen_negatives_with_target,target_margin,primary,primary,direction_accuracy_ndcg,lime,random,0.44673905289234805,0.4666666666666667,0.42558787215252114,0.46746265025169037,9.999000099990002e-05,3.223371130764797e-85,2.226496946792115,349,334,10,5,10000,10000,0.000999900009999
MovieLens-1M,itemknn,sampled_unseen_negatives_with_target,target_margin,primary,primary,direction_accuracy_ndcg,loo,greedy_cf,0.17885286871676556,0.0,0.14658622687007355,0.21096114030032367,9.999000099990002e-05,1.0638646175804102e-22,0.5740565922364119,349,171,35,143,10000,10000,0.000999900009999
MovieLens-1M,itemknn,sampled_unseen_negatives_with_target,target_margin,primary,primary,direction_accuracy_ndcg,loo,random,0.4487464199283684,0.4666666666666667,0.42746884749284464,0.4694637212516869,9.999000099990002e-05,2.561242378937208e-88,2.2398175331335537,349,336,8,5,10000,10000,0.000999900009999
MovieLens-1M,itemknn,sampled_unseen_negatives_with_target,target_margin,primary,primary,direction_accuracy_ndcg,greedy_cf,random,0.26989355121160274,0.3076923076923077,0.2379878932950208,0.3016117201804881,9.999000099990002e-05,1.0842117675868834e-34,0.8913332892743462,349,276,59,14,10000,10000,0.000999900009999
MovieLens-1M,itemknn,sampled_unseen_negatives_with_target,target_margin,primary,primary,top1_precision,shapley_mc,lime,-0.147,0.0,-0.16760500000000003,-0.1264,9.999000099990002e-05,4.3833985590876714e-46,-0.44570062912758207,1000,64,338,598,10000,10000,0.000999900009999
MovieLens-1M,itemknn,sampled_unseen_negatives_with_target,target_margin,primary,primary,top1_precision,shapley_mc,loo,-0.2176,0.0,-0.242,-0.19360000000000002,9.999000099990002e-05,3.8195405993178683e-75,-0.5510606379208511,1000,36,386,578,10000,10000,0.000999900009999
MovieLens-1M,itemknn,sampled_unseen_negatives_with_target,target_margin,primary,primary,top1_precision,shapley_mc,greedy_cf,0.6073999999999999,0.8,0.579,0.636,9.999000099990002e-05,9.930474674746825e-186,1.3311937620733125,1000,742,24,234,10000,10000,0.000999900009999
MovieLens-1M,itemknn,sampled_unseen_negatives_with_target,target_margin,primary,primary,top1_precision,shapley_mc,random,0.6772,0.8,0.6534000000000001,0.7006,9.999000099990002e-05,2.9699472836832887e-200,1.7620374509518275,1000,852,39,109,10000,10000,0.000999900009999
MovieLens-1M,itemknn,sampled_unseen_negatives_with_target,target_margin,primary,primary,top1_precision,lime,loo,-0.07060000000000001,0.0,-0.0858,-0.05539999999999999,9.999000099990002e-05,4.1943123699473555e-27,-0.2844618854366462,1000,29,177,794,10000,10000,0.000999900009999
MovieLens-1M,itemknn,sampled_unseen_negatives_with_target,target_margin,primary,primary,top1_precision,lime,greedy_cf,0.7544000000000001,1.0,0.73,0.7791999999999999,9.999000099990002e-05,8.266649471764637e-235,1.892161927156958,1000,833,8,159,10000,10000,0.000999900009999
MovieLens-1M,itemknn,sampled_unseen_negatives_with_target,target_margin,primary,primary,top1_precision,lime,random,0.8242,1.0,0.806,0.841205,9.999000099990002e-05,1.2266551948534541e-258,2.902130396768949,1000,946,14,40,10000,10000,0.000999900009999
MovieLens-1M,itemknn,sampled_unseen_negatives_with_target,target_margin,primary,primary,top1_precision,loo,greedy_cf,0.825,1.0,0.8,0.849,9.999000099990002e-05,1.3358526886680245e-242,2.1264191388610834,1000,828,3,169,10000,10000,0.000999900009999
MovieLens-1M,itemknn,sampled_unseen_negatives_with_target,target_margin,primary,primary,top1_precision,loo,random,0.8948,1.0,0.8797999999999999,0.909,9.999000099990002e-05,5.385539895112635e-261,3.769482026416653,1000,954,14,32,10000,10000,0.000999900009999
MovieLens-1M,itemknn,sampled_unseen_negatives_with_target,target_margin,primary,primary,top1_precision,greedy_cf,random,0.0698,0.0,0.048995000000000004,0.09100499999999992,9.999000099990002e-05,2.586114992379913e-06,0.20423263614430137,1000,129,217,654,10000,10000,0.000999900009999
MovieLens-1M,itemknn,sampled_unseen_negatives_with_target,target_margin,primary,primary,top3_precision,shapley_mc,lime,-0.09993333333333333,-0.06666666666666665,-0.10959999999999999,-0.09066666666666669,9.999000099990002e-05,3.632486967760559e-81,-0.6611072376001028,1000,80,525,395,10000,10000,0.000999900009999
MovieLens-1M,itemknn,sampled_unseen_negatives_with_target,target_margin,primary,primary,top3_precision,shapley_mc,loo,-0.1468666666666667,-0.06666666666666676,-0.15866666666666668,-0.13546500000000006,9.999000099990002e-05,4.829821100939758e-124,-0.7868042490314036,1000,37,571,392,10000,10000,0.000999900009999
MovieLens-1M,itemknn,sampled_unseen_negatives_with_target,target_margin,primary,primary,top3_precision,shapley_mc,greedy_cf,0.5237999999999999,0.5999999999999999,0.5046666666666667,0.5422016666666667,9.999000099990002e-05,1.5046357936093013e-241,1.7222080288537442,1000,893,15,92,10000,10000,0.000999900009999
MovieLens-1M,itemknn,sampled_unseen_negatives_with_target,target_margin,primary,primary,top3_precision,shapley_mc,random,0.655,0.6666666666666666,0.6420666666666667,0.6676666666666666,9.999000099990002e-05,3.110894301402977e-293,3.2039177397329013,1000,997,3,0,10000,10000,0.000999900009999
MovieLens-1M,itemknn,sampled_unseen_negatives_with_target,target_margin,primary,primary,top3_precision,lime,loo,-0.046933333333333355,0.0,-0.05393333333333337,-0.03986666666666669,9.999000099990002e-05,1.3320888008990339e-45,-0.4164848460818792,1000,49,302,649,10000,10000,0.000999900009999
MovieLens-1M,itemknn,sampled_unseen_negatives_with_target,target_margin,primary,primary,top3_precision,lime,greedy_cf,0.6237333333333333,0.6666666666666667,0.6053999999999999,0.6423333333333333,9.999000099990002e-05,1.1972883360301078e-278,2.0757526678115954,1000,941,2,57,10000,10000,0.000999900009999
MovieLens-1M,itemknn,sampled_unseen_negatives_with_target,target_margin,primary,primary,top3_precision,lime,random,0.7549333333333333,0.8,0.7453333333333334,0.7647333333333334,9.999000099990002e-05,1.8665272370064378e-301,4.767983235889311,1000,1000,0,0,10000,10000,0.000999900009999
MovieLens-1M,itemknn,sampled_unseen_negatives_with_target,target_margin,primary,primary,top3_precision,loo,greedy_cf,0.6706666666666667,0.6666666666666667,0.6513333333333333,0.6896666666666667,9.999000099990002e-05,2.151959390479123e-283,2.1917540349185805,1000,940,0,60,10000,10000,0.000999900009999
MovieLens-1M,itemknn,sampled_unseen_negatives_with_target,target_margin,primary,primary,top3_precision,loo,random,0.8018666666666668,0.8,0.7930650000000001,0.8106000000000001,9.999000099990002e-05,1.8665272370064378e-301,5.599672569079949,1000,1000,0,0,10000,10000,0.000999900009999
MovieLens-1M,itemknn,sampled_unseen_negatives_with_target,target_margin,primary,primary,top3_precision,greedy_cf,random,0.13119999999999998,0.1333333333333333,0.11233333333333334,0.14993333333333334,9.999000099990002e-05,2.3177352714619644e-08,0.4430735326524727,1000,563,390,47,10000,10000,0.000999900009999
MovieLens-1M,itemknn,sampled_unseen_negatives_with_target,target_margin,primary,primary,top5_precision,shapley_mc,lime,-0.07091999999999998,-0.040000000000000036,-0.07768000000000001,-0.06391999999999999,9.999000099990002e-05,4.0619056397777803e-75,-0.6349470317876724,1000,108,563,329,10000,10000,0.000999900009999
MovieLens-1M,itemknn,sampled_unseen_negatives_with_target,target_margin,primary,primary,top5_precision,shapley_mc,loo,-0.11475999999999999,-0.08000000000000007,-0.12323999999999999,-0.106279,9.999000099990002e-05,1.1843142839658098e-132,-0.85162450506783,1000,42,619,339,10000,10000,0.000999900009999
MovieLens-1M,itemknn,sampled_unseen_negatives_with_target,target_margin,primary,primary,top5_precision,shapley_mc,greedy_cf,0.45749,0.4,0.44043925,0.4748605,9.999000099990002e-05,5.435852660413484e-246,1.6541852148595426,1000,918,17,65,10000,10000,0.000999900009999
MovieLens-1M,itemknn,sampled_unseen_negatives_with_target,target_margin,primary,primary,top5_precision,shapley_mc,random,0.5796666666666667,0.6,0.5692966666666667,0.5896205,9.999000099990002e-05,1.8683937642434442e-298,3.548409341497172,1000,999,1,0,10000,10000,0.000999900009999
MovieLens-1M,itemknn,sampled_unseen_negatives_with_target,target_margin,primary,primary,top5_precision,lime,loo,-0.043840000000000004,0.0,-0.04923999999999999,-0.038520000000000006,9.999000099990002e-05,1.0739494306190791e-63,-0.5011117634396569,1000,60,404,536,10000,10000,0.000999900009999
MovieLens-1M,itemknn,sampled_unseen_negatives_with_target,target_margin,primary,primary,top5_precision,lime,greedy_cf,0.5284099999999999,0.6,0.5110395,0.54577,9.999000099990002e-05,1.3923167127640058e-264,1.8671210948965482,1000,939,9,52,10000,10000,0.000999900009999
MovieLens-1M,itemknn,sampled_unseen_negatives_with_target,target_margin,primary,primary,top5_precision,lime,random,0.6505866666666666,0.6799999999999999,0.6417631666666667,0.65919,9.999000099990002e-05,1.8665272370064378e-301,4.560200790818676,1000,1000,0,0,10000,10000,0.000999900009999
MovieLens-1M,itemknn,sampled_unseen_negatives_with_target,target_margin,primary,primary,top5_precision,loo,greedy_cf,0.57225,0.6,0.5542999999999999,0.59025,9.999000099990002e-05,6.361729948103908e-282,1.9609842576158294,1000,944,1,55,10000,10000,0.000999900009999
MovieLens-1M,itemknn,sampled_unseen_negatives_with_target,target_margin,primary,primary,top5_precision,loo,random,0.6944266666666666,0.72,0.6861056666666665,0.7025036666666667,9.999000099990002e-05,1.8665272370064378e-301,5.2056336143104,1000,1000,0,0,10000,10000,0.000999900009999
MovieLens-1M,itemknn,sampled_unseen_negatives_with_target,target_margin,primary,primary,top5_precision,greedy_cf,random,0.12217666666666668,0.12000000000000005,0.10549991666666667,0.13875008333333336,9.999000099990002e-05,1.6941844073308517e-19,0.44381817406545926,1000,620,341,39,10000,10000,0.000999900009999
MovieLens-1M,itemknn,sampled_unseen_negatives_with_target,target_margin,primary,primary,joint_effect_primary,shapley_mc,lime,-5.9994379157101056e-05,0.0,-6.973617433111677e-05,-5.010609417087436e-05,9.999000099990002e-05,9.539181992111233e-62,-0.3737152553489134,1000,79,440,481,10000,10000,0.000999900009999
MovieLens-1M,itemknn,sampled_unseen_negatives_with_target,target_margin,primary,primary,joint_effect_primary,shapley_mc,loo,-6.683482512331968e-05,0.0,-7.71693255468144e-05,-5.645190561692175e-05,9.999000099990002e-05,1.6514416790281708e-92,-0.40081071759382725,1000,48,487,465,10000,10000,0.000999900009999
MovieLens-1M,itemknn,sampled_unseen_negatives_with_target,target_margin,primary,primary,joint_effect_primary,shapley_mc,greedy_cf,0.002129414773147452,0.0019350541209529558,0.00203573036660485,0.002224977037454976,9.999000099990002e-05,2.1324406232315345e-237,1.3965540192800583,1000,921,24,55,10000,10000,0.000999900009999
MovieLens-1M,itemknn,sampled_unseen_negatives_with_target,target_margin,primary,primary,joint_effect_primary,shapley_mc,random,0.0024353140446635667,0.0022475648296853,0.0023559484266321706,0.0025188059285138715,9.999000099990002e-05,1.8683937642434442e-298,1.8641746667434431,1000,999,1,0,10000,10000,0.000999900009999
MovieLens-1M,itemknn,sampled_unseen_negatives_with_target,target_margin,primary,primary,joint_effect_primary,lime,loo,-6.840445966218623e-06,0.0,-9.210006221291333e-06,-4.3169004207811265e-06,9.999000099990002e-05,2.0932617188335556e-32,-0.17393013829697548,1000,53,253,694,10000,10000,0.000999900009999
MovieLens-1M,itemknn,sampled_unseen_negatives_with_target,target_margin,primary,primary,joint_effect_primary,lime,greedy_cf,0.0021894091523045533,0.0020020821551748834,0.0020949108280642593,0.002284753829064968,9.999000099990002e-05,6.577158589639976e-264,1.441780576302151,1000,925,7,68,10000,10000,0.000999900009999
MovieLens-1M,itemknn,sampled_unseen_negatives_with_target,target_margin,primary,primary,joint_effect_primary,lime,random,0.002495308423820668,0.0023100485412464785,0.002417154484786622,0.002573462571444262,9.999000099990002e-05,1.8665272370064378e-301,1.9531881021950765,1000,1000,0,0,10000,10000,0.000999900009999
MovieLens-1M,itemknn,sampled_unseen_negatives_with_target,target_margin,primary,primary,joint_effect_primary,loo,greedy_cf,0.0021962495982707714,0.0019952541743016305,0.002102766130915055,0.0022924757876196197,9.999000099990002e-05,7.582680192347298e-274,1.4444233699239406,1000,925,2,73,10000,10000,0.000999900009999
MovieLens-1M,itemknn,sampled_unseen_negatives_with_target,target_margin,primary,primary,joint_effect_primary,loo,random,0.0025021488697868867,0.002311329105504201,0.002425442422147786,0.002583688700412515,9.999000099990002e-05,1.8665272370064378e-301,1.963767467739272,1000,1000,0,0,10000,10000,0.000999900009999
MovieLens-1M,itemknn,sampled_unseen_negatives_with_target,target_margin,primary,primary,joint_effect_primary,greedy_cf,random,0.00030589927151611454,0.00011467143381931887,0.00019601700762627333,0.0004194488893127148,9.999000099990002e-05,0.07141392352782605,0.16992438658946468,1000,529,471,0,10000,10000,0.000999900009999
MovieLens-1M,itemknn,sampled_unseen_negatives_with_target,target_margin,primary,primary,joint_effect_ndcg,shapley_mc,lime,-0.002266723507661616,0.0,-0.003997019837786555,-0.0007180059433718846,0.0047995200479952005,0.00337223333414807,-0.08535032634627295,1000,24,50,926,10000,10000,0.014398560143985602
MovieLens-1M,itemknn,sampled_unseen_negatives_with_target,target_margin,primary,primary,joint_effect_ndcg,shapley_mc,loo,-0.0028679911847008695,0.0,-0.005120781273378423,-0.0008083375947176535,0.0059994000599940004,0.0002564885942369215,-0.08468661252484411,1000,21,53,926,10000,10000,0.014398560143985602
MovieLens-1M,itemknn,sampled_unseen_negatives_with_target,target_margin,primary,primary,joint_effect_ndcg,shapley_mc,greedy_cf,0.034426411414571374,0.0,0.02874485295151244,0.04009325471977351,9.999000099990002e-05,2.690012041389119e-63,0.374208686739881,1000,241,6,753,10000,10000,0.000999900009999
MovieLens-1M,itemknn,sampled_unseen_negatives_with_target,target_margin,primary,primary,joint_effect_ndcg,shapley_mc,random,0.041267685126348826,0.0,0.03599247923934633,0.04670738727826151,9.999000099990002e-05,3.405803821380855e-89,0.4839962660781898,1000,352,11,637,10000,10000,0.000999900009999
MovieLens-1M,itemknn,sampled_unseen_negatives_with_target,target_margin,primary,primary,joint_effect_ndcg,lime,loo,-0.0006012676770392538,0.0,-0.0018759216093633777,0.0005951859735864955,0.3631636836316368,0.14330665429588407,-0.030221574757497684,1000,14,24,962,10000,10000,0.3631636836316368
MovieLens-1M,itemknn,sampled_unseen_negatives_with_target,target_margin,primary,primary,joint_effect_ndcg,lime,greedy_cf,0.036693134922232994,0.0,0.031064134338440387,0.04245879000828984,9.999000099990002e-05,1.8524373265747595e-64,0.3886682943128795,1000,245,6,749,10000,10000,0.000999900009999
MovieLens-1M,itemknn,sampled_unseen_negatives_with_target,target_margin,primary,primary,joint_effect_ndcg,lime,random,0.04353440863401043,0.0,0.03816885300778541,0.04911464688327219,9.999000099990002e-05,3.796381262692621e-92,0.4963943290294069,1000,358,10,632,10000,10000,0.000999900009999
MovieLens-1M,itemknn,sampled_unseen_negatives_with_target,target_margin,primary,primary,joint_effect_ndcg,loo,greedy_cf,0.03729440259927225,0.0,0.03153371904502241,0.04332277226733288,9.999000099990002e-05,2.550117333197226e-64,0.39037516410002643,1000,240,5,755,10000,10000,0.000999900009999
MovieLens-1M,itemknn,sampled_unseen_negatives_with_target,target_margin,primary,primary,joint_effect_ndcg,loo,random,0.044135676311049685,0.0,0.038559558624289926,0.04976172727522997,9.999000099990002e-05,1.9596760345326123e-87,0.4918219021562565,1000,354,13,633,10000,10000,0.000999900009999
MovieLens-1M,itemknn,sampled_unseen_negatives_with_target,target_margin,primary,primary,joint_effect_ndcg,greedy_cf,random,0.00684127371177744,0.0,0.002439953979002278,0.011322158748177455,0.0022997700229977,0.03488167417254679,0.09587603541591033,1000,182,143,675,10000,10000,0.0091990800919908
MovieLens-1M,itemknn,sampled_unseen_negatives_with_target,target_margin,primary,primary,joint_effect_target_margin,shapley_mc,lime,-5.9994379157101056e-05,0.0,-7.033642978614442e-05,-5.015769463605373e-05,9.999000099990002e-05,9.539181992111233e-62,-0.3737152553489134,1000,79,440,481,10000,10000,0.000999900009999
MovieLens-1M,itemknn,sampled_unseen_negatives_with_target,target_margin,primary,primary,joint_effect_target_margin,shapley_mc,loo,-6.683482512331968e-05,0.0,-7.704428339675144e-05,-5.6696273962190425e-05,9.999000099990002e-05,1.6514416790281708e-92,-0.40081071759382725,1000,48,487,465,10000,10000,0.000999900009999
MovieLens-1M,itemknn,sampled_unseen_negatives_with_target,target_margin,primary,primary,joint_effect_target_margin,shapley_mc,greedy_cf,0.002129414773147452,0.0019350541209529558,0.002036421887052198,0.0022226267309442553,9.999000099990002e-05,2.1324406232315345e-237,1.3965540192800583,1000,921,24,55,10000,10000,0.000999900009999
MovieLens-1M,itemknn,sampled_unseen_negatives_with_target,target_margin,primary,primary,joint_effect_target_margin,shapley_mc,random,0.0024353140446635667,0.0022475648296853,0.002356646279424766,0.0025197169716405527,9.999000099990002e-05,1.8683937642434442e-298,1.8641746667434431,1000,999,1,0,10000,10000,0.000999900009999
MovieLens-1M,itemknn,sampled_unseen_negatives_with_target,target_margin,primary,primary,joint_effect_target_margin,lime,loo,-6.840445966218623e-06,0.0,-9.24420559150897e-06,-4.320286852159957e-06,9.999000099990002e-05,2.0932617188335556e-32,-0.17393013829697548,1000,53,253,694,10000,10000,0.000999900009999
MovieLens-1M,itemknn,sampled_unseen_negatives_with_target,target_margin,primary,primary,joint_effect_target_margin,lime,greedy_cf,0.0021894091523045533,0.0020020821551748834,0.0020959186815207717,0.0022838544636773757,9.999000099990002e-05,6.577158589639976e-264,1.441780576302151,1000,925,7,68,10000,10000,0.000999900009999
MovieLens-1M,itemknn,sampled_unseen_negatives_with_target,target_margin,primary,primary,joint_effect_target_margin,lime,random,0.002495308423820668,0.0023100485412464785,0.002418164735199702,0.0025757860450110787,9.999000099990002e-05,1.8665272370064378e-301,1.9531881021950765,1000,1000,0,0,10000,10000,0.000999900009999
MovieLens-1M,itemknn,sampled_unseen_negatives_with_target,target_margin,primary,primary,joint_effect_target_margin,loo,greedy_cf,0.0021962495982707714,0.0019952541743016305,0.002101803858877179,0.002293174821757194,9.999000099990002e-05,7.582680192347298e-274,1.4444233699239406,1000,925,2,73,10000,10000,0.000999900009999
MovieLens-1M,itemknn,sampled_unseen_negatives_with_target,target_margin,primary,primary,joint_effect_target_margin,loo,random,0.0025021488697868867,0.002311329105504201,0.002425351897316711,0.002580968048153482,9.999000099990002e-05,1.8665272370064378e-301,1.963767467739272,1000,1000,0,0,10000,10000,0.000999900009999
MovieLens-1M,itemknn,sampled_unseen_negatives_with_target,target_margin,primary,primary,joint_effect_target_margin,greedy_cf,random,0.00030589927151611454,0.00011467143381931887,0.00019721414791479497,0.00041969860135544903,9.999000099990002e-05,0.07141392352782605,0.16992438658946468,1000,529,471,0,10000,10000,0.000999900009999
MovieLens-1M,itemknn,sampled_unseen_negatives_with_target,target_margin,primary,primary,intervention_success,shapley_mc,lime,-0.0003999999999999999,0.0,-0.0009999999999999998,0.0,0.5027497250274973,0.5,-0.0447437594309646,1000,0,2,998,10000,10000,1.0
MovieLens-1M,itemknn,sampled_unseen_negatives_with_target,target_margin,primary,primary,intervention_success,shapley_mc,loo,-0.0003999999999999999,0.0,-0.0009999999999999998,0.0,0.5026497350264973,0.5,-0.0447437594309646,1000,0,2,998,10000,10000,1.0
MovieLens-1M,itemknn,sampled_unseen_negatives_with_target,target_margin,primary,primary,intervention_success,shapley_mc,greedy_cf,0.48760000000000003,0.0,0.4568,0.518,9.999000099990002e-05,2.5026038689788762e-147,0.9756371521295305,1000,488,0,512,10000,10000,0.000999900009999
MovieLens-1M,itemknn,sampled_unseen_negatives_with_target,target_margin,primary,primary,intervention_success,shapley_mc,random,0.5122000000000001,0.6,0.49760000000000004,0.5264,9.999000099990002e-05,6.413338752028713e-291,2.194715980196525,1000,965,0,35,10000,10000,0.000999900009999
MovieLens-1M,itemknn,sampled_unseen_negatives_with_target,target_margin,primary,primary,intervention_success,lime,loo,0.0,0.0,0.0,0.0,1.0,1.0,0.0,1000,0,0,1000,10000,10000,1.0
MovieLens-1M,itemknn,sampled_unseen_negatives_with_target,target_margin,primary,primary,intervention_success,lime,greedy_cf,0.488,0.0,0.457,0.519,9.999000099990002e-05,2.5026038689788762e-147,0.9757929467873805,1000,488,0,512,10000,10000,0.000999900009999
MovieLens-1M,itemknn,sampled_unseen_negatives_with_target,target_margin,primary,primary,intervention_success,lime,random,0.5126000000000001,0.6,0.4982,0.527,9.999000099990002e-05,6.413338752028713e-291,2.1934070247110022,1000,965,0,35,10000,10000,0.000999900009999
MovieLens-1M,itemknn,sampled_unseen_negatives_with_target,target_margin,primary,primary,intervention_success,loo,greedy_cf,0.488,0.0,0.456,0.519,9.999000099990002e-05,2.5026038689788762e-147,0.9757929467873805,1000,488,0,512,10000,10000,0.000999900009999
MovieLens-1M,itemknn,sampled_unseen_negatives_with_target,target_margin,primary,primary,intervention_success,loo,random,0.5126000000000001,0.6,0.498,0.527,9.999000099990002e-05,6.413338752028713e-291,2.1934070247110022,1000,965,0,35,10000,10000,0.000999900009999
MovieLens-1M,itemknn,sampled_unseen_negatives_with_target,target_margin,primary,primary,intervention_success,greedy_cf,random,0.024599999999999993,0.09999999999999998,-0.012399999999999998,0.060200000000000004,0.1777822217778222,0.33517988856965836,0.042626705173471315,1000,500,469,31,10000,10000,0.7111288871112889
MovieLens-1M,itemknn,sampled_unseen_negatives_with_target,target_margin,primary,primary,abstention,shapley_mc,lime,0.0,0.0,0.0,0.0,1.0,1.0,0.0,1000,0,0,1000,10000,10000,1.0
MovieLens-1M,itemknn,sampled_unseen_negatives_with_target,target_margin,primary,primary,abstention,shapley_mc,loo,0.0,0.0,0.0,0.0,1.0,1.0,0.0,1000,0,0,1000,10000,10000,1.0
MovieLens-1M,itemknn,sampled_unseen_negatives_with_target,target_margin,primary,primary,abstention,shapley_mc,greedy_cf,0.0,0.0,0.0,0.0,1.0,1.0,0.0,1000,0,0,1000,10000,10000,1.0
MovieLens-1M,itemknn,sampled_unseen_negatives_with_target,target_margin,primary,primary,abstention,shapley_mc,random,-0.0004,0.0,-0.001,0.0,0.4988501149885011,0.5,-0.044743759430964584,1000,0,2,998,10000,10000,1.0
MovieLens-1M,itemknn,sampled_unseen_negatives_with_target,target_margin,primary,primary,abstention,lime,loo,0.0,0.0,0.0,0.0,1.0,1.0,0.0,1000,0,0,1000,10000,10000,1.0
MovieLens-1M,itemknn,sampled_unseen_negatives_with_target,target_margin,primary,primary,abstention,lime,greedy_cf,0.0,0.0,0.0,0.0,1.0,1.0,0.0,1000,0,0,1000,10000,10000,1.0
MovieLens-1M,itemknn,sampled_unseen_negatives_with_target,target_margin,primary,primary,abstention,lime,random,-0.0004,0.0,-0.001,0.0,0.5044495550444955,0.5,-0.044743759430964584,1000,0,2,998,10000,10000,1.0
MovieLens-1M,itemknn,sampled_unseen_negatives_with_target,target_margin,primary,primary,abstention,loo,greedy_cf,0.0,0.0,0.0,0.0,1.0,1.0,0.0,1000,0,0,1000,10000,10000,1.0
MovieLens-1M,itemknn,sampled_unseen_negatives_with_target,target_margin,primary,primary,abstention,loo,random,-0.0004,0.0,-0.001,0.0,0.5153484651534846,0.5,-0.044743759430964584,1000,0,2,998,10000,10000,1.0
MovieLens-1M,itemknn,sampled_unseen_negatives_with_target,target_margin,primary,primary,abstention,greedy_cf,random,-0.0004,0.0,-0.001,0.0,0.49945005499450057,0.5,-0.044743759430964584,1000,0,2,998,10000,10000,1.0
MovieLens-1M,itemknn,sampled_unseen_negatives_with_target,target_margin,primary,primary,joint_regret_primary,shapley_mc,lime,5.9994379157100866e-05,0.0,5.006250151659379e-05,6.966195741245282e-05,9.999000099990002e-05,9.539181992111233e-62,0.3737152553489126,1000,440,79,481,10000,10000,0.000999900009999
MovieLens-1M,itemknn,sampled_unseen_negatives_with_target,target_margin,primary,primary,joint_regret_primary,shapley_mc,loo,6.683482512331942e-05,0.0,5.644221787631593e-05,7.713488619576956e-05,9.999000099990002e-05,1.6514416790281708e-92,0.400810717593826,1000,487,48,465,10000,10000,0.000999900009999
MovieLens-1M,itemknn,sampled_unseen_negatives_with_target,target_margin,primary,primary,joint_regret_primary,shapley_mc,greedy_cf,-0.002129414773147451,-0.0019350541209529558,-0.0022277166751353966,-0.0020365461331122337,9.999000099990002e-05,2.1324406232315345e-237,-1.3965540192800574,1000,24,921,55,10000,10000,0.000999900009999
MovieLens-1M,itemknn,sampled_unseen_negatives_with_target,target_margin,primary,primary,joint_regret_primary,shapley_mc,random,-0.0024353140446635654,-0.0022475648296853,-0.00251839075388386,-0.0023566594985360957,9.999000099990002e-05,1.8683937642434442e-298,-1.8641746667434418,1000,1,999,0,10000,10000,0.000999900009999
MovieLens-1M,itemknn,sampled_unseen_negatives_with_target,target_margin,primary,primary,joint_regret_primary,lime,loo,6.8404459662185555e-06,0.0,4.337904778372395e-06,9.189272396847323e-06,9.999000099990002e-05,2.0932617188335556e-32,0.17393013829697432,1000,253,53,694,10000,10000,0.000999900009999
MovieLens-1M,itemknn,sampled_unseen_negatives_with_target,target_margin,primary,primary,joint_regret_primary,lime,greedy_cf,-0.0021894091523045524,-0.0020020821551748834,-0.0022849420801836686,-0.002096534308212664,9.999000099990002e-05,6.577158589639976e-264,-1.4417805763021503,1000,7,925,68,10000,10000,0.000999900009999
MovieLens-1M,itemknn,sampled_unseen_negatives_with_target,target_margin,primary,primary,joint_regret_primary,lime,random,-0.002495308423820667,-0.0023100485412464785,-0.0025753552641936007,-0.0024178632162059955,9.999000099990002e-05,1.8665272370064378e-301,-1.9531881021950752,1000,0,1000,0,10000,10000,0.000999900009999
MovieLens-1M,itemknn,sampled_unseen_negatives_with_target,target_margin,primary,primary,joint_regret_primary,loo,greedy_cf,-0.0021962495982707705,-0.0019952541743016305,-0.0022928224711143085,-0.0021039593639398985,9.999000099990002e-05,7.582680192347298e-274,-1.4444233699239395,1000,2,925,73,10000,10000,0.000999900009999
MovieLens-1M,itemknn,sampled_unseen_negatives_with_target,target_margin,primary,primary,joint_regret_primary,loo,random,-0.0025021488697868854,-0.002311329105504201,-0.0025826492242737634,-0.0024269987335076284,9.999000099990002e-05,1.8665272370064378e-301,-1.9637674677392705,1000,0,1000,0,10000,10000,0.000999900009999
MovieLens-1M,itemknn,sampled_unseen_negatives_with_target,target_margin,primary,primary,joint_regret_primary,greedy_cf,random,-0.0003058992715161145,-0.0001146714338193189,-0.0004165250607680575,-0.00019517258596350764,9.999000099990002e-05,0.07141392352782605,-0.16992438658946468,1000,471,529,0,10000,10000,0.000999900009999
MovieLens-1M,itemknn,sampled_unseen_negatives_with_target,target_margin,primary,primary,normalized_regret_primary,shapley_mc,lime,0.03549539066636306,0.0,0.030203245519800467,0.04107917903005066,9.999000099990002e-05,9.539181992111233e-62,0.4041339137364569,1000,440,79,481,10000,10000,0.000999900009999
MovieLens-1M,itemknn,sampled_unseen_negatives_with_target,target_margin,primary,primary,normalized_regret_primary,shapley_mc,loo,0.03939620600723684,0.0,0.03382259463587193,0.04527691949078122,9.999000099990002e-05,1.6514416790281708e-92,0.4248662799298489,1000,487,48,465,10000,10000,0.000999900009999
MovieLens-1M,itemknn,sampled_unseen_negatives_with_target,target_margin,primary,primary,normalized_regret_primary,shapley_mc,greedy_cf,-0.9430679179958188,-0.9146793126842032,-0.9790557661215439,-0.9072163927002688,9.999000099990002e-05,2.1324406232315345e-237,-1.6157492659098454,1000,24,921,55,10000,10000,0.000999900009999
MovieLens-1M,itemknn,sampled_unseen_negatives_with_target,target_margin,primary,primary,normalized_regret_primary,shapley_mc,random,-0.9854262166690703,-0.9919662896300312,-0.9997654749379328,-0.9710704682311654,9.999000099990002e-05,1.8683937642434442e-298,-4.24818580319632,1000,1,999,0,10000,10000,0.000999900009999
MovieLens-1M,itemknn,sampled_unseen_negatives_with_target,target_margin,primary,primary,normalized_regret_primary,lime,loo,0.003900815340873783,0.0,0.002319122065401322,0.005415074161372698,9.999000099990002e-05,2.0932617188335556e-32,0.15891468361524078,1000,253,53,694,10000,10000,0.000999900009999
MovieLens-1M,itemknn,sampled_unseen_negatives_with_target,target_margin,primary,primary,normalized_regret_primary,lime,greedy_cf,-0.9785633086621819,-0.9622633320398978,-1.0148877217105399,-0.9416542774000433,9.999000099990002e-05,6.577158589639976e-264,-1.6535936313749955,1000,7,925,68,10000,10000,0.000999900009999
MovieLens-1M,itemknn,sampled_unseen_negatives_with_target,target_margin,primary,primary,normalized_regret_primary,lime,random,-1.0209216073354332,-1.0202423205650633,-1.0342445735148544,-1.0077866918311529,9.999000099990002e-05,1.8665272370064378e-301,-4.700234974488031,1000,0,1000,0,10000,10000,0.000999900009999
MovieLens-1M,itemknn,sampled_unseen_negatives_with_target,target_margin,primary,primary,normalized_regret_primary,loo,greedy_cf,-0.9824641240030555,-0.9680357215372806,-1.018548861289122,-0.9459187017971213,9.999000099990002e-05,7.582680192347298e-274,-1.6531855643858682,1000,2,925,73,10000,10000,0.000999900009999
MovieLens-1M,itemknn,sampled_unseen_negatives_with_target,target_margin,primary,primary,normalized_regret_primary,loo,random,-1.0248224226763072,-1.0219746506136058,-1.037889143072039,-1.0113351105693844,9.999000099990002e-05,1.8665272370064378e-301,-4.740149632589216,1000,0,1000,0,10000,10000,0.000999900009999
MovieLens-1M,itemknn,sampled_unseen_negatives_with_target,target_margin,primary,primary,normalized_regret_primary,greedy_cf,random,-0.04235829867325157,-0.06512852627936627,-0.07993680947867586,-0.0037387775231923024,0.033596640335966405,0.07141392352782605,-0.06782259946956468,1000,471,529,0,10000,10000,0.033596640335966405
MovieLens-1M,itemknn,sampled_unseen_negatives_with_target,target_margin,primary,primary,joint_regret_ndcg,shapley_mc,lime,0.002266723507661616,0.0,0.0006739168425645873,0.003973516487403648,0.0065993400659934,0.00337223333414807,0.08535032634627295,1000,50,24,926,10000,10000,0.0161983801619838
MovieLens-1M,itemknn,sampled_unseen_negatives_with_target,target_margin,primary,primary,joint_regret_ndcg,shapley_mc,loo,0.0028679911847008695,0.0,0.0008679554543212552,0.005062593211323097,0.0053994600539946005,0.0002564885942369215,0.08468661252484411,1000,53,21,926,10000,10000,0.0161983801619838
MovieLens-1M,itemknn,sampled_unseen_negatives_with_target,target_margin,primary,primary,joint_regret_ndcg,shapley_mc,greedy_cf,-0.034426411414571374,0.0,-0.040178754556587024,-0.02886874827697565,9.999000099990002e-05,2.690012041389119e-63,-0.374208686739881,1000,6,241,753,10000,10000,0.000999900009999
MovieLens-1M,itemknn,sampled_unseen_negatives_with_target,target_margin,primary,primary,joint_regret_ndcg,shapley_mc,random,-0.041267685126348826,0.0,-0.04649700547785468,-0.03614058967254688,9.999000099990002e-05,3.405803821380855e-89,-0.4839962660781898,1000,11,352,637,10000,10000,0.000999900009999
MovieLens-1M,itemknn,sampled_unseen_negatives_with_target,target_margin,primary,primary,joint_regret_ndcg,lime,loo,0.000601267677039254,0.0,-0.0005970146322870154,0.0018355795285201252,0.35336466353364665,0.14330665429588407,0.030221574757497694,1000,24,14,962,10000,10000,0.35336466353364665
MovieLens-1M,itemknn,sampled_unseen_negatives_with_target,target_margin,primary,primary,joint_regret_ndcg,lime,greedy_cf,-0.036693134922232994,0.0,-0.04263936267943113,-0.030980269045796757,9.999000099990002e-05,1.8524373265747595e-64,-0.3886682943128795,1000,6,245,749,10000,10000,0.000999900009999
MovieLens-1M,itemknn,sampled_unseen_negatives_with_target,target_margin,primary,primary,joint_regret_ndcg,lime,random,-0.04353440863401043,0.0,-0.04911436188436792,-0.03815008084150522,9.999000099990002e-05,3.796381262692621e-92,-0.4963943290294069,1000,10,358,632,10000,10000,0.000999900009999
MovieLens-1M,itemknn,sampled_unseen_negatives_with_target,target_margin,primary,primary,joint_regret_ndcg,loo,greedy_cf,-0.03729440259927225,0.0,-0.04320446584899843,-0.03144536915865164,9.999000099990002e-05,2.550117333197226e-64,-0.39037516410002643,1000,5,240,755,10000,10000,0.000999900009999
MovieLens-1M,itemknn,sampled_unseen_negatives_with_target,target_margin,primary,primary,joint_regret_ndcg,loo,random,-0.04413567631104969,0.0,-0.04978456764728828,-0.03873949386825903,9.999000099990002e-05,1.9596760345326123e-87,-0.49182190215625654,1000,13,354,633,10000,10000,0.000999900009999
MovieLens-1M,itemknn,sampled_unseen_negatives_with_target,target_margin,primary,primary,joint_regret_ndcg,greedy_cf,random,-0.006841273711777441,0.0,-0.011318451284570825,-0.002434456971483032,0.0021997800219978004,0.03488167417254679,-0.09587603541591035,1000,143,182,675,10000,10000,0.008799120087991202
MovieLens-1M,itemknn,sampled_unseen_negatives_with_target,target_margin,primary,primary,normalized_regret_ndcg,shapley_mc,lime,0.04206593219267363,0.0,0.01731669254907113,0.06769706779135601,0.0015998400159984002,0.00337223333414807,0.17361510136235833,339,50,24,265,10000,10000,0.006399360063993601
MovieLens-1M,itemknn,sampled_unseen_negatives_with_target,target_margin,primary,primary,normalized_regret_ndcg,shapley_mc,loo,0.05011659081834848,0.0,0.019027190985862946,0.08184668874004578,0.0016998300169983002,0.0002564885942369215,0.16937760159177329,339,53,21,265,10000,10000,0.006399360063993601
MovieLens-1M,itemknn,sampled_unseen_negatives_with_target,target_margin,primary,primary,normalized_regret_ndcg,shapley_mc,greedy_cf,-1.2035415112441714,-0.6,-1.6264828265453442,-0.8482010616900969,9.999000099990002e-05,2.2924342357956145e-58,-0.33373626415311564,339,6,224,109,10000,10000,0.000999900009999
MovieLens-1M,itemknn,sampled_unseen_negatives_with_target,target_margin,primary,primary,normalized_regret_ndcg,shapley_mc,random,-1.1779966786433578,-0.8,-1.4312246395101655,-0.9609513782606317,9.999000099990002e-05,5.304098400432945e-76,-0.5221335986935365,339,11,306,22,10000,10000,0.000999900009999
MovieLens-1M,itemknn,sampled_unseen_negatives_with_target,target_margin,primary,primary,normalized_regret_ndcg,lime,loo,0.008050658625674846,0.0,-0.011195923133791101,0.025844930677465884,0.39836016398360163,0.14330665429588407,0.04710885554519338,339,24,14,301,10000,10000,0.7967203279672033
MovieLens-1M,itemknn,sampled_unseen_negatives_with_target,target_margin,primary,primary,normalized_regret_ndcg,lime,greedy_cf,-1.2456074434368452,-0.7381404928570849,-1.6561027820989218,-0.8909941370494663,9.999000099990002e-05,1.5899781865937356e-59,-0.34533941846744054,339,6,228,105,10000,10000,0.000999900009999
MovieLens-1M,itemknn,sampled_unseen_negatives_with_target,target_margin,primary,primary,normalized_regret_ndcg,lime,random,-1.2200626108360315,-0.8063251306049299,-1.4736032015365714,-0.9952415254371859,9.999000099990002e-05,6.933002024124676e-79,-0.5432091697615133,339,10,312,17,10000,10000,0.000999900009999
MovieLens-1M,itemknn,sampled_unseen_negatives_with_target,target_margin,primary,primary,normalized_regret_ndcg,loo,greedy_cf,-1.25365810206252,-0.7496991937535333,-1.6572665194585978,-0.8954877469424203,9.999000099990002e-05,2.3295266446696442e-59,-0.3461045736603769,339,5,223,111,10000,10000,0.000999900009999
MovieLens-1M,itemknn,sampled_unseen_negatives_with_target,target_margin,primary,primary,normalized_regret_ndcg,loo,random,-1.2281132694617063,-0.8079494864421746,-1.4809759042662214,-1.002695693751895,9.999000099990002e-05,2.3570037199431434e-74,-0.5427121716795343,339,13,308,18,10000,10000,0.000999900009999
MovieLens-1M,itemknn,sampled_unseen_negatives_with_target,target_margin,primary,primary,normalized_regret_ndcg,greedy_cf,random,0.025544832600813503,0.0,-0.2720765978313312,0.3421072494561799,0.8724127587241276,0.1491647696916759,0.008880594699057318,339,126,151,62,10000,10000,0.8724127587241276
MovieLens-1M,itemknn,sampled_unseen_negatives_with_target,target_margin,primary,primary,intervention_success_ndcg,shapley_mc,lime,-0.013399999999999999,0.0,-0.022004999999999993,-0.005,0.0021997800219978004,0.005401572654591291,-0.09742077612814358,1000,12,31,957,10000,10000,0.006599340065993401
MovieLens-1M,itemknn,sampled_unseen_negatives_with_target,target_margin,primary,primary,intervention_success_ndcg,shapley_mc,loo,-0.0148,0.0,-0.0248,-0.005,0.0024997500249975004,0.003657766827927844,-0.0922719686807408,1000,12,32,956,10000,10000,0.006599340065993401
MovieLens-1M,itemknn,sampled_unseen_negatives_with_target,target_margin,primary,primary,intervention_success_ndcg,shapley_mc,greedy_cf,0.1712,0.0,0.148,0.195,9.999000099990002e-05,3.546502978357198e-52,0.455035818039253,1000,184,2,814,10000,10000,0.000999900009999
MovieLens-1M,itemknn,sampled_unseen_negatives_with_target,target_margin,primary,primary,intervention_success_ndcg,shapley_mc,random,0.1998,0.0,0.1774,0.22180000000000002,9.999000099990002e-05,7.102179874004909e-64,0.5539536694130306,1000,278,15,707,10000,10000,0.000999900009999
MovieLens-1M,itemknn,sampled_unseen_negatives_with_target,target_margin,primary,primary,intervention_success_ndcg,lime,loo,-0.0014,0.0,-0.0064,0.004,0.6355364463553644,0.26317596435546875,-0.01692173779583363,1000,7,13,980,10000,10000,0.6355364463553644
MovieLens-1M,itemknn,sampled_unseen_negatives_with_target,target_margin,primary,primary,intervention_success_ndcg,lime,greedy_cf,0.1846,0.0,0.1606,0.20959999999999998,9.999000099990002e-05,2.49933618433437e-53,0.4745608633542597,1000,193,3,804,10000,10000,0.000999900009999
MovieLens-1M,itemknn,sampled_unseen_negatives_with_target,target_margin,primary,primary,intervention_success_ndcg,lime,random,0.2132,0.0,0.1898,0.2362,9.999000099990002e-05,1.143625289102409e-67,0.5748252948609057,1000,288,14,698,10000,10000,0.000999900009999
MovieLens-1M,itemknn,sampled_unseen_negatives_with_target,target_margin,primary,primary,intervention_success_ndcg,loo,greedy_cf,0.186,0.0,0.162,0.21,9.999000099990002e-05,9.635019878529071e-55,0.47465421994367507,1000,187,1,812,10000,10000,0.000999900009999
MovieLens-1M,itemknn,sampled_unseen_negatives_with_target,target_margin,primary,primary,intervention_success_ndcg,loo,random,0.21459999999999999,0.0,0.1916,0.2378,9.999000099990002e-05,3.0089575684573533e-63,0.5705180772640824,1000,286,18,696,10000,10000,0.000999900009999
MovieLens-1M,itemknn,sampled_unseen_negatives_with_target,target_margin,primary,primary,intervention_success_ndcg,greedy_cf,random,0.0286,0.0,0.011795000000000003,0.046,0.0006999300069993001,0.1585548949818976,0.10249651818218616,1000,100,122,778,10000,10000,0.0027997200279972004
MovieLens-1M,itemknn,sampled_unseen_negatives_with_target,target_margin,sensitivity,budget1,joint_effect_primary,shapley_mc,lime,-2.201319999522271e-05,0.0,-4.039195546534877e-05,1.9397357635414663e-06,0.018098190180981903,7.127385901074282e-10,-0.12658257605983375,250,19,79,152,10000,10000,0.036196380361963806
MovieLens-1M,itemknn,sampled_unseen_negatives_with_target,target_margin,sensitivity,budget1,joint_effect_primary,shapley_mc,loo,-2.770714205355951e-05,0.0,-4.6116093597820063e-05,-3.114701945294314e-06,0.0005999400059994001,6.053134256946273e-18,-0.15825317797877672,250,9,90,151,10000,10000,0.0017998200179982003
MovieLens-1M,itemknn,sampled_unseen_negatives_with_target,target_margin,sensitivity,budget1,joint_effect_primary,shapley_mc,greedy_cf,0.0015146031120844895,0.0015438736105816975,0.0013812737481896237,0.0016520525344586746,9.999000099990002e-05,9.743203378664617e-57,1.3922556706136942,250,214,5,31,10000,10000,0.000999900009999
MovieLens-1M,itemknn,sampled_unseen_negatives_with_target,target_margin,sensitivity,budget1,joint_effect_primary,shapley_mc,random,0.0013572757654383182,0.0012809658924648028,0.0012773550725036311,0.0014386214297152438,9.999000099990002e-05,1.105429575052089e-75,2.1012508194908195,250,250,0,0,10000,10000,0.000999900009999
MovieLens-1M,itemknn,sampled_unseen_negatives_with_target,target_margin,sensitivity,budget1,joint_effect_primary,lime,loo,-5.6939420583367995e-06,0.0,-8.770750468491884e-06,-2.9852882843247515e-06,9.999000099990002e-05,7.561280982396751e-07,-0.2437641671550855,250,11,49,190,10000,10000,0.000999900009999
MovieLens-1M,itemknn,sampled_unseen_negatives_with_target,target_margin,sensitivity,budget1,joint_effect_primary,lime,greedy_cf,0.0015366163120797123,0.0015815753632877293,0.0014120721363535269,0.0016651934038231886,9.999000099990002e-05,1.1333909661338896e-61,1.4787589348274155,250,216,2,32,10000,10000,0.000999900009999
MovieLens-1M,itemknn,sampled_unseen_negatives_with_target,target_margin,sensitivity,budget1,joint_effect_primary,lime,random,0.001379288965433541,0.0013150892208750708,0.0013056242318778984,0.001455553743625897,9.999000099990002e-05,1.105429575052089e-75,2.2479693371662117,250,250,0,0,10000,10000,0.000999900009999
MovieLens-1M,itemknn,sampled_unseen_negatives_with_target,target_margin,sensitivity,budget1,joint_effect_primary,loo,greedy_cf,0.0015423102541380488,0.0016016490437481545,0.0014134273914915437,0.001673729416347816,9.999000099990002e-05,1.039764668160698e-63,1.484890328495227,250,217,1,32,10000,10000,0.000999900009999
MovieLens-1M,itemknn,sampled_unseen_negatives_with_target,target_margin,sensitivity,budget1,joint_effect_primary,loo,random,0.0013849829074918777,0.0013150892208750708,0.001311776854996745,0.0014620787710723164,9.999000099990002e-05,1.105429575052089e-75,2.2693109514749454,250,250,0,0,10000,10000,0.000999900009999
MovieLens-1M,itemknn,sampled_unseen_negatives_with_target,target_margin,sensitivity,budget1,joint_effect_primary,greedy_cf,random,-0.00015732734664617104,-0.00041833561902179794,-0.0002884619617003817,-1.876877308235735e-05,0.024697530246975304,5.696113309066389e-08,-0.142363053665774,250,82,168,0,10000,10000,0.036196380361963806
MovieLens-1M,itemknn,sampled_unseen_negatives_with_target,target_margin,sensitivity,budget1,joint_effect_ndcg,shapley_mc,lime,0.00039565212395968374,0.0,-0.00035632260548661696,0.001277242381377092,0.35006499350064996,0.3876953125,0.06114617967642772,250,8,4,238,10000,10000,1.0
MovieLens-1M,itemknn,sampled_unseen_negatives_with_target,target_margin,sensitivity,budget1,joint_effect_ndcg,shapley_mc,loo,-0.00042968281399946275,0.0,-0.0013842022289533684,0.0003782926825334495,0.36766323367663234,0.7744140625,-0.0599085006857065,250,7,5,238,10000,10000,1.0
MovieLens-1M,itemknn,sampled_unseen_negatives_with_target,target_margin,sensitivity,budget1,joint_effect_ndcg,shapley_mc,greedy_cf,0.028009940774357603,0.0,0.017657023999512782,0.039189555652445016,9.999000099990002e-05,8.363087999896379e-12,0.32193474094420027,250,46,2,202,10000,10000,0.000999900009999
MovieLens-1M,itemknn,sampled_unseen_negatives_with_target,target_margin,sensitivity,budget1,joint_effect_ndcg,shapley_mc,random,0.025499347719722815,0.0,0.01670114459037945,0.03509562752810366,9.999000099990002e-05,2.215352840138473e-14,0.3457784598315221,250,65,5,180,10000,10000,0.000999900009999
MovieLens-1M,itemknn,sampled_unseen_negatives_with_target,target_margin,sensitivity,budget1,joint_effect_ndcg,lime,loo,-0.0008253349379591466,0.0,-0.0017068355314542353,-0.00010412346582185505,0.06269373062693731,0.453125,-0.12567852369529273,250,2,5,243,10000,10000,0.25077492250774924
MovieLens-1M,itemknn,sampled_unseen_negatives_with_target,target_margin,sensitivity,budget1,joint_effect_ndcg,lime,greedy_cf,0.027614288650397913,0.0,0.017590968297249387,0.038964714449445235,9.999000099990002e-05,1.1266365618212149e-10,0.3202885921069194,250,42,2,206,10000,10000,0.000999900009999
MovieLens-1M,itemknn,sampled_unseen_negatives_with_target,target_margin,sensitivity,budget1,joint_effect_ndcg,lime,random,0.02510369559576313,0.0,0.0165201220969499,0.03459357298006908,9.999000099990002e-05,8.181953378705309e-13,0.34344402405055274,250,62,6,182,10000,10000,0.000999900009999
MovieLens-1M,itemknn,sampled_unseen_negatives_with_target,target_margin,sensitivity,budget1,joint_effect_ndcg,loo,greedy_cf,0.028439623588357065,0.0,0.01831622400972637,0.03974260511591274,9.999000099990002e-05,1.9554136088117957e-11,0.3266429421237599,250,41,1,208,10000,10000,0.000999900009999
MovieLens-1M,itemknn,sampled_unseen_negatives_with_target,target_margin,sensitivity,budget1,joint_effect_ndcg,loo,random,0.025929030533722273,0.0,0.01714750902262991,0.035573215651170845,9.999000099990002e-05,7.651062942926057e-14,0.3510557446963857,250,63,5,182,10000,10000,0.000999900009999
MovieLens-1M,itemknn,sampled_unseen_negatives_with_target,target_margin,sensitivity,budget1,joint_effect_ndcg,greedy_cf,random,-0.002510593054634791,0.0,-0.009127414827562188,0.00396785393497017,0.46015398460153983,0.8013064925040663,-0.04717096041645242,250,30,33,187,10000,10000,1.0
MovieLens-1M,itemknn,sampled_unseen_negatives_with_target,target_margin,sensitivity,budget1,joint_effect_target_margin,shapley_mc,lime,-2.201319999522271e-05,0.0,-4.086098692984291e-05,1.992595784587837e-06,0.013498650134986502,7.127385901074282e-10,-0.12658257605983375,250,19,79,152,10000,10000,0.026997300269973004
MovieLens-1M,itemknn,sampled_unseen_negatives_with_target,target_margin,sensitivity,budget1,joint_effect_target_margin,shapley_mc,loo,-2.770714205355951e-05,0.0,-4.6400138573876674e-05,-3.4053001401009667e-06,0.000999900009999,6.053134256946273e-18,-0.15825317797877672,250,9,90,151,10000,10000,0.0029997000299970002
MovieLens-1M,itemknn,sampled_unseen_negatives_with_target,target_margin,sensitivity,budget1,joint_effect_target_margin,shapley_mc,greedy_cf,0.0015146031120844895,0.0015438736105816975,0.0013825403073567388,0.0016525917060079011,9.999000099990002e-05,9.743203378664617e-57,1.3922556706136942,250,214,5,31,10000,10000,0.000999900009999
MovieLens-1M,itemknn,sampled_unseen_negatives_with_target,target_margin,sensitivity,budget1,joint_effect_target_margin,shapley_mc,random,0.0013572757654383182,0.0012809658924648028,0.0012801299871328374,0.001439145391062985,9.999000099990002e-05,1.105429575052089e-75,2.1012508194908195,250,250,0,0,10000,10000,0.000999900009999
MovieLens-1M,itemknn,sampled_unseen_negatives_with_target,target_margin,sensitivity,budget1,joint_effect_target_margin,lime,loo,-5.6939420583367995e-06,0.0,-8.776000979782875e-06,-2.981307382022881e-06,9.999000099990002e-05,7.561280982396751e-07,-0.2437641671550855,250,11,49,190,10000,10000,0.000999900009999
MovieLens-1M,itemknn,sampled_unseen_negatives_with_target,target_margin,sensitivity,budget1,joint_effect_target_margin,lime,greedy_cf,0.0015366163120797123,0.0015815753632877293,0.0014079987554155595,0.0016664382825069405,9.999000099990002e-05,1.1333909661338896e-61,1.4787589348274155,250,216,2,32,10000,10000,0.000999900009999
MovieLens-1M,itemknn,sampled_unseen_negatives_with_target,target_margin,sensitivity,budget1,joint_effect_target_margin,lime,random,0.001379288965433541,0.0013150892208750708,0.0013038030658987683,0.0014559400888872792,9.999000099990002e-05,1.105429575052089e-75,2.2479693371662117,250,250,0,0,10000,10000,0.000999900009999
MovieLens-1M,itemknn,sampled_unseen_negatives_with_target,target_margin,sensitivity,budget1,joint_effect_target_margin,loo,greedy_cf,0.0015423102541380488,0.0016016490437481545,0.0014160154531691438,0.0016735827009623607,9.999000099990002e-05,1.039764668160698e-63,1.484890328495227,250,217,1,32,10000,10000,0.000999900009999
MovieLens-1M,itemknn,sampled_unseen_negatives_with_target,target_margin,sensitivity,budget1,joint_effect_target_margin,loo,random,0.0013849829074918777,0.0013150892208750708,0.0013102058698725191,0.0014618881073680226,9.999000099990002e-05,1.105429575052089e-75,2.2693109514749454,250,250,0,0,10000,10000,0.000999900009999
MovieLens-1M,itemknn,sampled_unseen_negatives_with_target,target_margin,sensitivity,budget1,joint_effect_target_margin,greedy_cf,random,-0.00015732734664617104,-0.00041833561902179794,-0.0002953444836675949,-1.9478897081713176e-05,0.026197380261973803,5.696113309066389e-08,-0.142363053665774,250,82,168,0,10000,10000,0.026997300269973004
MovieLens-1M,itemknn,sampled_unseen_negatives_with_target,target_margin,sensitivity,budget1,intervention_success,shapley_mc,lime,0.0032,0.0,-0.0023999999999999994,0.012,1.0,1.0,0.049575620364095144,250,1,1,248,10000,10000,1.0
MovieLens-1M,itemknn,sampled_unseen_negatives_with_target,target_margin,sensitivity,budget1,intervention_success,shapley_mc,loo,0.0032,0.0,-0.0023999999999999994,0.012,1.0,1.0,0.049575620364095144,250,1,1,248,10000,10000,1.0
MovieLens-1M,itemknn,sampled_unseen_negatives_with_target,target_margin,sensitivity,budget1,intervention_success,shapley_mc,greedy_cf,0.7032,1.0,0.6464,0.7592000000000001,9.999000099990002e-05,2.088097429759528e-53,1.5385231951504668,250,176,0,74,10000,10000,0.000999900009999
MovieLens-1M,itemknn,sampled_unseen_negatives_with_target,target_margin,sensitivity,budget1,intervention_success,shapley_mc,random,0.5392,0.6,0.5096,0.5688,9.999000099990002e-05,5.659799424266695e-73,2.3041386490636153,250,241,0,9,10000,10000,0.000999900009999
MovieLens-1M,itemknn,sampled_unseen_negatives_with_target,target_margin,sensitivity,budget1,intervention_success,lime,loo,0.0,0.0,0.0,0.0,1.0,1.0,0.0,250,0,0,250,10000,10000,1.0
MovieLens-1M,itemknn,sampled_unseen_negatives_with_target,target_margin,sensitivity,budget1,intervention_success,lime,greedy_cf,0.7,1.0,0.64,0.756,9.999000099990002e-05,4.176194859519056e-53,1.5244671200127602,250,175,0,75,10000,10000,0.000999900009999
MovieLens-1M,itemknn,sampled_unseen_negatives_with_target,target_margin,sensitivity,budget1,intervention_success,lime,random,0.536,0.6,0.5056,0.5655999999999999,9.999000099990002e-05,1.3696714606725402e-70,2.2464026924025466,250,240,1,9,10000,10000,0.000999900009999
MovieLens-1M,itemknn,sampled_unseen_negatives_with_target,target_margin,sensitivity,budget1,intervention_success,loo,greedy_cf,0.7,1.0,0.64,0.756,9.999000099990002e-05,4.176194859519056e-53,1.5244671200127602,250,175,0,75,10000,10000,0.000999900009999
MovieLens-1M,itemknn,sampled_unseen_negatives_with_target,target_margin,sensitivity,budget1,intervention_success,loo,random,0.536,0.6,0.5064,0.5656,9.999000099990002e-05,1.3696714606725402e-70,2.2464026924025466,250,240,1,9,10000,10000,0.000999900009999
MovieLens-1M,itemknn,sampled_unseen_negatives_with_target,target_margin,sensitivity,budget1,intervention_success,greedy_cf,random,-0.164,-0.4,-0.2272,-0.10238000000000029,9.999000099990002e-05,8.535603336132589e-10,-0.32898977947896213,250,71,165,14,10000,10000,0.000999900009999
MovieLens-1M,itemknn,sampled_unseen_negatives_with_target,target_margin,sensitivity,budget1,abstention,shapley_mc,lime,-0.004,0.0,-0.012,0.0,1.0,1.0,-0.0632455532033676,250,0,1,249,10000,10000,1.0
MovieLens-1M,itemknn,sampled_unseen_negatives_with_target,target_margin,sensitivity,budget1,abstention,shapley_mc,loo,-0.004,0.0,-0.012,0.0,1.0,1.0,-0.0632455532033676,250,0,1,249,10000,10000,1.0
MovieLens-1M,itemknn,sampled_unseen_negatives_with_target,target_margin,sensitivity,budget1,abstention,shapley_mc,greedy_cf,0.0,0.0,0.0,0.0,1.0,1.0,0.0,250,0,0,250,10000,10000,1.0
MovieLens-1M,itemknn,sampled_unseen_negatives_with_target,target_margin,sensitivity,budget1,abstention,shapley_mc,random,-0.0008,0.0,-0.0024000000000000002,0.0,1.0,1.0,-0.06324555320336757,250,0,1,249,10000,10000,1.0
MovieLens-1M,itemknn,sampled_unseen_negatives_with_target,target_margin,sensitivity,budget1,abstention,lime,loo,0.0,0.0,0.0,0.0,1.0,1.0,0.0,250,0,0,250,10000,10000,1.0
MovieLens-1M,itemknn,sampled_unseen_negatives_with_target,target_margin,sensitivity,budget1,abstention,lime,greedy_cf,0.004,0.0,0.0,0.012,1.0,1.0,0.0632455532033676,250,1,0,249,10000,10000,1.0
MovieLens-1M,itemknn,sampled_unseen_negatives_with_target,target_margin,sensitivity,budget1,abstention,lime,random,0.0032,0.0,0.0,0.009600000000000001,1.0,1.0,0.06324555320336757,250,1,0,249,10000,10000,1.0
MovieLens-1M,itemknn,sampled_unseen_negatives_with_target,target_margin,sensitivity,budget1,abstention,loo,greedy_cf,0.004,0.0,0.0,0.012,1.0,1.0,0.0632455532033676,250,1,0,249,10000,10000,1.0
MovieLens-1M,itemknn,sampled_unseen_negatives_with_target,target_margin,sensitivity,budget1,abstention,loo,random,0.0032,0.0,0.0,0.009600000000000001,1.0,1.0,0.06324555320336757,250,1,0,249,10000,10000,1.0
MovieLens-1M,itemknn,sampled_unseen_negatives_with_target,target_margin,sensitivity,budget1,abstention,greedy_cf,random,-0.0008,0.0,-0.0024000000000000002,0.0,1.0,1.0,-0.06324555320336757,250,0,1,249,10000,10000,1.0
MovieLens-1M,itemknn,sampled_unseen_negatives_with_target,target_margin,sensitivity,budget1,joint_regret_primary,shapley_mc,lime,2.2013199995222264e-05,0.0,-2.189207363289465e-06,4.045455831766368e-05,0.013498650134986502,7.127385901074282e-10,0.12658257605983153,250,79,19,152,10000,10000,0.026997300269973004
MovieLens-1M,itemknn,sampled_unseen_negatives_with_target,target_margin,sensitivity,budget1,joint_regret_primary,shapley_mc,loo,2.7707142053559065e-05,0.0,3.961856093257414e-06,4.654177443158118e-05,0.000999900009999,6.053134256946273e-18,0.15825317797877453,250,90,9,151,10000,10000,0.0029997000299970002
MovieLens-1M,itemknn,sampled_unseen_negatives_with_target,target_margin,sensitivity,budget1,joint_regret_primary,shapley_mc,greedy_cf,-0.001514603112084489,-0.0015438736105816975,-0.0016515932354185755,-0.0013794391322325308,9.999000099990002e-05,9.743203378664617e-57,-1.392255670613694,250,5,214,31,10000,10000,0.000999900009999
MovieLens-1M,itemknn,sampled_unseen_negatives_with_target,target_margin,sensitivity,budget1,joint_regret_primary,shapley_mc,random,-0.001357275765438318,-0.0012809658924648028,-0.0014376903850831374,-0.0012791837437731242,9.999000099990002e-05,1.105429575052089e-75,-2.101250819490818,250,0,250,0,10000,10000,0.000999900009999
MovieLens-1M,itemknn,sampled_unseen_negatives_with_target,target_margin,sensitivity,budget1,joint_regret_primary,lime,loo,5.6939420583367995e-06,0.0,2.9906897796956867e-06,8.712958000837437e-06,9.999000099990002e-05,7.561280982396751e-07,0.24376416715508553,250,49,11,190,10000,10000,0.000999900009999
MovieLens-1M,itemknn,sampled_unseen_negatives_with_target,target_margin,sensitivity,budget1,joint_regret_primary,lime,greedy_cf,-0.0015366163120797114,-0.0015815753632877293,-0.00166452785123609,-0.001406235001286475,9.999000099990002e-05,1.1333909661338896e-61,-1.4787589348274137,250,2,216,32,10000,10000,0.000999900009999
MovieLens-1M,itemknn,sampled_unseen_negatives_with_target,target_margin,sensitivity,budget1,joint_regret_primary,lime,random,-0.00137928896543354,-0.0013150892208750708,-0.0014560742454022277,-0.001306249769750975,9.999000099990002e-05,1.105429575052089e-75,-2.2479693371662095,250,0,250,0,10000,10000,0.000999900009999
MovieLens-1M,itemknn,sampled_unseen_negatives_with_target,target_margin,sensitivity,budget1,joint_regret_primary,loo,greedy_cf,-0.001542310254138048,-0.0016016490437481545,-0.0016721979209988083,-0.0014147595100581134,9.999000099990002e-05,1.039764668160698e-63,-1.4848903284952253,250,1,217,32,10000,10000,0.000999900009999
MovieLens-1M,itemknn,sampled_unseen_negatives_with_target,target_margin,sensitivity,budget1,joint_regret_primary,loo,random,-0.001384982907491877,-0.0013150892208750708,-0.001462759928554077,-0.0013105095713958602,9.999000099990002e-05,1.105429575052089e-75,-2.2693109514749437,250,0,250,0,10000,10000,0.000999900009999
MovieLens-1M,itemknn,sampled_unseen_negatives_with_target,target_margin,sensitivity,budget1,joint_regret_primary,greedy_cf,random,0.00015732734664617088,0.00041833561902179794,1.5868340031673206e-05,0.00029163812299255444,0.025297470252974703,5.696113309066389e-08,0.14236305366577387,250,168,82,0,10000,10000,0.026997300269973004
MovieLens-1M,itemknn,sampled_unseen_negatives_with_target,target_margin,sensitivity,budget1,normalized_regret_primary,shapley_mc,lime,0.029941499778702644,0.0,0.014547066886202373,0.04584584132280275,9.999000099990002e-05,7.127385901074282e-10,0.2374109549885271,250,79,19,152,10000,10000,0.000999900009999
MovieLens-1M,itemknn,sampled_unseen_negatives_with_target,target_margin,sensitivity,budget1,normalized_regret_primary,shapley_mc,loo,0.035318699132637264,0.0,0.02028894028703232,0.05105600427436131,9.999000099990002e-05,6.053134256946273e-18,0.28538876049287115,250,90,9,151,10000,10000,0.000999900009999
MovieLens-1M,itemknn,sampled_unseen_negatives_with_target,target_margin,sensitivity,budget1,normalized_regret_primary,shapley_mc,greedy_cf,-1.2192253250053977,-1.3626686084614827,-1.3071869337991622,-1.1274840884258197,9.999000099990002e-05,9.743203378664617e-57,-1.6858808818635849,250,5,214,31,10000,10000,0.000999900009999
MovieLens-1M,itemknn,sampled_unseen_negatives_with_target,target_margin,sensitivity,budget1,normalized_regret_primary,shapley_mc,random,-1.0201479717069062,-0.9969939432090245,-1.0593620134487003,-0.9812677882033032,9.999000099990002e-05,1.105429575052089e-75,-3.2381000898695254,250,0,250,0,10000,10000,0.000999900009999
MovieLens-1M,itemknn,sampled_unseen_negatives_with_target,target_margin,sensitivity,budget1,normalized_regret_primary,lime,loo,0.005377199353934624,0.0,0.0019158623361397622,0.009071678114968824,0.0020997900209979003,7.561280982396751e-07,0.18762280797844075,250,49,11,190,10000,10000,0.0020997900209979003
MovieLens-1M,itemknn,sampled_unseen_negatives_with_target,target_margin,sensitivity,budget1,normalized_regret_primary,lime,greedy_cf,-1.2491668247841003,-1.3928363258556054,-1.336650975551936,-1.1611220775874644,9.999000099990002e-05,1.1333909661338896e-61,-1.7410003728111858,250,2,216,32,10000,10000,0.000999900009999
MovieLens-1M,itemknn,sampled_unseen_negatives_with_target,target_margin,sensitivity,budget1,normalized_regret_primary,lime,random,-1.0500894714856088,-1.024471548181872,-1.0877238785122059,-1.0135892019697976,9.999000099990002e-05,1.105429575052089e-75,-3.5078498094872193,250,0,250,0,10000,10000,0.000999900009999
MovieLens-1M,itemknn,sampled_unseen_negatives_with_target,target_margin,sensitivity,budget1,normalized_regret_primary,loo,greedy_cf,-1.2545440241380352,-1.4022307940223535,-1.3403538592189554,-1.1649152631860735,9.999000099990002e-05,1.039764668160698e-63,-1.7430493084514542,250,1,217,32,10000,10000,0.000999900009999
MovieLens-1M,itemknn,sampled_unseen_negatives_with_target,target_margin,sensitivity,budget1,normalized_regret_primary,loo,random,-1.0554666708395435,-1.0288485057190828,-1.092152969582099,-1.0193081312438645,9.999000099990002e-05,1.105429575052089e-75,-3.5228725556674663,250,0,250,0,10000,10000,0.000999900009999
MovieLens-1M,itemknn,sampled_unseen_negatives_with_target,target_margin,sensitivity,budget1,normalized_regret_primary,greedy_cf,random,0.1990773532984916,0.35004460078402233,0.10652535317756032,0.29228124717993426,0.00019998000199980003,5.696113309066389e-08,0.26403876525054015,250,168,82,0,10000,10000,0.000999900009999
MovieLens-1M,itemknn,sampled_unseen_negatives_with_target,target_margin,sensitivity,budget1,joint_regret_ndcg,shapley_mc,lime,-0.000395652123959684,0.0,-0.0012627747811930208,0.00035228612564113714,0.35256474352564743,0.3876953125,-0.061146179676427756,250,4,8,238,10000,10000,1.0
MovieLens-1M,itemknn,sampled_unseen_negatives_with_target,target_margin,sensitivity,budget1,joint_regret_ndcg,shapley_mc,loo,0.0004296828139994628,0.0,-0.00036606324741548564,0.0014544143585751537,0.37636236376362364,0.7744140625,0.05990850068570651,250,5,7,238,10000,10000,1.0
MovieLens-1M,itemknn,sampled_unseen_negatives_with_target,target_margin,sensitivity,budget1,joint_regret_ndcg,shapley_mc,greedy_cf,-0.028009940774357603,0.0,-0.039362971919558475,-0.01780392130080377,9.999000099990002e-05,8.363087999896379e-12,-0.32193474094420027,250,2,46,202,10000,10000,0.000999900009999
MovieLens-1M,itemknn,sampled_unseen_negatives_with_target,target_margin,sensitivity,budget1,joint_regret_ndcg,shapley_mc,random,-0.025499347719722815,0.0,-0.03503605024617854,-0.01666157109902491,9.999000099990002e-05,2.215352840138473e-14,-0.3457784598315221,250,5,65,180,10000,10000,0.000999900009999
MovieLens-1M,itemknn,sampled_unseen_negatives_with_target,target_margin,sensitivity,budget1,joint_regret_ndcg,lime,loo,0.0008253349379591467,0.0,0.00010517700201324343,0.0017399387187908525,0.06319368063193681,0.453125,0.12567852369529273,250,5,2,243,10000,10000,0.25277472252774724
MovieLens-1M,itemknn,sampled_unseen_negatives_with_target,target_margin,sensitivity,budget1,joint_regret_ndcg,lime,greedy_cf,-0.027614288650397913,0.0,-0.03900494656254098,-0.01728339483974136,9.999000099990002e-05,1.1266365618212149e-10,-0.3202885921069194,250,2,42,206,10000,10000,0.000999900009999
MovieLens-1M,itemknn,sampled_unseen_negatives_with_target,target_margin,sensitivity,budget1,joint_regret_ndcg,lime,random,-0.02510369559576313,0.0,-0.034654327417623476,-0.01641445129172305,9.999000099990002e-05,8.181953378705309e-13,-0.34344402405055274,250,6,62,182,10000,10000,0.000999900009999
MovieLens-1M,itemknn,sampled_unseen_negatives_with_target,target_margin,sensitivity,budget1,joint_regret_ndcg,loo,greedy_cf,-0.028439623588357065,0.0,-0.03984700090374359,-0.018239905352910275,9.999000099990002e-05,1.9554136088117957e-11,-0.3266429421237599,250,1,41,208,10000,10000,0.000999900009999
MovieLens-1M,itemknn,sampled_unseen_negatives_with_target,target_margin,sensitivity,budget1,joint_regret_ndcg,loo,random,-0.025929030533722273,0.0,-0.03559618393349372,-0.017442976507087413,9.999000099990002e-05,7.651062942926057e-14,-0.3510557446963858,250,5,63,182,10000,10000,0.000999900009999
MovieLens-1M,itemknn,sampled_unseen_negatives_with_target,target_margin,sensitivity,budget1,joint_regret_ndcg,greedy_cf,random,0.0025105930546347904,0.0,-0.0038857240737991297,0.009129848027464669,0.46355364463553644,0.8013064925040663,0.047170960416452405,250,33,30,187,10000,10000,1.0
MovieLens-1M,itemknn,sampled_unseen_negatives_with_target,target_margin,sensitivity,budget1,normalized_regret_ndcg,shapley_mc,lime,-0.02276326409977184,0.0,-0.07607112448110254,0.024974599714337138,0.40645935406459355,0.3876953125,-0.11640366475662144,60,4,8,48,10000,10000,1.0
MovieLens-1M,itemknn,sampled_unseen_negatives_with_target,target_margin,sensitivity,budget1,normalized_regret_ndcg,shapley_mc,loo,0.01374830862225963,0.0,-0.048951848844358346,0.07947050228048949,0.6913308669133087,0.7744140625,0.05450476207126312,60,5,7,48,10000,10000,1.0
MovieLens-1M,itemknn,sampled_unseen_negatives_with_target,target_margin,sensitivity,budget1,normalized_regret_ndcg,shapley_mc,greedy_cf,-0.6699156703056677,-0.9122174995238135,-0.8812369092098175,-0.480933012826299,9.999000099990002e-05,4.1109160520136356e-10,-0.8326622101906738,60,2,40,18,10000,10000,0.000999900009999
MovieLens-1M,itemknn,sampled_unseen_negatives_with_target,target_margin,sensitivity,budget1,normalized_regret_ndcg,shapley_mc,random,-0.685954966426499,-0.8,-0.8263685484503861,-0.5448068480845467,9.999000099990002e-05,1.170292474039769e-10,-1.236445444102729,60,5,51,4,10000,10000,0.000999900009999
MovieLens-1M,itemknn,sampled_unseen_negatives_with_target,target_margin,sensitivity,budget1,normalized_regret_ndcg,lime,loo,0.03651157272203146,0.0,0.004236999763598608,0.08011145707839333,0.06459354064593541,0.453125,0.2354370828380539,60,5,2,53,10000,10000,0.25837416258374163
MovieLens-1M,itemknn,sampled_unseen_negatives_with_target,target_margin,sensitivity,budget1,normalized_regret_ndcg,lime,greedy_cf,-0.6471524062058959,-0.7905869278437232,-0.856187111952127,-0.4565124124123958,9.999000099990002e-05,5.398760549724102e-09,-0.8005994969652199,60,2,36,22,10000,10000,0.000999900009999
MovieLens-1M,itemknn,sampled_unseen_negatives_with_target,target_margin,sensitivity,budget1,normalized_regret_ndcg,lime,random,-0.6631917023267272,-0.8,-0.8173365865236961,-0.5145332708184125,9.999000099990002e-05,3.2565301566478407e-09,-1.1016209021309522,60,6,48,6,10000,10000,0.000999900009999
MovieLens-1M,itemknn,sampled_unseen_negatives_with_target,target_margin,sensitivity,budget1,normalized_regret_ndcg,loo,greedy_cf,-0.6836639789279272,-0.9602525677891276,-0.8939998495693923,-0.4983794199537741,9.999000099990002e-05,1.076841726899147e-09,-0.8649095024671428,60,1,35,24,10000,10000,0.000999900009999
MovieLens-1M,itemknn,sampled_unseen_negatives_with_target,target_margin,sensitivity,budget1,normalized_regret_ndcg,loo,random,-0.6997032750487585,-0.8,-0.8472396349079353,-0.553126111327309,9.999000099990002e-05,3.8913883226854296e-10,-1.2028694189301872,60,5,49,6,10000,10000,0.000999900009999
MovieLens-1M,itemknn,sampled_unseen_negatives_with_target,target_margin,sensitivity,budget1,normalized_regret_ndcg,greedy_cf,random,-0.016039296120831305,0.0,-0.17851045312200275,0.15195387162895602,0.8548145185481452,0.31232680747326935,-0.024580559244422876,60,28,20,12,10000,10000,1.0
MovieLens-1M,itemknn,sampled_unseen_negatives_with_target,target_margin,sensitivity,budget1,intervention_success_ndcg,shapley_mc,lime,0.0128,0.0,0.0024000000000000002,0.0264,0.0301969803019698,0.03125,0.13150491677572743,250,6,0,244,10000,10000,0.1207879212078792
MovieLens-1M,itemknn,sampled_unseen_negatives_with_target,target_margin,sensitivity,budget1,intervention_success_ndcg,shapley_mc,loo,0.0064,0.0,-0.0072,0.0216,0.44215578442155784,0.375,0.05654583788132814,250,4,1,245,10000,10000,0.6695330466953305
MovieLens-1M,itemknn,sampled_unseen_negatives_with_target,target_margin,sensitivity,budget1,intervention_success_ndcg,shapley_mc,greedy_cf,0.13040000000000002,0.0,0.0888,0.1752,9.999000099990002e-05,1.076841726899147e-09,0.37599874214155105,250,35,1,214,10000,10000,0.000999900009999
MovieLens-1M,itemknn,sampled_unseen_negatives_with_target,target_margin,sensitivity,budget1,intervention_success_ndcg,shapley_mc,random,0.14880000000000002,0.0,0.108,0.192,9.999000099990002e-05,1.0182093779231849e-09,0.4388666585817008,250,50,6,194,10000,10000,0.000999900009999
MovieLens-1M,itemknn,sampled_unseen_negatives_with_target,target_margin,sensitivity,budget1,intervention_success_ndcg,lime,loo,-0.0064,0.0,-0.016,0.0,0.2546745325467453,0.25,-0.09258699004826153,250,0,3,247,10000,10000,0.6695330466953305
MovieLens-1M,itemknn,sampled_unseen_negatives_with_target,target_margin,sensitivity,budget1,intervention_success_ndcg,lime,greedy_cf,0.1176,0.0,0.07759999999999999,0.16,9.999000099990002e-05,1.5366822481155396e-08,0.3535939643091252,250,31,1,218,10000,10000,0.000999900009999
MovieLens-1M,itemknn,sampled_unseen_negatives_with_target,target_margin,sensitivity,budget1,intervention_success_ndcg,lime,random,0.136,0.0,0.096,0.17760000000000004,9.999000099990002e-05,4.003196174551249e-08,0.41016026575015013,250,46,7,197,10000,10000,0.000999900009999
MovieLens-1M,itemknn,sampled_unseen_negatives_with_target,target_margin,sensitivity,budget1,intervention_success_ndcg,loo,greedy_cf,0.124,0.0,0.084,0.164,9.999000099990002e-05,9.313225746154785e-10,0.3754814261316571,250,31,0,219,10000,10000,0.000999900009999
MovieLens-1M,itemknn,sampled_unseen_negatives_with_target,target_margin,sensitivity,budget1,intervention_success_ndcg,loo,random,0.1424,0.0,0.1024,0.184,9.999000099990002e-05,5.805322444984995e-09,0.42856615379322677,250,47,6,197,10000,10000,0.000999900009999
MovieLens-1M,itemknn,sampled_unseen_negatives_with_target,target_margin,sensitivity,budget1,intervention_success_ndcg,greedy_cf,random,0.0184,0.0,-0.008019999999999985,0.047200000000000006,0.22317768223177684,0.16414940178310644,0.08155251243598508,250,16,26,208,10000,10000,0.6695330466953305
MovieLens-1M,itemknn,sampled_unseen_negatives_with_target,target_margin,sensitivity,budget3,joint_effect_primary,shapley_mc,lime,-7.50202041115328e-05,-8.311729923798916e-06,-0.00011255040129053376,-2.216662536754571e-05,9.999000099990002e-05,1.805589187552801e-16,-0.20123367243224843,250,29,130,91,10000,10000,0.000999900009999
MovieLens-1M,itemknn,sampled_unseen_negatives_with_target,target_margin,sensitivity,budget3,joint_effect_primary,shapley_mc,loo,-8.334138833497743e-05,-2.566821607887784e-05,-0.00012208372796512312,-3.043708084343318e-05,9.999000099990002e-05,1.182276844628418e-20,-0.21988632408984082,250,24,138,88,10000,10000,0.000999900009999
MovieLens-1M,itemknn,sampled_unseen_negatives_with_target,target_margin,sensitivity,budget3,joint_effect_primary,shapley_mc,greedy_cf,0.0025077249839629678,0.0022297669176093936,0.0022950104354833977,0.0027379808634590097,9.999000099990002e-05,7.357923295772422e-63,1.3821196273592065,250,235,5,10,10000,10000,0.000999900009999
MovieLens-1M,itemknn,sampled_unseen_negatives_with_target,target_margin,sensitivity,budget3,joint_effect_primary,shapley_mc,random,0.0032772713446206974,0.0031027533014421184,0.0031136547046391413,0.0034519138606506974,9.999000099990002e-05,1.105429575052089e-75,2.3943854094446944,250,250,0,0,10000,10000,0.000999900009999
MovieLens-1M,itemknn,sampled_unseen_negatives_with_target,target_margin,sensitivity,budget3,joint_effect_primary,lime,loo,-8.32118422344465e-06,0.0,-1.632442831283742e-05,3.3811395227019217e-07,0.04659534046595341,5.636282034205402e-07,-0.12387283509954226,250,25,75,150,10000,10000,0.04659534046595341
MovieLens-1M,itemknn,sampled_unseen_negatives_with_target,target_margin,sensitivity,budget3,joint_effect_primary,lime,greedy_cf,0.0025827451880745,0.0022607401837693108,0.002371589070733158,0.0028034839197977417,9.999000099990002e-05,2.6082630986389487e-66,1.482549999953082,250,237,3,10,10000,10000,0.000999900009999
MovieLens-1M,itemknn,sampled_unseen_negatives_with_target,target_margin,sensitivity,budget3,joint_effect_primary,lime,random,0.003352291548732231,0.003206806226437492,0.0031894816429133793,0.003522116335386954,9.999000099990002e-05,1.105429575052089e-75,2.502267205781828,250,250,0,0,10000,10000,0.000999900009999
MovieLens-1M,itemknn,sampled_unseen_negatives_with_target,target_margin,sensitivity,budget3,joint_effect_primary,loo,greedy_cf,0.002591066372297945,0.0022281542142611743,0.0023801872619758383,0.0028071021916541003,9.999000099990002e-05,1.0821536499197921e-69,1.4852818208609015,250,237,1,12,10000,10000,0.000999900009999
MovieLens-1M,itemknn,sampled_unseen_negatives_with_target,target_margin,sensitivity,budget3,joint_effect_primary,loo,random,0.003360612732955675,0.003210607815476857,0.0031968733896837014,0.003534354467872139,9.999000099990002e-05,1.105429575052089e-75,2.5083696210947157,250,250,0,0,10000,10000,0.000999900009999
MovieLens-1M,itemknn,sampled_unseen_negatives_with_target,target_margin,sensitivity,budget3,joint_effect_primary,greedy_cf,random,0.0007695463606577301,0.0006603267303560533,0.0005105941422259581,0.0010341369591000368,9.999000099990002e-05,5.879884582604947e-09,0.3648133044776216,250,171,79,0,10000,10000,0.000999900009999
MovieLens-1M,itemknn,sampled_unseen_negatives_with_target,target_margin,sensitivity,budget3,joint_effect_ndcg,shapley_mc,lime,0.00016443819784715808,0.0,-0.0032405070789291953,0.004119898236382933,0.9384061593840616,0.5234670639038086,0.0055418732213071455,250,9,13,228,10000,10000,1.0
MovieLens-1M,itemknn,sampled_unseen_negatives_with_target,target_margin,sensitivity,budget3,joint_effect_ndcg,shapley_mc,loo,0.0007405204333843816,0.0,-0.00286107545260828,0.004969412119069134,0.726027397260274,0.5234670639038086,0.023405434097884717,250,9,13,228,10000,10000,1.0
MovieLens-1M,itemknn,sampled_unseen_negatives_with_target,target_margin,sensitivity,budget3,joint_effect_ndcg,shapley_mc,greedy_cf,0.05251944118253904,0.0,0.03773369569850179,0.06841616730594349,9.999000099990002e-05,1.5903890617646743e-17,0.42577959851714886,250,66,2,182,10000,10000,0.000999900009999
MovieLens-1M,itemknn,sampled_unseen_negatives_with_target,target_margin,sensitivity,budget3,joint_effect_ndcg,shapley_mc,random,0.0602964739747506,0.0,0.04679038300361084,0.0747674190829002,9.999000099990002e-05,3.593419195462753e-26,0.5339576014550769,250,100,3,147,10000,10000,0.000999900009999
MovieLens-1M,itemknn,sampled_unseen_negatives_with_target,target_margin,sensitivity,budget3,joint_effect_ndcg,lime,loo,0.0005760822355372231,0.0,-0.0003095115708032148,0.0018851545687462103,0.43275672432756723,0.75390625,0.06314107197820432,250,6,4,240,10000,10000,1.0
MovieLens-1M,itemknn,sampled_unseen_negatives_with_target,target_margin,sensitivity,budget3,joint_effect_ndcg,lime,greedy_cf,0.05235500298469188,0.0,0.03769508603729405,0.06787234513765028,9.999000099990002e-05,3.5550311609441887e-16,0.4247431214018547,250,65,3,182,10000,10000,0.000999900009999
MovieLens-1M,itemknn,sampled_unseen_negatives_with_target,target_margin,sensitivity,budget3,joint_effect_ndcg,lime,random,0.06013203577690345,0.0,0.046486755923333734,0.07449525814235929,9.999000099990002e-05,6.979604631123946e-26,0.537060628589563,250,99,3,148,10000,10000,0.000999900009999
MovieLens-1M,itemknn,sampled_unseen_negatives_with_target,target_margin,sensitivity,budget3,joint_effect_ndcg,loo,greedy_cf,0.05177892074915465,0.0,0.03726955898948354,0.06709210116907971,9.999000099990002e-05,6.801200228001569e-16,0.42577426759665643,250,64,3,183,10000,10000,0.000999900009999
MovieLens-1M,itemknn,sampled_unseen_negatives_with_target,target_margin,sensitivity,budget3,joint_effect_ndcg,loo,random,0.059555953541366224,0.0,0.04642210282299274,0.07350087612554572,9.999000099990002e-05,6.979604631123946e-26,0.5399962089974505,250,99,3,148,10000,10000,0.000999900009999
MovieLens-1M,itemknn,sampled_unseen_negatives_with_target,target_margin,sensitivity,budget3,joint_effect_ndcg,greedy_cf,random,0.007777032792211571,0.0,-0.0030556293669738413,0.018988702804798276,0.1703829617038296,0.03960823767054588,0.08735868001818047,250,58,37,155,10000,10000,0.6815318468153184
MovieLens-1M,itemknn,sampled_unseen_negatives_with_target,target_margin,sensitivity,budget3,joint_effect_target_margin,shapley_mc,lime,-7.50202041115328e-05,-8.311729923798916e-06,-0.00011255828258752825,-2.1286457982258968e-05,9.999000099990002e-05,1.805589187552801e-16,-0.20123367243224843,250,29,130,91,10000,10000,0.000999900009999
MovieLens-1M,itemknn,sampled_unseen_negatives_with_target,target_margin,sensitivity,budget3,joint_effect_target_margin,shapley_mc,loo,-8.334138833497743e-05,-2.566821607887784e-05,-0.00012214601674274392,-2.8076631422484767e-05,9.999000099990002e-05,1.182276844628418e-20,-0.21988632408984082,250,24,138,88,10000,10000,0.000999900009999
MovieLens-1M,itemknn,sampled_unseen_negatives_with_target,target_margin,sensitivity,budget3,joint_effect_target_margin,shapley_mc,greedy_cf,0.0025077249839629678,0.0022297669176093936,0.0022884358414676583,0.002734782651682842,9.999000099990002e-05,7.357923295772422e-63,1.3821196273592065,250,235,5,10,10000,10000,0.000999900009999
MovieLens-1M,itemknn,sampled_unseen_negatives_with_target,target_margin,sensitivity,budget3,joint_effect_target_margin,shapley_mc,random,0.0032772713446206974,0.0031027533014421184,0.003114670153479821,0.0034523992908986286,9.999000099990002e-05,1.105429575052089e-75,2.3943854094446944,250,250,0,0,10000,10000,0.000999900009999
MovieLens-1M,itemknn,sampled_unseen_negatives_with_target,target_margin,sensitivity,budget3,joint_effect_target_margin,lime,loo,-8.32118422344465e-06,0.0,-1.6229837695303274e-05,2.3203023982847783e-07,0.047495250474952504,5.636282034205402e-07,-0.12387283509954226,250,25,75,150,10000,10000,0.047495250474952504
MovieLens-1M,itemknn,sampled_unseen_negatives_with_target,target_margin,sensitivity,budget3,joint_effect_target_margin,lime,greedy_cf,0.0025827451880745,0.0022607401837693108,0.0023717058242663414,0.0028030182644555686,9.999000099990002e-05,2.6082630986389487e-66,1.482549999953082,250,237,3,10,10000,10000,0.000999900009999
MovieLens-1M,itemknn,sampled_unseen_negatives_with_target,target_margin,sensitivity,budget3,joint_effect_target_margin,lime,random,0.003352291548732231,0.003206806226437492,0.0031850741629582038,0.003522585551536125,9.999000099990002e-05,1.105429575052089e-75,2.502267205781828,250,250,0,0,10000,10000,0.000999900009999
MovieLens-1M,itemknn,sampled_unseen_negatives_with_target,target_margin,sensitivity,budget3,joint_effect_target_margin,loo,greedy_cf,0.002591066372297945,0.0022281542142611743,0.0023783680130658896,0.002806585133420571,9.999000099990002e-05,1.0821536499197921e-69,1.4852818208609015,250,237,1,12,10000,10000,0.000999900009999
MovieLens-1M,itemknn,sampled_unseen_negatives_with_target,target_margin,sensitivity,budget3,joint_effect_target_margin,loo,random,0.003360612732955675,0.003210607815476857,0.0031973900949479324,0.003528352767012751,9.999000099990002e-05,1.105429575052089e-75,2.5083696210947157,250,250,0,0,10000,10000,0.000999900009999
MovieLens-1M,itemknn,sampled_unseen_negatives_with_target,target_margin,sensitivity,budget3,joint_effect_target_margin,greedy_cf,random,0.0007695463606577301,0.0006603267303560533,0.0005014670319190107,0.0010331142081463228,9.999000099990002e-05,5.879884582604947e-09,0.3648133044776216,250,171,79,0,10000,10000,0.000999900009999
MovieLens-1M,itemknn,sampled_unseen_negatives_with_target,target_margin,sensitivity,budget3,intervention_success,shapley_mc,lime,0.004,0.0,0.0,0.012,1.0,1.0,0.0632455532033676,250,1,0,249,10000,10000,1.0
MovieLens-1M,itemknn,sampled_unseen_negatives_with_target,target_margin,sensitivity,budget3,intervention_success,shapley_mc,loo,0.004,0.0,0.0,0.012,1.0,1.0,0.0632455532033676,250,1,0,249,10000,10000,1.0
MovieLens-1M,itemknn,sampled_unseen_negatives_with_target,target_margin,sensitivity,budget3,intervention_success,shapley_mc,greedy_cf,0.36,0.0,0.3,0.42,9.999000099990002e-05,1.6155871338926322e-27,0.748498496992479,250,90,0,160,10000,10000,0.000999900009999
MovieLens-1M,itemknn,sampled_unseen_negatives_with_target,target_margin,sensitivity,budget3,intervention_success,shapley_mc,random,0.5176,0.6,0.4904,0.5455999999999999,9.999000099990002e-05,1.4149498560666738e-73,2.295266843554361,250,243,0,7,10000,10000,0.000999900009999
MovieLens-1M,itemknn,sampled_unseen_negatives_with_target,target_margin,sensitivity,budget3,intervention_success,lime,loo,0.0,0.0,0.0,0.0,1.0,1.0,0.0,250,0,0,250,10000,10000,1.0
MovieLens-1M,itemknn,sampled_unseen_negatives_with_target,target_margin,sensitivity,budget3,intervention_success,lime,greedy_cf,0.356,0.0,0.296,0.416,9.999000099990002e-05,3.2311742677852644e-27,0.7420133765180227,250,89,0,161,10000,10000,0.000999900009999
MovieLens-1M,itemknn,sampled_unseen_negatives_with_target,target_margin,sensitivity,budget3,intervention_success,lime,random,0.5136,0.6,0.48560000000000003,0.5424,9.999000099990002e-05,3.452477648802684e-71,2.239713668655427,250,242,1,7,10000,10000,0.000999900009999
MovieLens-1M,itemknn,sampled_unseen_negatives_with_target,target_margin,sensitivity,budget3,intervention_success,loo,greedy_cf,0.356,0.0,0.3,0.416,9.999000099990002e-05,3.2311742677852644e-27,0.7420133765180227,250,89,0,161,10000,10000,0.000999900009999
MovieLens-1M,itemknn,sampled_unseen_negatives_with_target,target_margin,sensitivity,budget3,intervention_success,loo,random,0.5136,0.6,0.4856,0.5416,9.999000099990002e-05,3.452477648802684e-71,2.239713668655427,250,242,1,7,10000,10000,0.000999900009999
MovieLens-1M,itemknn,sampled_unseen_negatives_with_target,target_margin,sensitivity,budget3,intervention_success,greedy_cf,random,0.1576,0.4,0.08957999999999999,0.22240000000000001,9.999000099990002e-05,1.340783911752705e-05,0.2878707481508385,250,158,89,3,10000,10000,0.000999900009999
MovieLens-1M,itemknn,sampled_unseen_negatives_with_target,target_margin,sensitivity,budget3,abstention,shapley_mc,lime,-0.004,0.0,-0.012,0.0,1.0,1.0,-0.0632455532033676,250,0,1,249,10000,10000,1.0
MovieLens-1M,itemknn,sampled_unseen_negatives_with_target,target_margin,sensitivity,budget3,abstention,shapley_mc,loo,-0.004,0.0,-0.012,0.0,1.0,1.0,-0.0632455532033676,250,0,1,249,10000,10000,1.0
MovieLens-1M,itemknn,sampled_unseen_negatives_with_target,target_margin,sensitivity,budget3,abstention,shapley_mc,greedy_cf,0.0,0.0,0.0,0.0,1.0,1.0,0.0,250,0,0,250,10000,10000,1.0
MovieLens-1M,itemknn,sampled_unseen_negatives_with_target,target_margin,sensitivity,budget3,abstention,shapley_mc,random,-0.0008,0.0,-0.0024000000000000002,0.0,1.0,1.0,-0.06324555320336757,250,0,1,249,10000,10000,1.0
MovieLens-1M,itemknn,sampled_unseen_negatives_with_target,target_margin,sensitivity,budget3,abstention,lime,loo,0.0,0.0,0.0,0.0,1.0,1.0,0.0,250,0,0,250,10000,10000,1.0
MovieLens-1M,itemknn,sampled_unseen_negatives_with_target,target_margin,sensitivity,budget3,abstention,lime,greedy_cf,0.004,0.0,0.0,0.012,1.0,1.0,0.0632455532033676,250,1,0,249,10000,10000,1.0
MovieLens-1M,itemknn,sampled_unseen_negatives_with_target,target_margin,sensitivity,budget3,abstention,lime,random,0.0032,0.0,0.0,0.009600000000000001,1.0,1.0,0.06324555320336757,250,1,0,249,10000,10000,1.0
MovieLens-1M,itemknn,sampled_unseen_negatives_with_target,target_margin,sensitivity,budget3,abstention,loo,greedy_cf,0.004,0.0,0.0,0.012,1.0,1.0,0.0632455532033676,250,1,0,249,10000,10000,1.0
MovieLens-1M,itemknn,sampled_unseen_negatives_with_target,target_margin,sensitivity,budget3,abstention,loo,random,0.0032,0.0,0.0,0.009600000000000001,1.0,1.0,0.06324555320336757,250,1,0,249,10000,10000,1.0
MovieLens-1M,itemknn,sampled_unseen_negatives_with_target,target_margin,sensitivity,budget3,abstention,greedy_cf,random,-0.0008,0.0,-0.0024000000000000002,0.0,1.0,1.0,-0.06324555320336757,250,0,1,249,10000,10000,1.0
MovieLens-1M,itemknn,sampled_unseen_negatives_with_target,target_margin,sensitivity,budget3,joint_regret_primary,shapley_mc,lime,9.604306385510342e-05,4.1892834725554275e-06,6.081286649455116e-05,0.00013651105639400025,9.999000099990002e-05,1.6163814566157175e-07,0.48853133467019877,100,50,10,40,10000,10000,0.000999900009999
MovieLens-1M,itemknn,sampled_unseen_negatives_with_target,target_margin,sensitivity,budget3,joint_regret_primary,shapley_mc,loo,9.721391340990283e-05,8.276536517493047e-06,6.144469083838219e-05,0.00013904683156309118,9.999000099990002e-05,6.108279451688681e-09,0.4854700312861155,100,54,9,37,10000,10000,0.000999900009999
MovieLens-1M,itemknn,sampled_unseen_negatives_with_target,target_margin,sensitivity,budget3,joint_regret_primary,shapley_mc,greedy_cf,-0.002374988008829444,-0.002108033174029633,-0.0027285053281722116,-0.002035924420099897,9.999000099990002e-05,1.398593586971678e-23,-1.326624969411699,100,3,91,6,10000,10000,0.000999900009999
MovieLens-1M,itemknn,sampled_unseen_negatives_with_target,target_margin,sensitivity,budget3,joint_regret_primary,shapley_mc,random,-0.0033748326742123456,-0.0030896666987974887,-0.0036491078472468447,-0.0031248614400147864,9.999000099990002e-05,1.5777218104420236e-30,-2.4936572516321625,100,0,100,0,10000,10000,0.000999900009999
MovieLens-1M,itemknn,sampled_unseen_negatives_with_target,target_margin,sensitivity,budget3,joint_regret_primary,lime,loo,1.1708495547994022e-06,0.0,-1.481423265529086e-05,1.2249251581468116e-05,0.9513048695130487,0.0033778479119064286,0.016167129723226554,100,29,10,61,10000,10000,0.9513048695130487
MovieLens-1M,itemknn,sampled_unseen_negatives_with_target,target_margin,sensitivity,budget3,joint_regret_primary,lime,greedy_cf,-0.0024710310726845475,-0.0021334979986079583,-0.0028323834563392077,-0.002130158531353296,9.999000099990002e-05,8.829183686723235e-25,-1.3867808724766175,100,2,91,7,10000,10000,0.000999900009999
MovieLens-1M,itemknn,sampled_unseen_negatives_with_target,target_margin,sensitivity,budget3,joint_regret_primary,lime,random,-0.003470875738067449,-0.0031675167289568875,-0.0037383365294411048,-0.0032094886533669572,9.999000099990002e-05,1.5777218104420236e-30,-2.5488370920738963,100,0,100,0,10000,10000,0.000999900009999
MovieLens-1M,itemknn,sampled_unseen_negatives_with_target,target_margin,sensitivity,budget3,joint_regret_primary,loo,greedy_cf,-0.0024722019222393463,-0.0021311791082119502,-0.0028289626916392203,-0.002126896677220657,9.999000099990002e-05,7.431700815906108e-26,-1.3871353421335755,100,1,90,9,10000,10000,0.000999900009999
MovieLens-1M,itemknn,sampled_unseen_negatives_with_target,target_margin,sensitivity,budget3,joint_regret_primary,loo,random,-0.003472046587622249,-0.0031550545678200705,-0.003743026620174975,-0.0032105590226594104,9.999000099990002e-05,1.5777218104420236e-30,-2.5452852317764565,100,0,100,0,10000,10000,0.000999900009999
MovieLens-1M,itemknn,sampled_unseen_negatives_with_target,target_margin,sensitivity,budget3,joint_regret_primary,greedy_cf,random,-0.0009998446653829028,-0.0008758867946628502,-0.0014093783874450407,-0.0006022872214175649,9.999000099990002e-05,1.2579150016678854e-05,-0.4776675147802624,100,28,72,0,10000,10000,0.000999900009999
MovieLens-1M,itemknn,sampled_unseen_negatives_with_target,target_margin,sensitivity,budget3,normalized_regret_primary,shapley_mc,lime,0.03471851406207704,0.0014289551229534658,0.0213140307378487,0.049463007608872796,9.999000099990002e-05,1.6163814566157175e-07,0.4780009539326336,100,50,10,40,10000,10000,0.000999900009999
MovieLens-1M,itemknn,sampled_unseen_negatives_with_target,target_margin,sensitivity,budget3,normalized_regret_primary,shapley_mc,loo,0.03510338093385825,0.0034561920050239538,0.021477946868287107,0.05053628261659553,9.999000099990002e-05,6.108279451688681e-09,0.4668850658212045,100,54,9,37,10000,10000,0.000999900009999
MovieLens-1M,itemknn,sampled_unseen_negatives_with_target,target_margin,sensitivity,budget3,normalized_regret_primary,shapley_mc,greedy_cf,-0.7593389030620098,-0.695953738939388,-0.8604469388739241,-0.658802100288979,9.999000099990002e-05,1.398593586971678e-23,-1.491229408387757,100,3,91,6,10000,10000,0.000999900009999
MovieLens-1M,itemknn,sampled_unseen_negatives_with_target,target_margin,sensitivity,budget3,normalized_regret_primary,shapley_mc,random,-0.9965893335671824,-0.9921897609527854,-1.0260899228396336,-0.9661705243000078,9.999000099990002e-05,1.5777218104420236e-30,-6.54458462974368,100,0,100,0,10000,10000,0.000999900009999
MovieLens-1M,itemknn,sampled_unseen_negatives_with_target,target_margin,sensitivity,budget3,normalized_regret_primary,lime,loo,0.0003848668717812201,0.0,-0.0053079961471093305,0.004288538493915901,0.9619038096190381,0.0033778479119064286,0.01523619138792242,100,29,10,61,10000,10000,0.9619038096190381
MovieLens-1M,itemknn,sampled_unseen_negatives_with_target,target_margin,sensitivity,budget3,normalized_regret_primary,lime,greedy_cf,-0.7940574171240868,-0.7295260591914446,-0.8953232099397741,-0.6937877759062,9.999000099990002e-05,8.829183686723235e-25,-1.5292997576660488,100,2,91,7,10000,10000,0.000999900009999
MovieLens-1M,itemknn,sampled_unseen_negatives_with_target,target_margin,sensitivity,budget3,normalized_regret_primary,lime,random,-1.0313078476292592,-1.0167077927089707,-1.061750415002972,-1.0002681761016743,9.999000099990002e-05,1.5777218104420236e-30,-6.57648476047322,100,0,100,0,10000,10000,0.000999900009999
MovieLens-1M,itemknn,sampled_unseen_negatives_with_target,target_margin,sensitivity,budget3,normalized_regret_primary,loo,greedy_cf,-0.794442283995868,-0.7295260591914446,-0.8943116921766614,-0.6964835586346652,9.999000099990002e-05,7.431700815906108e-26,-1.5307324342345558,100,1,90,9,10000,10000,0.000999900009999
MovieLens-1M,itemknn,sampled_unseen_negatives_with_target,target_margin,sensitivity,budget3,normalized_regret_primary,loo,random,-1.0316927145010404,-1.0242386960606482,-1.0621813894679233,-1.001602824656994,9.999000099990002e-05,1.5777218104420236e-30,-6.556982974675861,100,0,100,0,10000,10000,0.000999900009999
MovieLens-1M,itemknn,sampled_unseen_negatives_with_target,target_margin,sensitivity,budget3,normalized_regret_primary,greedy_cf,random,-0.2372504305051724,-0.2955947393475387,-0.34066944230641355,-0.13357739666356383,9.999000099990002e-05,1.2579150016678854e-05,-0.4490164715157943,100,28,72,0,10000,10000,0.000999900009999
MovieLens-1M,itemknn,sampled_unseen_negatives_with_target,target_margin,sensitivity,budget3,joint_regret_ndcg,shapley_mc,lime,-0.0013208923791580272,0.0,-0.008738034220824085,0.004501210206160295,1.0,0.625,-0.0398169463488982,100,3,1,96,10000,10000,1.0
MovieLens-1M,itemknn,sampled_unseen_negatives_with_target,target_margin,sensitivity,budget3,joint_regret_ndcg,shapley_mc,loo,-0.0013208923791580272,0.0,-0.0087862120880946,0.004548494650603443,1.0,0.625,-0.0398169463488982,100,3,1,96,10000,10000,1.0
MovieLens-1M,itemknn,sampled_unseen_negatives_with_target,target_margin,sensitivity,budget3,joint_regret_ndcg,shapley_mc,greedy_cf,-0.04027521549614965,0.0,-0.06441722833653318,-0.01946644053031427,9.999000099990002e-05,3.0517578125e-05,-0.3496701942671159,100,0,16,84,10000,10000,0.000999900009999
MovieLens-1M,itemknn,sampled_unseen_negatives_with_target,target_margin,sensitivity,budget3,joint_regret_ndcg,shapley_mc,random,-0.0451489364899027,0.0,-0.066578746739801,-0.02631850870664526,9.999000099990002e-05,7.916241884231567e-09,-0.4353106920009701,100,1,32,67,10000,10000,0.000999900009999
MovieLens-1M,itemknn,sampled_unseen_negatives_with_target,target_margin,sensitivity,budget3,joint_regret_ndcg,lime,loo,0.0,0.0,0.0,0.0,1.0,1.0,0.0,100,0,0,100,10000,10000,1.0
MovieLens-1M,itemknn,sampled_unseen_negatives_with_target,target_margin,sensitivity,budget3,joint_regret_ndcg,lime,greedy_cf,-0.038954323116991624,0.0,-0.06228008942459081,-0.0185258581987405,9.999000099990002e-05,3.0517578125e-05,-0.3461608281709667,100,0,16,84,10000,10000,0.000999900009999
MovieLens-1M,itemknn,sampled_unseen_negatives_with_target,target_margin,sensitivity,budget3,joint_regret_ndcg,lime,random,-0.043828044110744674,0.0,-0.06426474860409458,-0.025710230592175094,9.999000099990002e-05,7.916241884231567e-09,-0.43852108455675415,100,1,32,67,10000,10000,0.000999900009999
MovieLens-1M,itemknn,sampled_unseen_negatives_with_target,target_margin,sensitivity,budget3,joint_regret_ndcg,loo,greedy_cf,-0.038954323116991624,0.0,-0.062476642276682356,-0.018478602176411275,0.00019998000199980003,3.0517578125e-05,-0.3461608281709667,100,0,16,84,10000,10000,0.000999900009999
MovieLens-1M,itemknn,sampled_unseen_negatives_with_target,target_margin,sensitivity,budget3,joint_regret_ndcg,loo,random,-0.043828044110744674,0.0,-0.0640529055948717,-0.025666296230785438,9.999000099990002e-05,7.916241884231567e-09,-0.43852108455675415,100,1,32,67,10000,10000,0.000999900009999
MovieLens-1M,itemknn,sampled_unseen_negatives_with_target,target_margin,sensitivity,budget3,joint_regret_ndcg,greedy_cf,random,-0.004873720993753054,0.0,-0.0196304894330296,0.008505905218943236,0.5106489351064893,0.16275565745308995,-0.06849048407351532,100,12,21,67,10000,10000,1.0
MovieLens-1M,itemknn,sampled_unseen_negatives_with_target,target_margin,sensitivity,budget3,normalized_regret_ndcg,shapley_mc,lime,-0.00698811709978665,0.0,-0.06028707602731883,0.03585958661428259,1.0,0.625,-0.057340028703140346,25,3,1,21,10000,10000,1.0
MovieLens-1M,itemknn,sampled_unseen_negatives_with_target,target_margin,sensitivity,budget3,normalized_regret_ndcg,shapley_mc,loo,-0.00698811709978665,0.0,-0.06028707602731883,0.03585958661428259,1.0,0.625,-0.057340028703140346,25,3,1,21,10000,10000,1.0
MovieLens-1M,itemknn,sampled_unseen_negatives_with_target,target_margin,sensitivity,budget3,normalized_regret_ndcg,shapley_mc,greedy_cf,-0.67027861926779,-0.6463699698942272,-1.0909338026359587,-0.3448544941831594,9.999000099990002e-05,0.000244140625,-0.6917282379573979,25,0,13,12,10000,10000,0.000999900009999
MovieLens-1M,itemknn,sampled_unseen_negatives_with_target,target_margin,sensitivity,budget3,normalized_regret_ndcg,shapley_mc,random,-0.8636690544644486,-0.769795288108241,-1.1747485201651504,-0.6099749635138364,9.999000099990002e-05,1.5497207641601562e-06,-1.1605432697386684,25,1,24,0,10000,10000,0.000999900009999
MovieLens-1M,itemknn,sampled_unseen_negatives_with_target,target_margin,sensitivity,budget3,normalized_regret_ndcg,lime,loo,0.0,0.0,0.0,0.0,1.0,1.0,0.0,25,0,0,25,10000,10000,1.0
MovieLens-1M,itemknn,sampled_unseen_negatives_with_target,target_margin,sensitivity,budget3,normalized_regret_ndcg,lime,greedy_cf,-0.6632905021680034,-0.35173888997158087,-1.0651507558827393,-0.3420301431894265,0.00019998000199980003,0.000244140625,-0.6815768317565823,25,0,13,12,10000,10000,0.0011998800119988001
MovieLens-1M,itemknn,sampled_unseen_negatives_with_target,target_margin,sensitivity,budget3,normalized_regret_ndcg,lime,random,-0.8566809373646619,-0.7709797454427944,-1.172981707649653,-0.603142815911355,9.999000099990002e-05,1.5497207641601562e-06,-1.1435696647810556,25,1,24,0,10000,10000,0.000999900009999
MovieLens-1M,itemknn,sampled_unseen_negatives_with_target,target_margin,sensitivity,budget3,normalized_regret_ndcg,loo,greedy_cf,-0.6632905021680034,-0.35173888997158087,-1.0825546380249464,-0.3424163717094939,0.0004999500049995,0.000244140625,-0.6815768317565823,25,0,13,12,10000,10000,0.0024997500249975
MovieLens-1M,itemknn,sampled_unseen_negatives_with_target,target_margin,sensitivity,budget3,normalized_regret_ndcg,loo,random,-0.8566809373646619,-0.7709797454427944,-1.1830178871034187,-0.6044406161755118,9.999000099990002e-05,1.5497207641601562e-06,-1.1435696647810556,25,1,24,0,10000,10000,0.000999900009999
MovieLens-1M,itemknn,sampled_unseen_negatives_with_target,target_margin,sensitivity,budget3,normalized_regret_ndcg,greedy_cf,random,-0.19339043519665844,-0.2,-0.4880170286878564,0.12277430450826692,0.24047595240475952,0.42435622215270996,-0.24247405057838473,25,10,15,0,10000,10000,0.9619038096190381
MovieLens-1M,itemknn,sampled_unseen_negatives_with_target,target_margin,sensitivity,budget3,intervention_success_ndcg,shapley_mc,lime,0.0,0.0,-0.009600000000000001,0.009600000000000001,1.0,1.0,0.0,250,1,1,248,10000,10000,1.0
MovieLens-1M,itemknn,sampled_unseen_negatives_with_target,target_margin,sensitivity,budget3,intervention_success_ndcg,shapley_mc,loo,0.0,0.0,-0.009600000000000001,0.009600000000000001,1.0,1.0,0.0,250,1,1,248,10000,10000,1.0
MovieLens-1M,itemknn,sampled_unseen_negatives_with_target,target_margin,sensitivity,budget3,intervention_success_ndcg,shapley_mc,greedy_cf,0.188,0.0,0.14,0.23760000000000003,9.999000099990002e-05,9.059419880941277e-14,0.46997640739902635,250,49,1,200,10000,10000,0.000999900009999
MovieLens-1M,itemknn,sampled_unseen_negatives_with_target,target_margin,sensitivity,budget3,intervention_success_ndcg,shapley_mc,random,0.24480000000000002,0.0,0.1992,0.292,9.999000099990002e-05,7.344652981131973e-22,0.6468910390233636,250,85,3,162,10000,10000,0.000999900009999
MovieLens-1M,itemknn,sampled_unseen_negatives_with_target,target_margin,sensitivity,budget3,intervention_success_ndcg,lime,loo,0.0,0.0,0.0,0.0,1.0,1.0,0.0,250,0,0,250,10000,10000,1.0
MovieLens-1M,itemknn,sampled_unseen_negatives_with_target,target_margin,sensitivity,budget3,intervention_success_ndcg,lime,greedy_cf,0.188,0.0,0.14,0.24,9.999000099990002e-05,1.7763568394002505e-13,0.4681004338107915,250,48,1,201,10000,10000,0.000999900009999
MovieLens-1M,itemknn,sampled_unseen_negatives_with_target,target_margin,sensitivity,budget3,intervention_success_ndcg,lime,random,0.24480000000000002,0.0,0.19840000000000002,0.292,9.999000099990002e-05,1.4194419311409955e-21,0.6440078034824964,250,84,3,163,10000,10000,0.000999900009999
MovieLens-1M,itemknn,sampled_unseen_negatives_with_target,target_margin,sensitivity,budget3,intervention_success_ndcg,loo,greedy_cf,0.188,0.0,0.14,0.24,9.999000099990002e-05,1.7763568394002505e-13,0.4681004338107915,250,48,1,201,10000,10000,0.000999900009999
MovieLens-1M,itemknn,sampled_unseen_negatives_with_target,target_margin,sensitivity,budget3,intervention_success_ndcg,loo,random,0.24480000000000002,0.0,0.1992,0.292,9.999000099990002e-05,1.4194419311409955e-21,0.6440078034824964,250,84,3,163,10000,10000,0.000999900009999
MovieLens-1M,itemknn,sampled_unseen_negatives_with_target,target_margin,sensitivity,budget3,intervention_success_ndcg,greedy_cf,random,0.056799999999999996,0.0,0.018400000000000003,0.0968,0.004199580041995801,0.46381761789686937,0.18162174816851634,250,37,30,183,10000,10000,0.016798320167983202
MovieLens-1M,itemknn,sampled_unseen_negatives_with_target,target_margin,sensitivity,candidates100,aia,shapley_mc,lime,-0.12594292607882399,-0.0775253616894197,-0.14536152117037826,-0.10778432003725935,9.999000099990002e-05,3.2992163906637216e-47,-0.8509876626510429,250,19,230,1,10000,10000,0.000999900009999
MovieLens-1M,itemknn,sampled_unseen_negatives_with_target,target_margin,sensitivity,candidates100,aia,shapley_mc,loo,-0.16145744900013886,-0.10650743040028143,-0.18098279731771116,-0.1431906854337758,9.999000099990002e-05,3.468395834683434e-71,-1.0490568790399624,250,2,248,0,10000,10000,0.000999900009999
MovieLens-1M,itemknn,sampled_unseen_negatives_with_target,target_margin,sensitivity,candidates100,aia,shapley_mc,greedy_cf,0.5603937791095165,0.5807370349972183,0.5156192418380103,0.6050666190716258,9.999000099990002e-05,3.8625145542624075e-61,1.5506264627688189,250,242,8,0,10000,10000,0.000999900009999
MovieLens-1M,itemknn,sampled_unseen_negatives_with_target,target_margin,sensitivity,candidates100,aia,shapley_mc,random,0.823781709592251,0.8541761339916862,0.7999762759214011,0.8468923018666404,9.999000099990002e-05,2.7746282333807432e-73,4.3899272491099355,250,249,1,0,10000,10000,0.000999900009999
MovieLens-1M,itemknn,sampled_unseen_negatives_with_target,target_margin,sensitivity,candidates100,aia,lime,loo,-0.03551452292131485,-0.025766517616175433,-0.040200572378441254,-0.03110202648223761,9.999000099990002e-05,6.640866658129078e-65,-0.9767089240582479,250,5,242,3,10000,10000,0.000999900009999
MovieLens-1M,itemknn,sampled_unseen_negatives_with_target,target_margin,sensitivity,candidates100,aia,lime,greedy_cf,0.6863367051883404,0.6740703462189248,0.6499687656185406,0.7236050352967347,9.999000099990002e-05,4.421718300208356e-75,2.3276255022345764,250,248,0,2,10000,10000,0.000999900009999
MovieLens-1M,itemknn,sampled_unseen_negatives_with_target,target_margin,sensitivity,candidates100,aia,lime,random,0.949724635671075,0.9582046891804525,0.9351558118522735,0.9639860019463675,9.999000099990002e-05,1.105429575052089e-75,8.198363994911688,250,250,0,0,10000,10000,0.000999900009999
MovieLens-1M,itemknn,sampled_unseen_negatives_with_target,target_margin,sensitivity,candidates100,aia,loo,greedy_cf,0.7218512281096555,0.7120227846019523,0.6856010719232442,0.758940552291537,9.999000099990002e-05,2.210859150104178e-75,2.463023395216555,250,249,0,1,10000,10000,0.000999900009999
MovieLens-1M,itemknn,sampled_unseen_negatives_with_target,target_margin,sensitivity,candidates100,aia,loo,random,0.9852391585923899,0.9834426537443381,0.9714641302205737,0.9987699691120675,9.999000099990002e-05,1.105429575052089e-75,8.839765451285736,250,250,0,0,10000,10000,0.000999900009999
MovieLens-1M,itemknn,sampled_unseen_negatives_with_target,target_margin,sensitivity,candidates100,aia,greedy_cf,random,0.2633879304827345,0.2679219905852429,0.2256655221992421,0.3016084106124688,9.999000099990002e-05,7.820672314545801e-22,0.8596847519816535,250,199,51,0,10000,10000,0.000999900009999
MovieLens-1M,itemknn,sampled_unseen_negatives_with_target,target_margin,sensitivity,candidates100,aia_ndcg,shapley_mc,lime,-0.0068045619778724425,-0.009335069677477686,-0.028323970441557208,0.013881386599832755,0.527047295270473,0.041729321201286,-0.061505262164362744,106,38,59,9,10000,10000,0.6404359564043596
MovieLens-1M,itemknn,sampled_unseen_negatives_with_target,target_margin,sensitivity,candidates100,aia_ndcg,shapley_mc,loo,-0.01505601374896839,-0.006165881742234841,-0.03850930285535833,0.009002234330947179,0.21347865213478653,0.0022094328919877613,-0.12130601403696342,106,36,68,2,10000,10000,0.6404359564043596
MovieLens-1M,itemknn,sampled_unseen_negatives_with_target,target_margin,sensitivity,candidates100,aia_ndcg,shapley_mc,greedy_cf,0.22310975124769744,0.2625047408529879,0.16168822200433988,0.28360495800759633,9.999000099990002e-05,1.4622475248231136e-08,0.689323150958665,106,80,23,3,10000,10000,0.000999900009999
MovieLens-1M,itemknn,sampled_unseen_negatives_with_target,target_margin,sensitivity,candidates100,aia_ndcg,shapley_mc,random,0.35832552246795285,0.37479781647091703,0.3063071008635309,0.4105958000959536,9.999000099990002e-05,4.542762798571596e-16,1.3098738449512066,106,93,13,0,10000,10000,0.000999900009999
MovieLens-1M,itemknn,sampled_unseen_negatives_with_target,target_margin,sensitivity,candidates100,aia_ndcg,lime,loo,-0.008251451771095951,-0.004566346331593862,-0.02049369989381031,0.005132499096750761,0.22497750224977503,0.0007275705786733463,-0.12123160366361949,106,34,69,3,10000,10000,0.6404359564043596
MovieLens-1M,itemknn,sampled_unseen_negatives_with_target,target_margin,sensitivity,candidates100,aia_ndcg,lime,greedy_cf,0.2299143132255699,0.23747027657576633,0.16904731939326015,0.2893492118549317,9.999000099990002e-05,1.6587715917767935e-10,0.7213312937921456,106,82,19,5,10000,10000,0.000999900009999
MovieLens-1M,itemknn,sampled_unseen_negatives_with_target,target_margin,sensitivity,candidates100,aia_ndcg,lime,random,0.3651300844458253,0.39524908926316304,0.30968528217390245,0.41756746169531583,9.999000099990002e-05,7.727370135207906e-18,1.2672415273708366,106,95,11,0,10000,10000,0.000999900009999
MovieLens-1M,itemknn,sampled_unseen_negatives_with_target,target_margin,sensitivity,candidates100,aia_ndcg,loo,greedy_cf,0.2381657649966658,0.24007618988956592,0.1759951194910833,0.2992181253647952,9.999000099990002e-05,5.394032051902122e-13,0.7388706940973967,106,87,16,3,10000,10000,0.000999900009999
MovieLens-1M,itemknn,sampled_unseen_negatives_with_target,target_margin,sensitivity,candidates100,aia_ndcg,loo,random,0.37338153621692133,0.395745943674377,0.3176236052092806,0.4276052116758231,9.999000099990002e-05,6.454479575071314e-22,1.2675128343859803,106,99,7,0,10000,10000,0.000999900009999
MovieLens-1M,itemknn,sampled_unseen_negatives_with_target,target_margin,sensitivity,candidates100,aia_ndcg,greedy_cf,random,0.1352157712202555,0.16372604586316003,0.07706829262172143,0.19229487034310372,9.999000099990002e-05,0.008416993570533986,0.44679395330838156,106,67,39,0,10000,10000,0.000999900009999
MovieLens-1M,itemknn,sampled_unseen_negatives_with_target,target_margin,sensitivity,candidates100,faithfulness_alignment,shapley_mc,lime,-0.1518790817803651,-0.09011384915749338,-0.17951567023256976,-0.12794155765596846,9.999000099990002e-05,1.0584258908640635e-56,-0.737333027883037,250,11,238,1,10000,10000,0.000999900009999
MovieLens-1M,itemknn,sampled_unseen_negatives_with_target,target_margin,sensitivity,candidates100,faithfulness_alignment,shapley_mc,loo,-0.19144071302551474,-0.12396968938608255,-0.2188602941289109,-0.16698538733463617,9.999000099990002e-05,1.105429575052089e-75,-0.9046265437077341,250,0,250,0,10000,10000,0.000999900009999
MovieLens-1M,itemknn,sampled_unseen_negatives_with_target,target_margin,sensitivity,candidates100,faithfulness_alignment,shapley_mc,greedy_cf,0.5453450768575767,0.5765649511786122,0.49602640378270224,0.5933702571118801,9.999000099990002e-05,2.0367281879018056e-54,1.3824477317692734,250,237,13,0,10000,10000,0.000999900009999
MovieLens-1M,itemknn,sampled_unseen_negatives_with_target,target_margin,sensitivity,candidates100,faithfulness_alignment,shapley_mc,random,0.8129639983965803,0.8558689946432412,0.7856583346735392,0.8383593779474771,9.999000099990002e-05,3.468395834683434e-71,3.888560563949313,250,248,2,0,10000,10000,0.000999900009999
MovieLens-1M,itemknn,sampled_unseen_negatives_with_target,target_margin,sensitivity,candidates100,faithfulness_alignment,lime,loo,-0.03956163124514964,-0.02832342885364103,-0.04372933527699504,-0.035563032498511914,9.999000099990002e-05,2.210859150104178e-75,-1.2027857247109754,250,0,249,1,10000,10000,0.000999900009999
MovieLens-1M,itemknn,sampled_unseen_negatives_with_target,target_margin,sensitivity,candidates100,faithfulness_alignment,lime,greedy_cf,0.6972241586379418,0.680289044253639,0.6603155112529951,0.7349205170893741,9.999000099990002e-05,2.210859150104178e-75,2.3649843202882166,250,249,0,1,10000,10000,0.000999900009999
MovieLens-1M,itemknn,sampled_unseen_negatives_with_target,target_margin,sensitivity,candidates100,faithfulness_alignment,lime,random,0.9648430801769454,0.9644818551315806,0.9503271736934061,0.9802249099390807,9.999000099990002e-05,1.105429575052089e-75,8.017795346084327,250,250,0,0,10000,10000,0.000999900009999
MovieLens-1M,itemknn,sampled_unseen_negatives_with_target,target_margin,sensitivity,candidates100,faithfulness_alignment,loo,greedy_cf,0.7367857898830915,0.7274704120673412,0.6999890787616954,0.7733054503042142,9.999000099990002e-05,2.210859150104178e-75,2.5023448088163134,250,249,0,1,10000,10000,0.000999900009999
MovieLens-1M,itemknn,sampled_unseen_negatives_with_target,target_margin,sensitivity,candidates100,faithfulness_alignment,loo,random,1.004404711422095,0.9997097456921598,0.9902096106260143,1.0190981964316141,9.999000099990002e-05,1.105429575052089e-75,8.63979297061072,250,250,0,0,10000,10000,0.000999900009999
MovieLens-1M,itemknn,sampled_unseen_negatives_with_target,target_margin,sensitivity,candidates100,faithfulness_alignment,greedy_cf,random,0.26761892153900363,0.2791776640495439,0.22771613389561385,0.3074680986707646,9.999000099990002e-05,1.977969695995672e-22,0.8354579706965801,250,200,50,0,10000,10000,0.000999900009999
MovieLens-1M,itemknn,sampled_unseen_negatives_with_target,target_margin,sensitivity,candidates100,actionability_gap,shapley_mc,lime,0.02593615570154113,0.00495315775903068,0.01567982460872682,0.03944280534916528,9.999000099990002e-05,6.3349794131648196e-12,0.26417319719308296,250,150,53,47,10000,10000,0.000999900009999
MovieLens-1M,itemknn,sampled_unseen_negatives_with_target,target_margin,sensitivity,candidates100,actionability_gap,shapley_mc,loo,0.029983264025375888,0.005806701660602709,0.01923075196755598,0.04381788527593336,9.999000099990002e-05,1.1142185190956385e-16,0.2978709669708773,250,171,50,29,10000,10000,0.000999900009999
MovieLens-1M,itemknn,sampled_unseen_negatives_with_target,target_margin,sensitivity,candidates100,actionability_gap,shapley_mc,greedy_cf,0.015048702251939827,0.0,0.003781952615172412,0.029198202038370848,0.007599240075992401,0.1602347133629021,0.14510646718223047,250,112,91,47,10000,10000,0.015198480151984802
MovieLens-1M,itemknn,sampled_unseen_negatives_with_target,target_margin,sensitivity,candidates100,actionability_gap,shapley_mc,random,0.010817711195670729,0.0,0.004666125188914667,0.018131550335663434,0.0007999200079992001,0.0019404256423783083,0.19776352367903247,250,124,79,47,10000,10000,0.0023997600239976003
MovieLens-1M,itemknn,sampled_unseen_negatives_with_target,target_margin,sensitivity,candidates100,actionability_gap,lime,loo,0.004047108323834762,1.1102230246251565e-16,0.0018723003232163664,0.006311993497843987,9.999000099990002e-05,0.00011178166898613975,0.22326878762694588,250,139,81,30,10000,10000,0.000999900009999
MovieLens-1M,itemknn,sampled_unseen_negatives_with_target,target_margin,sensitivity,candidates100,actionability_gap,lime,greedy_cf,-0.010887453449601302,0.0,-0.01646082735118693,-0.0056959363901122875,9.999000099990002e-05,0.023761175886632402,-0.2493979040673069,250,84,117,49,10000,10000,0.000999900009999
MovieLens-1M,itemknn,sampled_unseen_negatives_with_target,target_margin,sensitivity,candidates100,actionability_gap,lime,random,-0.0151184445058704,-0.00015037593984961752,-0.025149143375398555,-0.007805008234411886,9.999000099990002e-05,0.0011898933198358237,-0.21492965315433804,250,78,125,47,10000,10000,0.000999900009999
MovieLens-1M,itemknn,sampled_unseen_negatives_with_target,target_margin,sensitivity,candidates100,actionability_gap,loo,greedy_cf,-0.014934561773436062,-1.1102230246251565e-16,-0.020653988582772887,-0.009596057582542483,9.999000099990002e-05,7.021756886975094e-06,-0.33440517932470537,250,76,143,31,10000,10000,0.000999900009999
MovieLens-1M,itemknn,sampled_unseen_negatives_with_target,target_margin,sensitivity,candidates100,actionability_gap,loo,random,-0.01916555282970516,-0.004215969105558025,-0.028910455331478176,-0.011956739716969726,9.999000099990002e-05,4.0213487791034564e-15,-0.2726588572862287,250,53,168,29,10000,10000,0.000999900009999
MovieLens-1M,itemknn,sampled_unseen_negatives_with_target,target_margin,sensitivity,candidates100,actionability_gap,greedy_cf,random,-0.004230991056269098,0.0,-0.01472675616939914,0.003977446768936223,0.43515648435156484,0.26139605168264984,-0.055811614206985785,250,93,110,47,10000,10000,0.43515648435156484
MovieLens-1M,itemknn,sampled_unseen_negatives_with_target,target_margin,sensitivity,candidates100,signed_alignment,shapley_mc,lime,-0.025657256335681396,-0.017513216211458404,-0.03018862162864527,-0.021650839727135954,9.999000099990002e-05,7.24090914269546e-49,-0.7341495283187204,250,17,230,3,10000,10000,0.000999900009999
MovieLens-1M,itemknn,sampled_unseen_negatives_with_target,target_margin,sensitivity,candidates100,signed_alignment,shapley_mc,loo,-0.0433284279034819,-0.03177255238935628,-0.04910823311350542,-0.038141562036324336,9.999000099990002e-05,1.365293959555334e-70,-0.9864899282640361,250,2,246,2,10000,10000,0.000999900009999
MovieLens-1M,itemknn,sampled_unseen_negatives_with_target,target_margin,sensitivity,candidates100,signed_alignment,shapley_mc,greedy_cf,0.6966948639705989,0.6585460040552918,0.6499326778979043,0.7439137793285063,9.999000099990002e-05,3.468395834683434e-71,1.8073937504121778,250,248,2,0,10000,10000,0.000999900009999
MovieLens-1M,itemknn,sampled_unseen_negatives_with_target,target_margin,sensitivity,candidates100,signed_alignment,shapley_mc,random,0.9490465524488896,0.9510811965089636,0.9337332029600538,0.9641260366433588,9.999000099990002e-05,1.105429575052089e-75,7.65218863795898,250,250,0,0,10000,10000,0.000999900009999
MovieLens-1M,itemknn,sampled_unseen_negatives_with_target,target_margin,sensitivity,candidates100,signed_alignment,lime,loo,-0.017671171567800507,-0.01229940537986779,-0.0203932101284784,-0.015257288236500209,9.999000099990002e-05,2.6774105130844226e-66,-0.8701829583799741,250,4,242,4,10000,10000,0.000999900009999
MovieLens-1M,itemknn,sampled_unseen_negatives_with_target,target_margin,sensitivity,candidates100,signed_alignment,lime,greedy_cf,0.7223521203062803,0.69159696572488,0.6764991040495346,0.7695088031442936,9.999000099990002e-05,1.105429575052089e-75,1.8881418344916732,250,250,0,0,10000,10000,0.000999900009999
MovieLens-1M,itemknn,sampled_unseen_negatives_with_target,target_margin,sensitivity,candidates100,signed_alignment,lime,random,0.9747038087845711,0.9671290477608574,0.9600844514766859,0.9891570851249353,9.999000099990002e-05,1.105429575052089e-75,8.336603960851715,250,250,0,0,10000,10000,0.000999900009999
MovieLens-1M,itemknn,sampled_unseen_negatives_with_target,target_margin,sensitivity,candidates100,signed_alignment,loo,greedy_cf,0.7400232918740808,0.7031624840806003,0.6935447843127344,0.7861595447867296,9.999000099990002e-05,1.105429575052089e-75,1.9279317221698802,250,250,0,0,10000,10000,0.000999900009999
MovieLens-1M,itemknn,sampled_unseen_negatives_with_target,target_margin,sensitivity,candidates100,signed_alignment,loo,random,0.9923749803523715,0.9892272097836118,0.9780130221177272,1.0065903917730994,9.999000099990002e-05,1.105429575052089e-75,8.622969496550683,250,250,0,0,10000,10000,0.000999900009999
MovieLens-1M,itemknn,sampled_unseen_negatives_with_target,target_margin,sensitivity,candidates100,signed_alignment,greedy_cf,random,0.2523516884782907,0.30301927706751375,0.20268860772002334,0.30170154097310337,9.999000099990002e-05,2.210465514523269e-10,0.6310439347995451,250,175,75,0,10000,10000,0.000999900009999
MovieLens-1M,itemknn,sampled_unseen_negatives_with_target,target_margin,sensitivity,candidates100,signed_alignment_ndcg,shapley_mc,lime,-0.0017993219103670443,0.0,-0.01380797256273643,0.008700378181458563,0.7856214378562144,0.36203179773966154,-0.030450159387099978,106,34,43,29,10000,10000,1.0
MovieLens-1M,itemknn,sampled_unseen_negatives_with_target,target_margin,sensitivity,candidates100,signed_alignment_ndcg,shapley_mc,loo,-0.005921206900008957,-0.005072511261461882,-0.021220541964261,0.010552913146201754,0.4774522547745225,4.606242964374745e-05,-0.07173497908673285,106,29,70,7,10000,10000,1.0
MovieLens-1M,itemknn,sampled_unseen_negatives_with_target,target_margin,sensitivity,candidates100,signed_alignment_ndcg,shapley_mc,greedy_cf,0.3999207088894395,0.36325483455027385,0.3356876964575243,0.46456979750777844,9.999000099990002e-05,5.0749031687767575e-20,1.1837770874186024,106,92,7,7,10000,10000,0.000999900009999
MovieLens-1M,itemknn,sampled_unseen_negatives_with_target,target_margin,sensitivity,candidates100,signed_alignment_ndcg,shapley_mc,random,0.5673571674938002,0.5857884240009624,0.5213262936834779,0.6131310582654241,9.999000099990002e-05,2.6377536518327582e-30,2.339890162441216,106,105,1,0,10000,10000,0.000999900009999
MovieLens-1M,itemknn,sampled_unseen_negatives_with_target,target_margin,sensitivity,candidates100,signed_alignment_ndcg,lime,loo,-0.004121884989641911,-0.002920968712814123,-0.011008876760403411,0.004650442586231594,0.3578642135786421,2.0271090753126984e-07,-0.09888853544904043,106,23,74,9,10000,10000,1.0
MovieLens-1M,itemknn,sampled_unseen_negatives_with_target,target_margin,sensitivity,candidates100,signed_alignment_ndcg,lime,greedy_cf,0.40172003079980656,0.37009715210104843,0.3392929892214223,0.464824317228788,9.999000099990002e-05,1.4633698424991997e-20,1.2022505646438948,106,94,7,5,10000,10000,0.000999900009999
MovieLens-1M,itemknn,sampled_unseen_negatives_with_target,target_margin,sensitivity,candidates100,signed_alignment_ndcg,lime,random,0.5691564894041672,0.5910814139589701,0.5232987610651204,0.6138928702287065,9.999000099990002e-05,2.6377536518327582e-30,2.352369220224892,106,105,1,0,10000,10000,0.000999900009999
MovieLens-1M,itemknn,sampled_unseen_negatives_with_target,target_margin,sensitivity,candidates100,signed_alignment_ndcg,loo,greedy_cf,0.4058419157894484,0.3687936751658278,0.342107542667076,0.4701594403058671,9.999000099990002e-05,5.006007865146344e-24,1.2001634821629201,106,100,5,1,10000,10000,0.000999900009999
MovieLens-1M,itemknn,sampled_unseen_negatives_with_target,target_margin,sensitivity,candidates100,signed_alignment_ndcg,loo,random,0.573278374393809,0.603778676211445,0.5261427286023642,0.619942799065914,9.999000099990002e-05,2.6377536518327582e-30,2.3127848497752956,106,105,1,0,10000,10000,0.000999900009999
MovieLens-1M,itemknn,sampled_unseen_negatives_with_target,target_margin,sensitivity,candidates100,signed_alignment_ndcg,greedy_cf,random,0.16743645860436063,0.2118424084074838,0.11507108367007593,0.22008894855649247,9.999000099990002e-05,9.102659374333861e-06,0.605008928459296,106,76,30,0,10000,10000,0.000999900009999
MovieLens-1M,itemknn,sampled_unseen_negatives_with_target,target_margin,sensitivity,candidates100,direction_accuracy,shapley_mc,lime,-0.04576919549318931,-0.02052631578947378,-0.05502241699554315,-0.037141664545636686,9.999000099990002e-05,1.5561729868184184e-17,-0.6307170921666526,250,36,149,65,10000,10000,0.000999900009999
MovieLens-1M,itemknn,sampled_unseen_negatives_with_target,target_margin,sensitivity,candidates100,direction_accuracy,shapley_mc,loo,-0.07169830858511972,-0.050000000000000044,-0.08227419275358286,-0.061446508791518084,9.999000099990002e-05,5.907683559685011e-42,-0.8483757469748322,250,6,167,77,10000,10000,0.000999900009999
MovieLens-1M,itemknn,sampled_unseen_negatives_with_target,target_margin,sensitivity,candidates100,direction_accuracy,shapley_mc,greedy_cf,0.31542065337826947,0.33000000000000007,0.29790565621873827,0.3322242239163485,9.999000099990002e-05,3.6166777508175347e-64,2.2699478857697186,250,244,6,0,10000,10000,0.000999900009999
MovieLens-1M,itemknn,sampled_unseen_negatives_with_target,target_margin,sensitivity,candidates100,direction_accuracy,shapley_mc,random,0.4212470071792673,0.43000000000000005,0.40998333241732476,0.43256983986618813,9.999000099990002e-05,2.7746282333807432e-73,4.52143444997448,250,249,1,0,10000,10000,0.000999900009999
MovieLens-1M,itemknn,sampled_unseen_negatives_with_target,target_margin,sensitivity,candidates100,direction_accuracy,lime,loo,-0.025929113091930425,-0.010000000000000009,-0.03114404398817557,-0.020909527970567447,9.999000099990002e-05,3.147208537399531e-26,-0.6219181778696912,250,13,133,104,10000,10000,0.000999900009999
MovieLens-1M,itemknn,sampled_unseen_negatives_with_target,target_margin,sensitivity,candidates100,direction_accuracy,lime,greedy_cf,0.3611898488714588,0.3589473684210526,0.34406500434171955,0.377703738873098,9.999000099990002e-05,5.689093308005576e-69,2.651085810126166,250,246,3,1,10000,10000,0.000999900009999
MovieLens-1M,itemknn,sampled_unseen_negatives_with_target,target_margin,sensitivity,candidates100,direction_accuracy,lime,random,0.4670162026724565,0.47999999999999987,0.4584562354539166,0.47492319891511997,9.999000099990002e-05,1.105429575052089e-75,6.982230781313149,250,250,0,0,10000,10000,0.000999900009999
MovieLens-1M,itemknn,sampled_unseen_negatives_with_target,target_margin,sensitivity,candidates100,direction_accuracy,loo,greedy_cf,0.3871189619633892,0.4,0.37135893784535035,0.40316507660038625,9.999000099990002e-05,4.421718300208356e-75,3.0536298957296792,250,248,0,2,10000,10000,0.000999900009999
MovieLens-1M,itemknn,sampled_unseen_negatives_with_target,target_margin,sensitivity,candidates100,direction_accuracy,loo,random,0.492945315764387,0.49,0.485748631442345,0.5000362502781017,9.999000099990002e-05,1.105429575052089e-75,8.588081580352346,250,250,0,0,10000,10000,0.000999900009999
MovieLens-1M,itemknn,sampled_unseen_negatives_with_target,target_margin,sensitivity,candidates100,direction_accuracy,greedy_cf,random,0.10582635380099777,0.09999999999999998,0.09018715151008262,0.12166042055897318,9.999000099990002e-05,2.0072656631576648e-20,0.8307568625642826,250,192,51,7,10000,10000,0.000999900009999
MovieLens-1M,itemknn,sampled_unseen_negatives_with_target,target_margin,sensitivity,candidates100,direction_accuracy_ndcg,shapley_mc,lime,0.007574123989218327,0.0,-0.005575190925426781,0.02108748876909253,0.2806719328067193,0.1795654296875,0.10872078669415634,106,10,4,92,10000,10000,0.842015798420158
MovieLens-1M,itemknn,sampled_unseen_negatives_with_target,target_margin,sensitivity,candidates100,direction_accuracy_ndcg,shapley_mc,loo,0.005137017070979336,0.0,-0.008664139712488769,0.019461309523809513,0.49475052494750527,0.5810546875,0.06845816396054465,106,8,5,93,10000,10000,0.842015798420158
MovieLens-1M,itemknn,sampled_unseen_negatives_with_target,target_margin,sensitivity,candidates100,direction_accuracy_ndcg,shapley_mc,greedy_cf,0.24520276892918405,0.1833333333333333,0.1802200679299736,0.31082909791989977,9.999000099990002e-05,1.2750032374450517e-08,0.7039264490251955,106,57,11,38,10000,10000,0.000999900009999
MovieLens-1M,itemknn,sampled_unseen_negatives_with_target,target_margin,sensitivity,candidates100,direction_accuracy_ndcg,shapley_mc,random,0.4578157586648153,0.4666666666666667,0.4224982881374391,0.49136382354542735,9.999000099990002e-05,1.2735868422334435e-25,2.5251748960589504,106,102,4,0,10000,10000,0.000999900009999
MovieLens-1M,itemknn,sampled_unseen_negatives_with_target,target_margin,sensitivity,candidates100,direction_accuracy_ndcg,lime,loo,-0.0024371069182389914,0.0,-0.006918238993710689,0.001163522012578619,0.29147085291470853,0.453125,-0.11341451867891193,106,2,5,99,10000,10000,0.842015798420158
MovieLens-1M,itemknn,sampled_unseen_negatives_with_target,target_margin,sensitivity,candidates100,direction_accuracy_ndcg,lime,greedy_cf,0.23762864493996572,0.1833333333333333,0.17228567004274556,0.30568260094203487,9.999000099990002e-05,2.6659171387086086e-07,0.6713103338171045,106,57,14,35,10000,10000,0.000999900009999
MovieLens-1M,itemknn,sampled_unseen_negatives_with_target,target_margin,sensitivity,candidates100,direction_accuracy_ndcg,lime,random,0.45024163467559697,0.4666666666666667,0.41620444675869206,0.48401780268997247,9.999000099990002e-05,9.516916568199439e-27,2.5124612150517835,106,102,3,1,10000,10000,0.000999900009999
MovieLens-1M,itemknn,sampled_unseen_negatives_with_target,target_margin,sensitivity,candidates100,direction_accuracy_ndcg,loo,greedy_cf,0.2400657518582047,0.1833333333333333,0.17396776048898688,0.30906177679762586,9.999000099990002e-05,6.209495737562187e-08,0.6809400676072878,106,56,12,38,10000,10000,0.000999900009999
MovieLens-1M,itemknn,sampled_unseen_negatives_with_target,target_margin,sensitivity,candidates100,direction_accuracy_ndcg,loo,random,0.4526787415938359,0.4666666666666667,0.4180515992131558,0.485582889201993,9.999000099990002e-05,9.516916568199439e-27,2.5386510476473467,106,102,3,1,10000,10000,0.000999900009999
MovieLens-1M,itemknn,sampled_unseen_negatives_with_target,target_margin,sensitivity,candidates100,direction_accuracy_ndcg,greedy_cf,random,0.21261298973563122,0.20000000000000004,0.14913370395327943,0.27313466198371855,9.999000099990002e-05,4.4793745175678225e-08,0.6437832410266308,106,81,25,0,10000,10000,0.000999900009999
MovieLens-1M,itemknn,sampled_unseen_negatives_with_target,target_margin,sensitivity,candidates100,top1_precision,shapley_mc,lime,-0.1072,0.0,-0.1456,-0.07119999999999999,9.999000099990002e-05,3.641398627788796e-08,-0.3592862578537802,250,16,65,169,10000,10000,0.000999900009999
MovieLens-1M,itemknn,sampled_unseen_negatives_with_target,target_margin,sensitivity,candidates100,top1_precision,shapley_mc,loo,-0.1696,0.0,-0.2176,-0.12240000000000001,9.999000099990002e-05,1.647020623262653e-14,-0.4368599751672176,250,8,74,168,10000,10000,0.000999900009999
MovieLens-1M,itemknn,sampled_unseen_negatives_with_target,target_margin,sensitivity,candidates100,top1_precision,shapley_mc,greedy_cf,0.7143999999999998,1.0,0.6623799999999999,0.7648,9.999000099990002e-05,4.146472867329852e-58,1.7205606351589784,250,204,2,44,10000,10000,0.000999900009999
MovieLens-1M,itemknn,sampled_unseen_negatives_with_target,target_margin,sensitivity,candidates100,top1_precision,shapley_mc,random,0.7384,1.0,0.6928,0.7824000000000001,9.999000099990002e-05,3.299167073441416e-57,2.00382615827218,250,220,6,24,10000,10000,0.000999900009999
MovieLens-1M,itemknn,sampled_unseen_negatives_with_target,target_margin,sensitivity,candidates100,top1_precision,lime,loo,-0.0624,0.0,-0.092,-0.0344,0.00019998000199980003,2.781192165457469e-09,-0.2711555547770132,250,4,43,203,10000,10000,0.000999900009999
MovieLens-1M,itemknn,sampled_unseen_negatives_with_target,target_margin,sensitivity,candidates100,top1_precision,lime,greedy_cf,0.8215999999999999,1.0,0.7767999999999999,0.864,9.999000099990002e-05,6.61722377282636e-65,2.351252731968975,250,221,1,28,10000,10000,0.000999900009999
MovieLens-1M,itemknn,sampled_unseen_negatives_with_target,target_margin,sensitivity,candidates100,top1_precision,lime,random,0.8456,1.0,0.8128,0.876,9.999000099990002e-05,2.728023322496547e-70,3.2632055679724097,250,239,1,10,10000,10000,0.000999900009999
MovieLens-1M,itemknn,sampled_unseen_negatives_with_target,target_margin,sensitivity,candidates100,top1_precision,loo,greedy_cf,0.884,1.0,0.844,0.924,9.999000099990002e-05,3.3234487110159296e-65,2.653471006130164,250,222,1,27,10000,10000,0.000999900009999
MovieLens-1M,itemknn,sampled_unseen_negatives_with_target,target_margin,sensitivity,candidates100,top1_precision,loo,random,0.908,1.0,0.8807999999999999,0.9335999999999999,9.999000099990002e-05,1.131959884853339e-72,4.235421116106222,250,240,0,10,10000,10000,0.000999900009999
MovieLens-1M,itemknn,sampled_unseen_negatives_with_target,target_margin,sensitivity,candidates100,top1_precision,greedy_cf,random,0.024,0.0,-0.0088,0.06,0.18958104189581043,0.000521612756811516,0.08550779135101784,250,19,48,183,10000,10000,0.18958104189581043
MovieLens-1M,itemknn,sampled_unseen_negatives_with_target,target_margin,sensitivity,candidates100,top3_precision,shapley_mc,lime,-0.07759999999999999,0.0,-0.09733333333333334,-0.05866666666666666,9.999000099990002e-05,4.4262639384791036e-10,-0.4853324127760573,250,32,104,114,10000,10000,0.000999900009999
MovieLens-1M,itemknn,sampled_unseen_negatives_with_target,target_margin,sensitivity,candidates100,top3_precision,shapley_mc,loo,-0.11813333333333335,0.0,-0.14053333333333337,-0.09599333333333346,9.999000099990002e-05,1.454314462983168e-24,-0.6576028664753638,250,10,118,122,10000,10000,0.000999900009999
MovieLens-1M,itemknn,sampled_unseen_negatives_with_target,target_margin,sensitivity,candidates100,top3_precision,shapley_mc,greedy_cf,0.6485333333333333,0.6666666666666667,0.6138666666666668,0.6829333333333333,9.999000099990002e-05,1.320500255234396e-66,2.298687618486296,250,238,3,9,10000,10000,0.000999900009999
MovieLens-1M,itemknn,sampled_unseen_negatives_with_target,target_margin,sensitivity,candidates100,top3_precision,shapley_mc,random,0.6848,0.7333333333333332,0.66,0.7098666666666666,9.999000099990002e-05,1.105429575052089e-75,3.351141671173718,250,250,0,0,10000,10000,0.000999900009999
MovieLens-1M,itemknn,sampled_unseen_negatives_with_target,target_margin,sensitivity,candidates100,top3_precision,lime,loo,-0.04053333333333336,0.0,-0.05546666666666669,-0.026133333333333356,9.999000099990002e-05,2.6517165568743936e-10,-0.345840012201875,250,16,75,159,10000,10000,0.000999900009999
MovieLens-1M,itemknn,sampled_unseen_negatives_with_target,target_margin,sensitivity,candidates100,top3_precision,lime,greedy_cf,0.7261333333333333,0.7333333333333332,0.6914666666666667,0.7594666666666667,9.999000099990002e-05,5.659799424266695e-73,2.621620695381895,250,241,0,9,10000,10000,0.000999900009999
MovieLens-1M,itemknn,sampled_unseen_negatives_with_target,target_margin,sensitivity,candidates100,top3_precision,lime,random,0.7624,0.8,0.7426666666666667,0.7816000000000001,9.999000099990002e-05,1.105429575052089e-75,4.887087009993429,250,250,0,0,10000,10000,0.000999900009999
MovieLens-1M,itemknn,sampled_unseen_negatives_with_target,target_margin,sensitivity,candidates100,top3_precision,loo,greedy_cf,0.7666666666666667,1.0,0.732,0.8013333333333332,9.999000099990002e-05,2.8298997121333476e-73,2.7318393392799276,250,242,0,8,10000,10000,0.000999900009999
MovieLens-1M,itemknn,sampled_unseen_negatives_with_target,target_margin,sensitivity,candidates100,top3_precision,loo,random,0.8029333333333334,0.8666666666666667,0.7855933333333334,0.8197333333333333,9.999000099990002e-05,1.105429575052089e-75,5.749850030207759,250,250,0,0,10000,10000,0.000999900009999
MovieLens-1M,itemknn,sampled_unseen_negatives_with_target,target_margin,sensitivity,candidates100,top3_precision,greedy_cf,random,0.03626666666666666,-0.06666666666666667,0.0018666666666666614,0.07173333333333332,0.0367963203679632,0.11569091077686328,0.1320171224163202,250,104,129,17,10000,10000,0.0367963203679632
MovieLens-1M,itemknn,sampled_unseen_negatives_with_target,target_margin,sensitivity,candidates100,top5_precision,shapley_mc,lime,-0.047679999999999986,0.0,-0.060959999999999986,-0.03391999999999999,9.999000099990002e-05,5.342153941870035e-07,-0.43627614420152033,250,47,110,93,10000,10000,0.000999900009999
MovieLens-1M,itemknn,sampled_unseen_negatives_with_target,target_margin,sensitivity,candidates100,top5_precision,shapley_mc,loo,-0.08895999999999998,-0.040000000000000036,-0.10479999999999998,-0.07295999999999998,9.999000099990002e-05,1.1448962502288493e-24,-0.687795508362787,250,13,127,110,10000,10000,0.000999900009999
MovieLens-1M,itemknn,sampled_unseen_negatives_with_target,target_margin,sensitivity,candidates100,top5_precision,shapley_mc,greedy_cf,0.56304,0.6,0.52544,0.59936,9.999000099990002e-05,1.2104530621999564e-64,1.8852105304968958,250,226,2,22,10000,10000,0.000999900009999
MovieLens-1M,itemknn,sampled_unseen_negatives_with_target,target_margin,sensitivity,candidates100,top5_precision,shapley_mc,random,0.6124266666666667,0.6399999999999999,0.5934400000000001,0.63184,9.999000099990002e-05,1.105429575052089e-75,3.9949608900967184,250,250,0,0,10000,10000,0.000999900009999
MovieLens-1M,itemknn,sampled_unseen_negatives_with_target,target_margin,sensitivity,candidates100,top5_precision,lime,loo,-0.041280000000000004,0.0,-0.05136,-0.031039999999999998,9.999000099990002e-05,1.1257071535022126e-17,-0.5050288166293092,250,14,102,134,10000,10000,0.000999900009999
MovieLens-1M,itemknn,sampled_unseen_negatives_with_target,target_margin,sensitivity,candidates100,top5_precision,lime,greedy_cf,0.61072,0.6000000000000001,0.5731200000000001,0.6472,9.999000099990002e-05,6.751914321173197e-68,2.0345139708449107,250,231,1,18,10000,10000,0.000999900009999
MovieLens-1M,itemknn,sampled_unseen_negatives_with_target,target_margin,sensitivity,candidates100,top5_precision,lime,random,0.6601066666666667,0.6799999999999999,0.6421319999999999,0.6770666666666666,9.999000099990002e-05,1.105429575052089e-75,4.665828508515951,250,250,0,0,10000,10000,0.000999900009999
MovieLens-1M,itemknn,sampled_unseen_negatives_with_target,target_margin,sensitivity,candidates100,top5_precision,loo,greedy_cf,0.652,0.8,0.6144,0.6904,9.999000099990002e-05,2.897817305224548e-70,2.154476459024103,250,232,0,18,10000,10000,0.000999900009999
MovieLens-1M,itemknn,sampled_unseen_negatives_with_target,target_margin,sensitivity,candidates100,top5_precision,loo,random,0.7013866666666666,0.72,0.6831466666666667,0.7185066666666666,9.999000099990002e-05,1.105429575052089e-75,4.884176032580587,250,250,0,0,10000,10000,0.000999900009999
MovieLens-1M,itemknn,sampled_unseen_negatives_with_target,target_margin,sensitivity,candidates100,top5_precision,greedy_cf,random,0.04938666666666667,2.7755575615628914e-17,0.015464,0.08506666666666667,0.0059994000599940004,0.5178172686986396,0.1744028262857805,250,125,114,11,10000,10000,0.0059994000599940004
MovieLens-1M,itemknn,sampled_unseen_negatives_with_target,target_margin,sensitivity,candidates100,joint_effect_primary,shapley_mc,lime,-2.3966876329589312e-05,0.0,-4.835205241448022e-05,1.3494573291535177e-05,0.0826917308269173,2.421352244602046e-13,-0.09382416543319377,250,19,95,136,10000,10000,0.1653834616538346
MovieLens-1M,itemknn,sampled_unseen_negatives_with_target,target_margin,sensitivity,candidates100,joint_effect_primary,shapley_mc,loo,-2.8916169365408663e-05,0.0,-5.3235197430029384e-05,8.743057095960434e-06,0.012898710128987101,3.693156969798353e-22,-0.11297990176488942,250,9,106,135,10000,10000,0.038696130386961305
MovieLens-1M,itemknn,sampled_unseen_negatives_with_target,target_margin,sensitivity,candidates100,joint_effect_primary,shapley_mc,greedy_cf,0.002318047586018512,0.002094026402563132,0.0021118695646385743,0.0025439186297663407,9.999000099990002e-05,1.3696714606725402e-70,1.341055427961831,250,240,1,9,10000,10000,0.000999900009999
MovieLens-1M,itemknn,sampled_unseen_negatives_with_target,target_margin,sensitivity,candidates100,joint_effect_primary,shapley_mc,random,0.002352752607776991,0.0023019208558527292,0.002214041490219186,0.00249632290121822,9.999000099990002e-05,1.105429575052089e-75,2.040790986183497,250,250,0,0,10000,10000,0.000999900009999
MovieLens-1M,itemknn,sampled_unseen_negatives_with_target,target_margin,sensitivity,candidates100,joint_effect_primary,lime,loo,-4.94929303581935e-06,0.0,-8.315342047671002e-06,-1.8521203532442407e-06,0.000999900009999,5.663739625418237e-07,-0.18989823705817976,250,17,61,172,10000,10000,0.003999600039996
MovieLens-1M,itemknn,sampled_unseen_negatives_with_target,target_margin,sensitivity,candidates100,joint_effect_primary,lime,greedy_cf,0.0023420144623481015,0.0021524569601209685,0.002148744462924866,0.00254521114230491,9.999000099990002e-05,2.8298997121333476e-73,1.458356199197632,250,242,0,8,10000,10000,0.000999900009999
MovieLens-1M,itemknn,sampled_unseen_negatives_with_target,target_margin,sensitivity,candidates100,joint_effect_primary,lime,random,0.00237671948410658,0.002303205137254777,0.0022451130564969933,0.00250960416962518,9.999000099990002e-05,1.105429575052089e-75,2.231137414611352,250,250,0,0,10000,10000,0.000999900009999
MovieLens-1M,itemknn,sampled_unseen_negatives_with_target,target_margin,sensitivity,candidates100,joint_effect_primary,loo,greedy_cf,0.0023469637553839204,0.0021396377708024494,0.0021538878865082164,0.002552549904085824,9.999000099990002e-05,5.659799424266695e-73,1.460308487503537,250,241,0,9,10000,10000,0.000999900009999
MovieLens-1M,itemknn,sampled_unseen_negatives_with_target,target_margin,sensitivity,candidates100,joint_effect_primary,loo,random,0.0023816687771423995,0.0023172000002640025,0.0022514321944784497,0.002513461203003244,9.999000099990002e-05,1.105429575052089e-75,2.2356924329952363,250,250,0,0,10000,10000,0.000999900009999
MovieLens-1M,itemknn,sampled_unseen_negatives_with_target,target_margin,sensitivity,candidates100,joint_effect_primary,greedy_cf,random,3.4705021758479086e-05,-0.00011426701746341527,-0.0001687022776058745,0.00023532832645476107,0.7386261373862614,0.2822724096852117,0.0211697391285917,250,116,134,0,10000,10000,0.7386261373862614
MovieLens-1M,itemknn,sampled_unseen_negatives_with_target,target_margin,sensitivity,candidates100,joint_effect_ndcg,shapley_mc,lime,0.0001378558612305696,0.0,-0.002675000759516106,0.003377829355773895,0.9433056694330567,1.0,0.00570736866746578,250,8,8,234,10000,10000,1.0
MovieLens-1M,itemknn,sampled_unseen_negatives_with_target,target_margin,sensitivity,candidates100,joint_effect_ndcg,shapley_mc,loo,0.000844288556669881,0.0,-0.003474204379942212,0.006305732232852958,0.7791220877912208,0.1795654296875,0.020939212225014464,250,4,10,236,10000,10000,1.0
MovieLens-1M,itemknn,sampled_unseen_negatives_with_target,target_margin,sensitivity,candidates100,joint_effect_ndcg,shapley_mc,greedy_cf,0.057757614540853035,0.0,0.04368321241564966,0.0735786376341902,9.999000099990002e-05,5.763476560721547e-20,0.47635858952110405,250,82,4,164,10000,10000,0.000999900009999
MovieLens-1M,itemknn,sampled_unseen_negatives_with_target,target_margin,sensitivity,candidates100,joint_effect_ndcg,shapley_mc,random,0.04899956696703882,0.0,0.037883455795326204,0.061244580849357896,9.999000099990002e-05,7.213042994342267e-25,0.5214980030782226,250,103,5,142,10000,10000,0.000999900009999
MovieLens-1M,itemknn,sampled_unseen_negatives_with_target,target_margin,sensitivity,candidates100,joint_effect_ndcg,lime,loo,0.0007064326954393114,0.0,-0.0016359273607206273,0.004495955441838643,0.9956004399560044,0.109375,0.026812677141319078,250,2,8,240,10000,10000,1.0
MovieLens-1M,itemknn,sampled_unseen_negatives_with_target,target_margin,sensitivity,candidates100,joint_effect_ndcg,lime,greedy_cf,0.05761975867962246,0.0,0.043539909098916155,0.07281889329586048,9.999000099990002e-05,1.0997423112559616e-19,0.48322292846634973,250,81,4,165,10000,10000,0.000999900009999
MovieLens-1M,itemknn,sampled_unseen_negatives_with_target,target_margin,sensitivity,candidates100,joint_effect_ndcg,lime,random,0.04886171110580825,0.0,0.03756590594596963,0.060694692607017514,9.999000099990002e-05,6.612717750057298e-26,0.5234925417034303,250,103,4,143,10000,10000,0.000999900009999
MovieLens-1M,itemknn,sampled_unseen_negatives_with_target,target_margin,sensitivity,candidates100,joint_effect_ndcg,loo,greedy_cf,0.05691332598418315,0.0,0.042870690617613456,0.07133028640236688,9.999000099990002e-05,7.210946989931019e-22,0.49074044485064333,250,81,2,167,10000,10000,0.000999900009999
MovieLens-1M,itemknn,sampled_unseen_negatives_with_target,target_margin,sensitivity,candidates100,joint_effect_ndcg,loo,random,0.048155278410368936,0.0,0.03701714216333035,0.059770392366568156,9.999000099990002e-05,3.4322462843599494e-26,0.5336515264833833,250,104,4,142,10000,10000,0.000999900009999
MovieLens-1M,itemknn,sampled_unseen_negatives_with_target,target_margin,sensitivity,candidates100,joint_effect_ndcg,greedy_cf,random,-0.008758047573814215,0.0,-0.017240179421795745,-0.0005538852807198756,0.0400959904009599,0.1505180638902294,-0.13101913227351022,250,40,55,155,10000,10000,0.1603839616038396
MovieLens-1M,itemknn,sampled_unseen_negatives_with_target,target_margin,sensitivity,candidates100,joint_effect_target_margin,shapley_mc,lime,-2.3966876329589312e-05,0.0,-4.799248041907772e-05,1.2735151076202791e-05,0.07379262073792621,2.421352244602046e-13,-0.09382416543319377,250,19,95,136,10000,10000,0.14758524147585242
MovieLens-1M,itemknn,sampled_unseen_negatives_with_target,target_margin,sensitivity,candidates100,joint_effect_target_margin,shapley_mc,loo,-2.8916169365408663e-05,0.0,-5.288487166340947e-05,8.150154702071633e-06,0.0136986301369863,3.693156969798353e-22,-0.11297990176488942,250,9,106,135,10000,10000,0.0410958904109589
MovieLens-1M,itemknn,sampled_unseen_negatives_with_target,target_margin,sensitivity,candidates100,joint_effect_target_margin,shapley_mc,greedy_cf,0.002318047586018512,0.002094026402563132,0.0021129586202511663,0.0025449242938253166,9.999000099990002e-05,1.3696714606725402e-70,1.341055427961831,250,240,1,9,10000,10000,0.000999900009999
MovieLens-1M,itemknn,sampled_unseen_negatives_with_target,target_margin,sensitivity,candidates100,joint_effect_target_margin,shapley_mc,random,0.002352752607776991,0.0023019208558527292,0.0022115773251599915,0.002499807539194222,9.999000099990002e-05,1.105429575052089e-75,2.040790986183497,250,250,0,0,10000,10000,0.000999900009999
MovieLens-1M,itemknn,sampled_unseen_negatives_with_target,target_margin,sensitivity,candidates100,joint_effect_target_margin,lime,loo,-4.94929303581935e-06,0.0,-8.287138679395472e-06,-1.9199218696617556e-06,0.0008999100089991,5.663739625418237e-07,-0.18989823705817976,250,17,61,172,10000,10000,0.0035996400359964
MovieLens-1M,itemknn,sampled_unseen_negatives_with_target,target_margin,sensitivity,candidates100,joint_effect_target_margin,lime,greedy_cf,0.0023420144623481015,0.0021524569601209685,0.0021450281580450816,0.00254841548692176,9.999000099990002e-05,2.8298997121333476e-73,1.458356199197632,250,242,0,8,10000,10000,0.000999900009999
MovieLens-1M,itemknn,sampled_unseen_negatives_with_target,target_margin,sensitivity,candidates100,joint_effect_target_margin,lime,random,0.00237671948410658,0.002303205137254777,0.002249140515255437,0.0025160360729740107,9.999000099990002e-05,1.105429575052089e-75,2.231137414611352,250,250,0,0,10000,10000,0.000999900009999
MovieLens-1M,itemknn,sampled_unseen_negatives_with_target,target_margin,sensitivity,candidates100,joint_effect_target_margin,loo,greedy_cf,0.0023469637553839204,0.0021396377708024494,0.0021553779577647997,0.0025564876541520317,9.999000099990002e-05,5.659799424266695e-73,1.460308487503537,250,241,0,9,10000,10000,0.000999900009999
MovieLens-1M,itemknn,sampled_unseen_negatives_with_target,target_margin,sensitivity,candidates100,joint_effect_target_margin,loo,random,0.0023816687771423995,0.0023172000002640025,0.0022495042605175162,0.002512751682132028,9.999000099990002e-05,1.105429575052089e-75,2.2356924329952363,250,250,0,0,10000,10000,0.000999900009999
MovieLens-1M,itemknn,sampled_unseen_negatives_with_target,target_margin,sensitivity,candidates100,joint_effect_target_margin,greedy_cf,random,3.4705021758479086e-05,-0.00011426701746341527,-0.00016279973993516897,0.00023745874391167696,0.7410258974102589,0.2822724096852117,0.0211697391285917,250,116,134,0,10000,10000,0.7410258974102589
MovieLens-1M,itemknn,sampled_unseen_negatives_with_target,target_margin,sensitivity,candidates100,intervention_success,shapley_mc,lime,-0.0032,0.0,-0.009600000000000001,0.0,1.0,1.0,-0.06324555320336758,250,0,1,249,10000,10000,1.0
MovieLens-1M,itemknn,sampled_unseen_negatives_with_target,target_margin,sensitivity,candidates100,intervention_success,shapley_mc,loo,-0.0032,0.0,-0.009600000000000001,0.0,1.0,1.0,-0.06324555320336758,250,0,1,249,10000,10000,1.0
MovieLens-1M,itemknn,sampled_unseen_negatives_with_target,target_margin,sensitivity,candidates100,intervention_success,shapley_mc,greedy_cf,0.5568,1.0,0.4935800000000001,0.6176,9.999000099990002e-05,1.018800035502715e-40,1.105781126957756,250,140,1,109,10000,10000,0.000999900009999
MovieLens-1M,itemknn,sampled_unseen_negatives_with_target,target_margin,sensitivity,candidates100,intervention_success,shapley_mc,random,0.5032000000000001,0.4,0.4744,0.5312,9.999000099990002e-05,2.8298997121333476e-73,2.1907102144260975,250,242,0,8,10000,10000,0.000999900009999
MovieLens-1M,itemknn,sampled_unseen_negatives_with_target,target_margin,sensitivity,candidates100,intervention_success,lime,loo,0.0,0.0,0.0,0.0,1.0,1.0,0.0,250,0,0,250,10000,10000,1.0
MovieLens-1M,itemknn,sampled_unseen_negatives_with_target,target_margin,sensitivity,candidates100,intervention_success,lime,greedy_cf,0.56,1.0,0.496,0.62,9.999000099990002e-05,1.4349296274686127e-42,1.1258935845080404,250,140,0,110,10000,10000,0.000999900009999
MovieLens-1M,itemknn,sampled_unseen_negatives_with_target,target_margin,sensitivity,candidates100,intervention_success,lime,random,0.5064000000000001,0.4,0.4784,0.5344,9.999000099990002e-05,1.4149498560666738e-73,2.2188472252707983,250,243,0,7,10000,10000,0.000999900009999
MovieLens-1M,itemknn,sampled_unseen_negatives_with_target,target_margin,sensitivity,candidates100,intervention_success,loo,greedy_cf,0.56,1.0,0.5,0.62,9.999000099990002e-05,1.4349296274686127e-42,1.1258935845080404,250,140,0,110,10000,10000,0.000999900009999
MovieLens-1M,itemknn,sampled_unseen_negatives_with_target,target_margin,sensitivity,candidates100,intervention_success,loo,random,0.5064000000000001,0.4,0.4776,0.5344,9.999000099990002e-05,1.4149498560666738e-73,2.2188472252707983,250,243,0,7,10000,10000,0.000999900009999
MovieLens-1M,itemknn,sampled_unseen_negatives_with_target,target_margin,sensitivity,candidates100,intervention_success,greedy_cf,random,-0.053599999999999995,-0.2,-0.124,0.020019999999999715,0.15648435156484353,0.1391137741959632,-0.09186804623781003,250,109,133,8,10000,10000,0.6259374062593741
MovieLens-1M,itemknn,sampled_unseen_negatives_with_target,target_margin,sensitivity,candidates100,abstention,shapley_mc,lime,0.0,0.0,0.0,0.0,1.0,1.0,0.0,250,0,0,250,10000,10000,1.0
MovieLens-1M,itemknn,sampled_unseen_negatives_with_target,target_margin,sensitivity,candidates100,abstention,shapley_mc,loo,0.0,0.0,0.0,0.0,1.0,1.0,0.0,250,0,0,250,10000,10000,1.0
MovieLens-1M,itemknn,sampled_unseen_negatives_with_target,target_margin,sensitivity,candidates100,abstention,shapley_mc,greedy_cf,0.0,0.0,0.0,0.0,1.0,1.0,0.0,250,0,0,250,10000,10000,1.0
MovieLens-1M,itemknn,sampled_unseen_negatives_with_target,target_margin,sensitivity,candidates100,abstention,shapley_mc,random,-0.0008,0.0,-0.0024000000000000002,0.0,1.0,1.0,-0.06324555320336757,250,0,1,249,10000,10000,1.0
MovieLens-1M,itemknn,sampled_unseen_negatives_with_target,target_margin,sensitivity,candidates100,abstention,lime,loo,0.0,0.0,0.0,0.0,1.0,1.0,0.0,250,0,0,250,10000,10000,1.0
MovieLens-1M,itemknn,sampled_unseen_negatives_with_target,target_margin,sensitivity,candidates100,abstention,lime,greedy_cf,0.0,0.0,0.0,0.0,1.0,1.0,0.0,250,0,0,250,10000,10000,1.0
MovieLens-1M,itemknn,sampled_unseen_negatives_with_target,target_margin,sensitivity,candidates100,abstention,lime,random,-0.0008,0.0,-0.0024000000000000002,0.0,1.0,1.0,-0.06324555320336757,250,0,1,249,10000,10000,1.0
MovieLens-1M,itemknn,sampled_unseen_negatives_with_target,target_margin,sensitivity,candidates100,abstention,loo,greedy_cf,0.0,0.0,0.0,0.0,1.0,1.0,0.0,250,0,0,250,10000,10000,1.0
MovieLens-1M,itemknn,sampled_unseen_negatives_with_target,target_margin,sensitivity,candidates100,abstention,loo,random,-0.0008,0.0,-0.0024000000000000002,0.0,1.0,1.0,-0.06324555320336757,250,0,1,249,10000,10000,1.0
MovieLens-1M,itemknn,sampled_unseen_negatives_with_target,target_margin,sensitivity,candidates100,abstention,greedy_cf,random,-0.0008,0.0,-0.0024000000000000002,0.0,1.0,1.0,-0.06324555320336757,250,0,1,249,10000,10000,1.0
MovieLens-1M,itemknn,sampled_unseen_negatives_with_target,target_margin,sensitivity,candidates100,joint_regret_primary,shapley_mc,lime,2.396687632958932e-05,0.0,-1.2933487671323511e-05,4.823534553947016e-05,0.07979202079792021,2.421352244602046e-13,0.0938241654331938,250,95,19,136,10000,10000,0.15958404159584041
MovieLens-1M,itemknn,sampled_unseen_negatives_with_target,target_margin,sensitivity,candidates100,joint_regret_primary,shapley_mc,loo,2.8916169365408216e-05,0.0,-8.981823442666637e-06,5.2632326416491655e-05,0.013798620137986202,3.693156969798353e-22,0.11297990176488767,250,106,9,135,10000,10000,0.0413958604139586
MovieLens-1M,itemknn,sampled_unseen_negatives_with_target,target_margin,sensitivity,candidates100,joint_regret_primary,shapley_mc,greedy_cf,-0.0023180475860185112,-0.002094026402563132,-0.0025434923029614034,-0.0021125384804542785,9.999000099990002e-05,1.3696714606725402e-70,-1.3410554279618312,250,1,240,9,10000,10000,0.000999900009999
MovieLens-1M,itemknn,sampled_unseen_negatives_with_target,target_margin,sensitivity,candidates100,joint_regret_primary,shapley_mc,random,-0.00235275260777699,-0.0023019208558527292,-0.002496705474201834,-0.002216523540046993,9.999000099990002e-05,1.105429575052089e-75,-2.040790986183498,250,0,250,0,10000,10000,0.000999900009999
MovieLens-1M,itemknn,sampled_unseen_negatives_with_target,target_margin,sensitivity,candidates100,joint_regret_primary,lime,loo,4.949293035818902e-06,0.0,1.8666342769441324e-06,8.326931024259487e-06,0.0011998800119988001,5.663739625418237e-07,0.18989823705816397,250,61,17,172,10000,10000,0.0047995200479952005
MovieLens-1M,itemknn,sampled_unseen_negatives_with_target,target_margin,sensitivity,candidates100,joint_regret_primary,lime,greedy_cf,-0.0023420144623481002,-0.0021524569601209685,-0.002544045698862108,-0.0021484630592870394,9.999000099990002e-05,2.8298997121333476e-73,-1.458356199197632,250,0,242,8,10000,10000,0.000999900009999
MovieLens-1M,itemknn,sampled_unseen_negatives_with_target,target_margin,sensitivity,candidates100,joint_regret_primary,lime,random,-0.0023767194841065793,-0.002303205137254777,-0.0025174016187085226,-0.0022472629195101415,9.999000099990002e-05,1.105429575052089e-75,-2.231137414611353,250,0,250,0,10000,10000,0.000999900009999
MovieLens-1M,itemknn,sampled_unseen_negatives_with_target,target_margin,sensitivity,candidates100,joint_regret_primary,loo,greedy_cf,-0.0023469637553839187,-0.0021396377708024494,-0.0025480570815808803,-0.0021515600346383983,9.999000099990002e-05,5.659799424266695e-73,-1.4603084875035368,250,0,241,9,10000,10000,0.000999900009999
MovieLens-1M,itemknn,sampled_unseen_negatives_with_target,target_margin,sensitivity,candidates100,joint_regret_primary,loo,random,-0.0023816687771423977,-0.0023172000002640025,-0.002514705012367313,-0.002249627297138699,9.999000099990002e-05,1.105429575052089e-75,-2.2356924329952363,250,0,250,0,10000,10000,0.000999900009999
MovieLens-1M,itemknn,sampled_unseen_negatives_with_target,target_margin,sensitivity,candidates100,joint_regret_primary,greedy_cf,random,-3.4705021758479066e-05,0.00011426701746341519,-0.000239777593945954,0.0001665186962971353,0.7432256774322568,0.2822724096852117,-0.02116973912859169,250,134,116,0,10000,10000,0.7432256774322568
MovieLens-1M,itemknn,sampled_unseen_negatives_with_target,target_margin,sensitivity,candidates100,normalized_regret_primary,shapley_mc,lime,0.02310548596320328,0.0,0.013069461501710415,0.0342071558084816,9.999000099990002e-05,2.421352244602046e-13,0.2788743782057936,250,95,19,136,10000,10000,0.000999900009999
MovieLens-1M,itemknn,sampled_unseen_negatives_with_target,target_margin,sensitivity,candidates100,normalized_regret_primary,shapley_mc,loo,0.024950524108382187,0.0,0.015762909587234412,0.03470518642398497,9.999000099990002e-05,3.693156969798353e-22,0.3260054436983922,250,106,9,135,10000,10000,0.000999900009999
MovieLens-1M,itemknn,sampled_unseen_negatives_with_target,target_margin,sensitivity,candidates100,normalized_regret_primary,shapley_mc,greedy_cf,-1.0462596972384666,-1.0905884646328095,-1.1174487065122816,-0.9730800337382617,9.999000099990002e-05,1.3696714606725402e-70,-1.8241850419512124,250,1,240,9,10000,10000,0.000999900009999
MovieLens-1M,itemknn,sampled_unseen_negatives_with_target,target_margin,sensitivity,candidates100,normalized_regret_primary,shapley_mc,random,-0.9989979747119926,-1.004713461860892,-1.0264100241186347,-0.9720441702891021,9.999000099990002e-05,1.105429575052089e-75,-4.490006470687674,250,0,250,0,10000,10000,0.000999900009999
MovieLens-1M,itemknn,sampled_unseen_negatives_with_target,target_margin,sensitivity,candidates100,normalized_regret_primary,lime,loo,0.0018450381451789015,0.0,-0.0012472473755464094,0.004489486284527553,0.23947605239476052,5.663739625418237e-07,0.07828020255207803,250,61,17,172,10000,10000,0.4747525247475253
MovieLens-1M,itemknn,sampled_unseen_negatives_with_target,target_margin,sensitivity,candidates100,normalized_regret_primary,lime,greedy_cf,-1.06936518320167,-1.1108152240207712,-1.1388443221531097,-0.9988913623281702,9.999000099990002e-05,2.8298997121333476e-73,-1.8733213215505224,250,0,242,8,10000,10000,0.000999900009999
MovieLens-1M,itemknn,sampled_unseen_negatives_with_target,target_margin,sensitivity,candidates100,normalized_regret_primary,lime,random,-1.022103460675196,-1.02791433291931,-1.0471121199269815,-0.9970244189768886,9.999000099990002e-05,1.105429575052089e-75,-5.044600634132925,250,0,250,0,10000,10000,0.000999900009999
MovieLens-1M,itemknn,sampled_unseen_negatives_with_target,target_margin,sensitivity,candidates100,normalized_regret_primary,loo,greedy_cf,-1.0712102213468488,-1.1276118069876993,-1.1405064405103729,-0.9997287817923468,9.999000099990002e-05,5.659799424266695e-73,-1.8682251692050873,250,0,241,9,10000,10000,0.000999900009999
MovieLens-1M,itemknn,sampled_unseen_negatives_with_target,target_margin,sensitivity,candidates100,normalized_regret_primary,loo,random,-1.0239484988203749,-1.0281843107771647,-1.0492267291400053,-0.998956065887357,9.999000099990002e-05,1.105429575052089e-75,-5.01114133874454,250,0,250,0,10000,10000,0.000999900009999
MovieLens-1M,itemknn,sampled_unseen_negatives_with_target,target_margin,sensitivity,candidates100,normalized_regret_primary,greedy_cf,random,0.04726172252647391,0.05999765670311741,-0.03253873343906016,0.12320494578389908,0.23737626237376264,0.2822724096852117,0.07484582984277854,250,134,116,0,10000,10000,0.4747525247475253
MovieLens-1M,itemknn,sampled_unseen_negatives_with_target,target_margin,sensitivity,candidates100,joint_regret_ndcg,shapley_mc,lime,-0.00013785586123056992,0.0,-0.003409428296427565,0.002553918406479035,0.9455054494550545,1.0,-0.005707368667465793,250,7,8,235,10000,10000,1.0
MovieLens-1M,itemknn,sampled_unseen_negatives_with_target,target_margin,sensitivity,candidates100,joint_regret_ndcg,shapley_mc,loo,-0.0008442885566698811,0.0,-0.00642367971593439,0.003437001407519426,0.7861213878612139,0.1795654296875,-0.020939212225014468,250,10,4,236,10000,10000,1.0
MovieLens-1M,itemknn,sampled_unseen_negatives_with_target,target_margin,sensitivity,candidates100,joint_regret_ndcg,shapley_mc,greedy_cf,-0.057757614540853035,0.0,-0.0733496634729561,-0.043398500306621846,9.999000099990002e-05,5.763476560721547e-20,-0.47635858952110405,250,4,82,164,10000,10000,0.000999900009999
MovieLens-1M,itemknn,sampled_unseen_negatives_with_target,target_margin,sensitivity,candidates100,joint_regret_ndcg,shapley_mc,random,-0.04899956696703882,0.0,-0.06117665664752869,-0.03798571215264949,9.999000099990002e-05,7.213042994342267e-25,-0.5214980030782226,250,5,103,142,10000,10000,0.000999900009999
MovieLens-1M,itemknn,sampled_unseen_negatives_with_target,target_margin,sensitivity,candidates100,joint_regret_ndcg,lime,loo,-0.0007064326954393112,0.0,-0.004428415011044745,0.001637927134959057,0.9957004299570043,0.109375,-0.02681267714131907,250,8,2,240,10000,10000,1.0
MovieLens-1M,itemknn,sampled_unseen_negatives_with_target,target_margin,sensitivity,candidates100,joint_regret_ndcg,lime,greedy_cf,-0.05761975867962246,0.0,-0.07284044142680296,-0.043126284974732684,9.999000099990002e-05,1.0997423112559616e-19,-0.48322292846634973,250,4,81,165,10000,10000,0.000999900009999
MovieLens-1M,itemknn,sampled_unseen_negatives_with_target,target_margin,sensitivity,candidates100,joint_regret_ndcg,lime,random,-0.04886171110580825,0.0,-0.060609863240771625,-0.03758207481070219,9.999000099990002e-05,6.612717750057298e-26,-0.5234925417034303,250,4,103,143,10000,10000,0.000999900009999
MovieLens-1M,itemknn,sampled_unseen_negatives_with_target,target_margin,sensitivity,candidates100,joint_regret_ndcg,loo,greedy_cf,-0.05691332598418315,0.0,-0.07163381195892474,-0.042971765901187876,9.999000099990002e-05,7.210946989931019e-22,-0.49074044485064333,250,2,81,167,10000,10000,0.000999900009999
MovieLens-1M,itemknn,sampled_unseen_negatives_with_target,target_margin,sensitivity,candidates100,joint_regret_ndcg,loo,random,-0.048155278410368936,0.0,-0.059920543338752325,-0.03740015745402441,9.999000099990002e-05,3.4322462843599494e-26,-0.5336515264833833,250,4,104,142,10000,10000,0.000999900009999
MovieLens-1M,itemknn,sampled_unseen_negatives_with_target,target_margin,sensitivity,candidates100,joint_regret_ndcg,greedy_cf,random,0.008758047573814213,0.0,0.0005651785592378436,0.01702656381506316,0.0374962503749625,0.1505180638902294,0.1310191322735102,250,55,40,155,10000,10000,0.14998500149985
MovieLens-1M,itemknn,sampled_unseen_negatives_with_target,target_margin,sensitivity,candidates100,normalized_regret_ndcg,shapley_mc,lime,0.008815844656377577,0.0,-0.03564634932508605,0.05477820525257699,0.6997300269973002,1.0,0.03974040833843502,94,7,8,79,10000,10000,1.0
MovieLens-1M,itemknn,sampled_unseen_negatives_with_target,target_margin,sensitivity,candidates100,normalized_regret_ndcg,shapley_mc,loo,0.02805739631828517,0.0,-0.017178608136598873,0.07545438956877851,0.2505749425057494,0.1795654296875,0.12246159737181855,94,10,4,80,10000,10000,0.9211078892110789
MovieLens-1M,itemknn,sampled_unseen_negatives_with_target,target_margin,sensitivity,candidates100,normalized_regret_ndcg,shapley_mc,greedy_cf,-1.0341331462772536,-1.0,-1.3826084106467114,-0.7549655793030695,9.999000099990002e-05,9.9631125455154e-18,-0.6544463461950158,94,4,74,16,10000,10000,0.000999900009999
MovieLens-1M,itemknn,sampled_unseen_negatives_with_target,target_margin,sensitivity,candidates100,normalized_regret_ndcg,shapley_mc,random,-0.9776319798311673,-0.852206356883416,-1.1844123230819543,-0.7962223950049283,9.999000099990002e-05,3.9826484672440827e-20,-1.000701958621528,94,5,86,3,10000,10000,0.000999900009999
MovieLens-1M,itemknn,sampled_unseen_negatives_with_target,target_margin,sensitivity,candidates100,normalized_regret_ndcg,lime,loo,0.019241551661907594,0.0,-0.008541802941033108,0.05063231344713378,0.23027697230276972,0.109375,0.13154276505002488,94,8,2,84,10000,10000,0.9211078892110789
MovieLens-1M,itemknn,sampled_unseen_negatives_with_target,target_margin,sensitivity,candidates100,normalized_regret_ndcg,lime,greedy_cf,-1.0429489909336311,-1.0,-1.3927278941653527,-0.7636784667681339,9.999000099990002e-05,1.891833529313699e-17,-0.6635121881607168,94,4,73,17,10000,10000,0.000999900009999
MovieLens-1M,itemknn,sampled_unseen_negatives_with_target,target_margin,sensitivity,candidates100,normalized_regret_ndcg,lime,random,-0.9864478244875451,-0.866418070339933,-1.198796542086345,-0.8083248946128406,9.999000099990002e-05,4.3245487100412455e-21,-1.0193841114148052,94,4,86,4,10000,10000,0.000999900009999
MovieLens-1M,itemknn,sampled_unseen_negatives_with_target,target_margin,sensitivity,candidates100,normalized_regret_ndcg,loo,greedy_cf,-1.0621905425955387,-1.0,-1.4053669602287233,-0.7892307818824834,9.999000099990002e-05,1.5093068328887564e-19,-0.6754804794521486,94,2,73,19,10000,10000,0.000999900009999
MovieLens-1M,itemknn,sampled_unseen_negatives_with_target,target_margin,sensitivity,candidates100,normalized_regret_ndcg,loo,random,-1.0056893761494528,-0.9058940997529218,-1.2163128914106587,-0.8241783946006037,9.999000099990002e-05,2.260482665715688e-21,-1.0349861932738298,94,4,87,3,10000,10000,0.000999900009999
MovieLens-1M,itemknn,sampled_unseen_negatives_with_target,target_margin,sensitivity,candidates100,normalized_regret_ndcg,greedy_cf,random,0.05650116644608637,0.026185950714291528,-0.21628614987152497,0.33472404730077937,0.7016298370162983,0.08878242522208005,0.04155148451920633,94,47,31,16,10000,10000,1.0
MovieLens-1M,itemknn,sampled_unseen_negatives_with_target,target_margin,sensitivity,candidates100,intervention_success_ndcg,shapley_mc,lime,-0.0024000000000000002,0.0,-0.02,0.0144,0.9455054494550545,1.0,-0.017360936174021218,250,4,4,242,10000,10000,1.0
MovieLens-1M,itemknn,sampled_unseen_negatives_with_target,target_margin,sensitivity,candidates100,intervention_success_ndcg,shapley_mc,loo,-0.008,0.0,-0.024,0.0064,0.43925607439256076,0.375,-0.06594956389670777,250,1,4,245,10000,10000,1.0
MovieLens-1M,itemknn,sampled_unseen_negatives_with_target,target_margin,sensitivity,candidates100,intervention_success_ndcg,shapley_mc,greedy_cf,0.252,0.0,0.196,0.3088,9.999000099990002e-05,1.5903890617646743e-17,0.557893447542734,250,66,2,182,10000,10000,0.000999900009999
MovieLens-1M,itemknn,sampled_unseen_negatives_with_target,target_margin,sensitivity,candidates100,intervention_success_ndcg,shapley_mc,random,0.236,0.0,0.18880000000000002,0.2832,9.999000099990002e-05,1.5803951224724757e-20,0.6169448308888912,250,84,4,162,10000,10000,0.000999900009999
MovieLens-1M,itemknn,sampled_unseen_negatives_with_target,target_margin,sensitivity,candidates100,intervention_success_ndcg,lime,loo,-0.0056,0.0,-0.0152,0.0,0.24567543245675433,0.25,-0.08534103395090535,250,0,3,247,10000,10000,0.9827017298270173
MovieLens-1M,itemknn,sampled_unseen_negatives_with_target,target_margin,sensitivity,candidates100,intervention_success_ndcg,lime,greedy_cf,0.2544,0.0,0.1992,0.3112,9.999000099990002e-05,3.088620938868081e-17,0.5705759725242651,250,65,2,183,10000,10000,0.000999900009999
MovieLens-1M,itemknn,sampled_unseen_negatives_with_target,target_margin,sensitivity,candidates100,intervention_success_ndcg,lime,random,0.2384,0.0,0.1912,0.2856,9.999000099990002e-05,3.018846051830852e-20,0.6185228884241544,250,83,4,163,10000,10000,0.000999900009999
MovieLens-1M,itemknn,sampled_unseen_negatives_with_target,target_margin,sensitivity,candidates100,intervention_success_ndcg,loo,greedy_cf,0.26,0.0,0.204,0.316,9.999000099990002e-05,9.215718466126788e-19,0.5796344088338714,250,66,1,183,10000,10000,0.000999900009999
MovieLens-1M,itemknn,sampled_unseen_negatives_with_target,target_margin,sensitivity,candidates100,intervention_success_ndcg,loo,random,0.244,0.0,0.19760000000000003,0.2928,9.999000099990002e-05,8.269208261418977e-21,0.6269410203141863,250,85,4,161,10000,10000,0.000999900009999
MovieLens-1M,itemknn,sampled_unseen_negatives_with_target,target_margin,sensitivity,candidates100,intervention_success_ndcg,greedy_cf,random,-0.016,0.0,-0.0528,0.022400000000000007,0.417958204179582,0.007148733833163066,-0.053421607939507086,250,20,42,188,10000,10000,1.0
MovieLens-1M,itemknn,sampled_unseen_negatives_with_target,target_margin,sensitivity,candidates500,aia,shapley_mc,lime,-0.19795060282519597,-0.15675981172717518,-0.22096351990935129,-0.17709763905122275,9.999000099990002e-05,1.043168521045681e-59,-1.1027412822712042,250,9,241,0,10000,10000,0.000999900009999
MovieLens-1M,itemknn,sampled_unseen_negatives_with_target,target_margin,sensitivity,candidates500,aia,shapley_mc,loo,-0.24706459704913458,-0.20319954926208228,-0.2705783807202017,-0.22471402451760258,9.999000099990002e-05,3.468395834683434e-71,-1.3366538885261923,250,2,248,0,10000,10000,0.000999900009999
MovieLens-1M,itemknn,sampled_unseen_negatives_with_target,target_margin,sensitivity,candidates500,aia,shapley_mc,greedy_cf,0.3456871497585649,0.34196151656537754,0.3076548743514342,0.38361770935649875,9.999000099990002e-05,1.1953055639186454e-38,1.140604301388538,250,222,28,0,10000,10000,0.000999900009999
MovieLens-1M,itemknn,sampled_unseen_negatives_with_target,target_margin,sensitivity,candidates500,aia,shapley_mc,random,0.7199214950313264,0.7527616514988473,0.6927708280187246,0.7460381827063528,9.999000099990002e-05,2.7746282333807432e-73,3.414179519169476,250,249,1,0,10000,10000,0.000999900009999
MovieLens-1M,itemknn,sampled_unseen_negatives_with_target,target_margin,sensitivity,candidates500,aia,lime,loo,-0.049113994223938556,-0.03472985638534043,-0.056614208896270175,-0.04259838486875945,9.999000099990002e-05,1.7874218165481123e-57,-0.8683680242047711,250,10,237,3,10000,10000,0.000999900009999
MovieLens-1M,itemknn,sampled_unseen_negatives_with_target,target_margin,sensitivity,candidates500,aia,lime,greedy_cf,0.543637752583761,0.5122418557048343,0.5124320831921851,0.5741081472699485,9.999000099990002e-05,5.5271478752604446e-73,2.2322589927119543,250,248,1,1,10000,10000,0.000999900009999
MovieLens-1M,itemknn,sampled_unseen_negatives_with_target,target_margin,sensitivity,candidates500,aia,lime,random,0.9178720978565225,0.9297206798166506,0.9009857860309044,0.9348387971912027,9.999000099990002e-05,1.105429575052089e-75,6.737747935801038,250,250,0,0,10000,10000,0.000999900009999
MovieLens-1M,itemknn,sampled_unseen_negatives_with_target,target_margin,sensitivity,candidates500,aia,loo,greedy_cf,0.5927517468076994,0.5720619503739915,0.5640183221145831,0.6218693063275785,9.999000099990002e-05,2.210859150104178e-75,2.5304902091475925,250,249,0,1,10000,10000,0.000999900009999
MovieLens-1M,itemknn,sampled_unseen_negatives_with_target,target_margin,sensitivity,candidates500,aia,loo,random,0.966986092080461,0.9709590521695151,0.9519348885234074,0.9817404824968222,9.999000099990002e-05,1.105429575052089e-75,8.029718333774188,250,250,0,0,10000,10000,0.000999900009999
MovieLens-1M,itemknn,sampled_unseen_negatives_with_target,target_margin,sensitivity,candidates500,aia,greedy_cf,random,0.3742343452727616,0.39849368591235435,0.342486854843247,0.4061287464518806,9.999000099990002e-05,2.3864723266319655e-44,1.462798012400443,250,228,22,0,10000,10000,0.000999900009999
MovieLens-1M,itemknn,sampled_unseen_negatives_with_target,target_margin,sensitivity,candidates500,aia_ndcg,shapley_mc,lime,-0.04926664067007189,-0.04162815979347281,-0.10151588158464046,0.0010033792679955196,0.06229377062293771,0.4187541882690154,-0.24735151241318384,57,24,31,2,10000,10000,0.12458754124587541
MovieLens-1M,itemknn,sampled_unseen_negatives_with_target,target_margin,sensitivity,candidates500,aia_ndcg,shapley_mc,loo,-0.06328474947218071,-0.06511058356121097,-0.12094100687255026,-0.008503112709302011,0.030496950304969503,0.11116111910399346,-0.29163738960250307,57,22,35,0,10000,10000,0.09149085091490851
MovieLens-1M,itemknn,sampled_unseen_negatives_with_target,target_margin,sensitivity,candidates500,aia_ndcg,shapley_mc,greedy_cf,0.17411402156434663,0.19363723244441944,0.11365174576232186,0.23261427814694013,9.999000099990002e-05,3.3118847623803123e-06,0.7591583506233652,57,46,11,0,10000,10000,0.000999900009999
MovieLens-1M,itemknn,sampled_unseen_negatives_with_target,target_margin,sensitivity,candidates500,aia_ndcg,shapley_mc,random,0.3301375615144263,0.33899802081967695,0.2515417403694191,0.4053208858714446,9.999000099990002e-05,1.170292474039769e-10,1.0936764527663771,57,51,5,1,10000,10000,0.000999900009999
MovieLens-1M,itemknn,sampled_unseen_negatives_with_target,target_margin,sensitivity,candidates500,aia_ndcg,lime,loo,-0.014018108802108823,-0.016030023532244475,-0.03229654643025089,0.004509135513842526,0.12838716128387162,0.001841554788492544,-0.20186173087786868,57,16,40,1,10000,10000,0.12838716128387162
MovieLens-1M,itemknn,sampled_unseen_negatives_with_target,target_margin,sensitivity,candidates500,aia_ndcg,lime,greedy_cf,0.22338066223441852,0.1885816141888811,0.15802485832948204,0.2903886236314544,9.999000099990002e-05,1.5201952291432616e-07,0.8626243006679183,57,48,9,0,10000,10000,0.000999900009999
MovieLens-1M,itemknn,sampled_unseen_negatives_with_target,target_margin,sensitivity,candidates500,aia_ndcg,lime,random,0.3794042021844983,0.36702339615896007,0.2983377688421656,0.4577585643832877,9.999000099990002e-05,1.5201952291432616e-07,1.219177170075099,57,48,9,0,10000,10000,0.000999900009999
MovieLens-1M,itemknn,sampled_unseen_negatives_with_target,target_margin,sensitivity,candidates500,aia_ndcg,loo,greedy_cf,0.23739877103652732,0.16638452026957765,0.16829932423038924,0.30877382151949545,9.999000099990002e-05,1.3087586125948292e-08,0.8577276509595054,57,48,7,2,10000,10000,0.000999900009999
MovieLens-1M,itemknn,sampled_unseen_negatives_with_target,target_margin,sensitivity,candidates500,aia_ndcg,loo,random,0.39342231098660707,0.38730911972077364,0.3080660798624517,0.4758468922849658,9.999000099990002e-05,2.716852566531091e-08,1.218475887497885,57,49,8,0,10000,10000,0.000999900009999
MovieLens-1M,itemknn,sampled_unseen_negatives_with_target,target_margin,sensitivity,candidates500,aia_ndcg,greedy_cf,random,0.15602353995007975,0.19847578809238248,0.07769536523446752,0.2331216626363999,0.00019998000199980003,0.016348103897376145,0.5174096799514658,57,38,19,0,10000,10000,0.000999900009999
MovieLens-1M,itemknn,sampled_unseen_negatives_with_target,target_margin,sensitivity,candidates500,faithfulness_alignment,shapley_mc,lime,-0.25264148609151904,-0.20000128053585714,-0.2780059913613692,-0.22919455541131273,9.999000099990002e-05,3.468395834683434e-71,-1.2638816910177297,250,2,248,0,10000,10000,0.000999900009999
MovieLens-1M,itemknn,sampled_unseen_negatives_with_target,target_margin,sensitivity,candidates500,faithfulness_alignment,shapley_mc,loo,-0.3081656494208997,-0.25151161158434726,-0.33418238609522627,-0.2830582164325605,9.999000099990002e-05,1.105429575052089e-75,-1.4714218813217934,250,0,250,0,10000,10000,0.000999900009999
MovieLens-1M,itemknn,sampled_unseen_negatives_with_target,target_margin,sensitivity,candidates500,faithfulness_alignment,shapley_mc,greedy_cf,0.31852065589609074,0.3177374330010829,0.27963475247867936,0.35726955343918393,9.999000099990002e-05,2.227912694695624e-34,1.0115367642806037,250,217,33,0,10000,10000,0.000999900009999
MovieLens-1M,itemknn,sampled_unseen_negatives_with_target,target_margin,sensitivity,candidates500,faithfulness_alignment,shapley_mc,random,0.6900408863092454,0.7268117329663769,0.6595641621043026,0.7184261339154,9.999000099990002e-05,1.7851264507056314e-67,2.9107277871141086,250,246,4,0,10000,10000,0.000999900009999
MovieLens-1M,itemknn,sampled_unseen_negatives_with_target,target_margin,sensitivity,candidates500,faithfulness_alignment,lime,loo,-0.05552416332938059,-0.04186968575129513,-0.061797755474700206,-0.049791518641989115,9.999000099990002e-05,2.210859150104178e-75,-1.1396175374960535,250,0,249,1,10000,10000,0.000999900009999
MovieLens-1M,itemknn,sampled_unseen_negatives_with_target,target_margin,sensitivity,candidates500,faithfulness_alignment,lime,greedy_cf,0.5711621419876097,0.5386088129776041,0.542138179199577,0.6003417122186383,9.999000099990002e-05,2.210859150104178e-75,2.4137020375356504,250,249,0,1,10000,10000,0.000999900009999
MovieLens-1M,itemknn,sampled_unseen_negatives_with_target,target_margin,sensitivity,candidates500,faithfulness_alignment,lime,random,0.9426823724007645,0.9536155392837313,0.9277787331124494,0.9571978566497096,9.999000099990002e-05,1.105429575052089e-75,7.913656465603257,250,250,0,0,10000,10000,0.000999900009999
MovieLens-1M,itemknn,sampled_unseen_negatives_with_target,target_margin,sensitivity,candidates500,faithfulness_alignment,loo,greedy_cf,0.6266863053169904,0.596234862046424,0.59933439031998,0.6549042997099577,9.999000099990002e-05,2.210859150104178e-75,2.71044592599352,250,249,0,1,10000,10000,0.000999900009999
MovieLens-1M,itemknn,sampled_unseen_negatives_with_target,target_margin,sensitivity,candidates500,faithfulness_alignment,loo,random,0.9982065357301451,1.007532441738904,0.9845483194067409,1.011663223067107,9.999000099990002e-05,1.105429575052089e-75,9.14837762808443,250,250,0,0,10000,10000,0.000999900009999
MovieLens-1M,itemknn,sampled_unseen_negatives_with_target,target_margin,sensitivity,candidates500,faithfulness_alignment,greedy_cf,random,0.37152023041315474,0.39645987472171473,0.34007538859392766,0.4032879080537388,9.999000099990002e-05,2.2807422878164393e-45,1.4640360937874672,250,229,21,0,10000,10000,0.000999900009999
MovieLens-1M,itemknn,sampled_unseen_negatives_with_target,target_margin,sensitivity,candidates500,actionability_gap,shapley_mc,lime,0.05469088326632304,0.024256577334966535,0.042759521055144405,0.0684005065047453,9.999000099990002e-05,4.615291938494596e-31,0.5346275782147056,250,196,30,24,10000,10000,0.000999900009999
MovieLens-1M,itemknn,sampled_unseen_negatives_with_target,target_margin,sensitivity,candidates500,actionability_gap,shapley_mc,loo,0.06110105237176507,0.029480981631573235,0.048800423996038116,0.07523928677205943,9.999000099990002e-05,1.6313423096319762e-37,0.5681444713938943,250,207,24,19,10000,10000,0.000999900009999
MovieLens-1M,itemknn,sampled_unseen_negatives_with_target,target_margin,sensitivity,candidates500,actionability_gap,shapley_mc,greedy_cf,0.02716649386247417,0.008689416072667941,0.016117185608661874,0.0397736425892006,9.999000099990002e-05,0.00013855854530168277,0.28393061317351126,250,142,84,24,10000,10000,0.000999900009999
MovieLens-1M,itemknn,sampled_unseen_negatives_with_target,target_margin,sensitivity,candidates500,actionability_gap,shapley_mc,random,0.029880608722081058,0.015075189648352555,0.02121730902671398,0.03928433628503369,9.999000099990002e-05,5.5224301251324437e-11,0.4091096211784051,250,162,64,24,10000,10000,0.000999900009999
MovieLens-1M,itemknn,sampled_unseen_negatives_with_target,target_margin,sensitivity,candidates500,actionability_gap,lime,loo,0.00641016910544203,0.0022751665772822506,0.0031048365854484624,0.00968772646303629,0.00029997000299970003,6.613226227903767e-06,0.24169774516843606,250,150,81,19,10000,10000,0.000999900009999
MovieLens-1M,itemknn,sampled_unseen_negatives_with_target,target_margin,sensitivity,candidates500,actionability_gap,lime,greedy_cf,-0.027524389403848874,-0.008872180451127764,-0.0383824622003459,-0.01774519782766971,9.999000099990002e-05,2.3191385976063978e-07,-0.32586127466763953,250,74,152,24,10000,10000,0.000999900009999
MovieLens-1M,itemknn,sampled_unseen_negatives_with_target,target_margin,sensitivity,candidates500,actionability_gap,lime,random,-0.024810274544241985,-0.008589499771161219,-0.03231827715996571,-0.018271867519746837,9.999000099990002e-05,4.563889894884585e-14,-0.44682649292682786,250,57,169,24,10000,10000,0.000999900009999
MovieLens-1M,itemknn,sampled_unseen_negatives_with_target,target_margin,sensitivity,candidates500,actionability_gap,loo,greedy_cf,-0.033934558509290905,-0.016545030269702166,-0.04584715604270698,-0.02353141766652402,9.999000099990002e-05,3.282672797652092e-12,-0.3759541164982317,250,63,168,19,10000,10000,0.000999900009999
MovieLens-1M,itemknn,sampled_unseen_negatives_with_target,target_margin,sensitivity,candidates500,actionability_gap,loo,random,-0.03122044364968402,-0.01371826592385093,-0.03853318565264197,-0.024660891432432802,9.999000099990002e-05,7.22698847521273e-30,-0.5532366788422383,250,33,198,19,10000,10000,0.000999900009999
MovieLens-1M,itemknn,sampled_unseen_negatives_with_target,target_margin,sensitivity,candidates500,actionability_gap,greedy_cf,random,0.00271411485960689,0.0,-0.00616640805293361,0.011647226696829851,0.5552444755524447,0.1622969135651367,0.03741045570630842,250,124,102,24,10000,10000,0.5552444755524447
MovieLens-1M,itemknn,sampled_unseen_negatives_with_target,target_margin,sensitivity,candidates500,signed_alignment,shapley_mc,lime,-0.05418828995533458,-0.036322372271312686,-0.06212099620850656,-0.04685035033276695,9.999000099990002e-05,7.060475058939432e-64,-0.8634332461219237,250,6,243,1,10000,10000,0.000999900009999
MovieLens-1M,itemknn,sampled_unseen_negatives_with_target,target_margin,sensitivity,candidates500,signed_alignment,shapley_mc,loo,-0.07362770057918831,-0.05157031460919359,-0.08292161367480393,-0.06488462146653917,9.999000099990002e-05,6.881520190614264e-71,-1.0067565008475678,250,2,247,1,10000,10000,0.000999900009999
MovieLens-1M,itemknn,sampled_unseen_negatives_with_target,target_margin,sensitivity,candidates500,signed_alignment,shapley_mc,greedy_cf,0.4856320926923295,0.4447038659631025,0.4526669680414234,0.5199793032035377,9.999000099990002e-05,3.468395834683434e-71,1.7911455003652519,250,248,2,0,10000,10000,0.000999900009999
MovieLens-1M,itemknn,sampled_unseen_negatives_with_target,target_margin,sensitivity,candidates500,signed_alignment,shapley_mc,random,0.919855905259685,0.9256588725190042,0.9028756445873095,0.936711594704126,9.999000099990002e-05,1.105429575052089e-75,6.754224762670566,250,250,0,0,10000,10000,0.000999900009999
MovieLens-1M,itemknn,sampled_unseen_negatives_with_target,target_margin,sensitivity,candidates500,signed_alignment,lime,loo,-0.019439410623853737,-0.012786126271445208,-0.022374861814424774,-0.01671782474042833,9.999000099990002e-05,1.8078397230227426e-61,-0.8580871944265073,250,7,239,4,10000,10000,0.000999900009999
MovieLens-1M,itemknn,sampled_unseen_negatives_with_target,target_margin,sensitivity,candidates500,signed_alignment,lime,greedy_cf,0.5398203826476642,0.5031116087236327,0.5070882731428956,0.5731113422652403,9.999000099990002e-05,1.105429575052089e-75,2.0058086280814194,250,250,0,0,10000,10000,0.000999900009999
MovieLens-1M,itemknn,sampled_unseen_negatives_with_target,target_margin,sensitivity,candidates500,signed_alignment,lime,random,0.9740441952150196,0.9745677687441777,0.9596437515306094,0.9887348063326001,9.999000099990002e-05,1.105429575052089e-75,8.382835674356283,250,250,0,0,10000,10000,0.000999900009999
MovieLens-1M,itemknn,sampled_unseen_negatives_with_target,target_margin,sensitivity,candidates500,signed_alignment,loo,greedy_cf,0.5592597932715178,0.5138182817243618,0.5255643748050988,0.5938359012349653,9.999000099990002e-05,1.105429575052089e-75,2.0583261266125605,250,250,0,0,10000,10000,0.000999900009999
MovieLens-1M,itemknn,sampled_unseen_negatives_with_target,target_margin,sensitivity,candidates500,signed_alignment,loo,random,0.9934836058388734,0.9954584434148441,0.9795695051942269,1.0075462602322671,9.999000099990002e-05,1.105429575052089e-75,8.765619941061713,250,250,0,0,10000,10000,0.000999900009999
MovieLens-1M,itemknn,sampled_unseen_negatives_with_target,target_margin,sensitivity,candidates500,signed_alignment,greedy_cf,random,0.4342238125673555,0.4845249487354751,0.3978456067452498,0.4702476389820363,9.999000099990002e-05,1.1178948684685345e-49,1.4892516530775841,250,233,17,0,10000,10000,0.000999900009999
MovieLens-1M,itemknn,sampled_unseen_negatives_with_target,target_margin,sensitivity,candidates500,signed_alignment_ndcg,shapley_mc,lime,-0.013310412378330156,-0.010127393670836593,-0.03179710575632248,0.007586713975437545,0.19088091190880913,0.09191454981585423,-0.17569594061798582,57,19,32,6,10000,10000,0.5726427357264274
MovieLens-1M,itemknn,sampled_unseen_negatives_with_target,target_margin,sensitivity,candidates500,signed_alignment_ndcg,shapley_mc,loo,-0.016558087243378657,-0.0216835426417491,-0.04068854955709101,0.010035740657372557,0.21197880211978803,0.015346677832630107,-0.16777810038746513,57,16,34,7,10000,10000,0.5726427357264274
MovieLens-1M,itemknn,sampled_unseen_negatives_with_target,target_margin,sensitivity,candidates500,signed_alignment_ndcg,shapley_mc,greedy_cf,0.2735534541603277,0.2687716774217091,0.20297162275492753,0.3469507299111963,9.999000099990002e-05,1.0325821975243343e-08,0.9931044653083813,57,46,6,5,10000,10000,0.000999900009999
MovieLens-1M,itemknn,sampled_unseen_negatives_with_target,target_margin,sensitivity,candidates500,signed_alignment_ndcg,shapley_mc,random,0.5916207570716341,0.6290492362005038,0.5310679840616545,0.6503915296937655,9.999000099990002e-05,8.049116928532385e-16,2.558364432335612,57,56,1,0,10000,10000,0.000999900009999
MovieLens-1M,itemknn,sampled_unseen_negatives_with_target,target_margin,sensitivity,candidates500,signed_alignment_ndcg,lime,loo,-0.003247674865048504,-0.0035399616270239687,-0.014288527335920636,0.009096751985246992,0.6011398860113989,0.0001275387838557407,-0.07218766582049391,57,12,40,5,10000,10000,0.6011398860113989
MovieLens-1M,itemknn,sampled_unseen_negatives_with_target,target_margin,sensitivity,candidates500,signed_alignment_ndcg,lime,greedy_cf,0.2868638665386579,0.25373401896661857,0.21817947485384073,0.3597297188193158,9.999000099990002e-05,6.973810151578164e-08,1.0311271064756058,57,45,7,5,10000,10000,0.000999900009999
MovieLens-1M,itemknn,sampled_unseen_negatives_with_target,target_margin,sensitivity,candidates500,signed_alignment_ndcg,lime,random,0.6049311694499643,0.6408075661282948,0.5378420812043557,0.6704113088369424,9.999000099990002e-05,8.049116928532385e-16,2.352566587134379,57,56,1,0,10000,10000,0.000999900009999
MovieLens-1M,itemknn,sampled_unseen_negatives_with_target,target_margin,sensitivity,candidates500,signed_alignment_ndcg,loo,greedy_cf,0.2901115414037064,0.24535041085475784,0.2188940749862243,0.3611313522152854,9.999000099990002e-05,7.077378683106872e-10,1.040272823269718,57,48,5,4,10000,10000,0.000999900009999
MovieLens-1M,itemknn,sampled_unseen_negatives_with_target,target_margin,sensitivity,candidates500,signed_alignment_ndcg,loo,random,0.6081788443150128,0.6604781865873877,0.5364970599794072,0.6752883070572624,9.999000099990002e-05,2.295386103412511e-14,2.2476056715988015,57,55,2,0,10000,10000,0.000999900009999
MovieLens-1M,itemknn,sampled_unseen_negatives_with_target,target_margin,sensitivity,candidates500,signed_alignment_ndcg,greedy_cf,random,0.3180673029113064,0.3208306887239244,0.23720065582830324,0.3972053736568161,9.999000099990002e-05,1.5201952291432616e-07,1.0188612100325274,57,48,9,0,10000,10000,0.000999900009999
MovieLens-1M,itemknn,sampled_unseen_negatives_with_target,target_margin,sensitivity,candidates500,direction_accuracy,shapley_mc,lime,-0.09014013976735338,-0.08000000000000007,-0.10142587290504473,-0.07892417096319575,9.999000099990002e-05,6.707278347042118e-39,-0.9851579667419592,250,22,207,21,10000,10000,0.000999900009999
MovieLens-1M,itemknn,sampled_unseen_negatives_with_target,target_margin,sensitivity,candidates500,direction_accuracy,shapley_mc,loo,-0.1190521002458154,-0.10999999999999999,-0.13041991908976813,-0.1075721608535943,9.999000099990002e-05,1.5154236654993351e-59,-1.294981671210791,250,4,219,27,10000,10000,0.000999900009999
MovieLens-1M,itemknn,sampled_unseen_negatives_with_target,target_margin,sensitivity,candidates500,direction_accuracy,shapley_mc,greedy_cf,0.2520493693887812,0.25,0.23507761123207718,0.26895414843953774,9.999000099990002e-05,1.3013992264949714e-64,1.863539677335894,250,241,5,4,10000,10000,0.000999900009999
MovieLens-1M,itemknn,sampled_unseen_negatives_with_target,target_margin,sensitivity,candidates500,direction_accuracy,shapley_mc,random,0.3719065271639265,0.38,0.3588814289009924,0.384474184595762,9.999000099990002e-05,2.7746282333807432e-73,3.569687654730453,250,249,1,0,10000,10000,0.000999900009999
MovieLens-1M,itemknn,sampled_unseen_negatives_with_target,target_margin,sensitivity,candidates500,direction_accuracy,lime,loo,-0.02891196047846202,-0.019999999999999907,-0.033444080535391676,-0.02453048834670661,9.999000099990002e-05,4.139901611557411e-37,-0.7956484347613987,250,6,150,94,10000,10000,0.000999900009999
MovieLens-1M,itemknn,sampled_unseen_negatives_with_target,target_margin,sensitivity,candidates500,direction_accuracy,lime,greedy_cf,0.34218950915613455,0.35,0.32482161786888714,0.3591078754809003,9.999000099990002e-05,3.468395834683434e-71,2.4791967314238277,250,248,2,0,10000,10000,0.000999900009999
MovieLens-1M,itemknn,sampled_unseen_negatives_with_target,target_margin,sensitivity,candidates500,direction_accuracy,lime,random,0.4620466669312799,0.47,0.4533799395528792,0.47083636641377197,9.999000099990002e-05,1.105429575052089e-75,6.60266837694223,250,250,0,0,10000,10000,0.000999900009999
MovieLens-1M,itemknn,sampled_unseen_negatives_with_target,target_margin,sensitivity,candidates500,direction_accuracy,loo,greedy_cf,0.37110146963459656,0.39444444444444443,0.3548899104705064,0.3870163841490467,9.999000099990002e-05,2.7746282333807432e-73,2.839753307140659,250,249,1,0,10000,10000,0.000999900009999
MovieLens-1M,itemknn,sampled_unseen_negatives_with_target,target_margin,sensitivity,candidates500,direction_accuracy,loo,random,0.49095862740974194,0.4999999999999999,0.4830939162677707,0.4983795445796893,9.999000099990002e-05,1.105429575052089e-75,7.999636313308537,250,250,0,0,10000,10000,0.000999900009999
MovieLens-1M,itemknn,sampled_unseen_negatives_with_target,target_margin,sensitivity,candidates500,direction_accuracy,greedy_cf,random,0.11985715777514538,0.12153846153846157,0.10340843910836324,0.1364428957564623,9.999000099990002e-05,1.015224200053391e-24,0.9124576613921594,250,201,45,4,10000,10000,0.000999900009999
MovieLens-1M,itemknn,sampled_unseen_negatives_with_target,target_margin,sensitivity,candidates500,direction_accuracy_ndcg,shapley_mc,lime,-0.0008437761069339927,0.0,-0.022164473684210515,0.018714494569757715,0.9305069493050695,0.7744140625,-0.010636893473289777,57,7,5,45,10000,10000,1.0
MovieLens-1M,itemknn,sampled_unseen_negatives_with_target,target_margin,sensitivity,candidates500,direction_accuracy_ndcg,shapley_mc,loo,-0.008124477861319961,0.0,-0.033208020050125305,0.015498642439431892,0.5512448755124487,0.7265625,-0.0872847779858188,57,3,5,49,10000,10000,1.0
MovieLens-1M,itemknn,sampled_unseen_negatives_with_target,target_margin,sensitivity,candidates500,direction_accuracy_ndcg,shapley_mc,greedy_cf,0.1533840915419863,0.09999999999999998,0.07282157413736363,0.2355387680058732,0.00019998000199980003,2.2361520677804947e-05,0.5016267448306797,57,30,5,22,10000,10000,0.000999900009999
MovieLens-1M,itemknn,sampled_unseen_negatives_with_target,target_margin,sensitivity,candidates500,direction_accuracy_ndcg,shapley_mc,random,0.443435356066935,0.48,0.39196426989190153,0.48947510822510826,9.999000099990002e-05,2.295386103412511e-14,2.3093546657040562,57,55,2,0,10000,10000,0.000999900009999
MovieLens-1M,itemknn,sampled_unseen_negatives_with_target,target_margin,sensitivity,candidates500,direction_accuracy_ndcg,lime,loo,-0.007280701754385969,0.0,-0.021081871345029247,0.004327485380116956,0.2883711628837116,0.34375,-0.1480345946462187,57,3,7,47,10000,10000,0.8651134886511349
MovieLens-1M,itemknn,sampled_unseen_negatives_with_target,target_margin,sensitivity,candidates500,direction_accuracy_ndcg,lime,greedy_cf,0.1542278676489203,0.06666666666666665,0.08286253512569303,0.23069569757727654,9.999000099990002e-05,0.00031255115754902363,0.5435645163202548,57,29,7,21,10000,10000,0.000999900009999
MovieLens-1M,itemknn,sampled_unseen_negatives_with_target,target_margin,sensitivity,candidates500,direction_accuracy_ndcg,lime,random,0.444279132173869,0.4545454545454546,0.39787890812890814,0.48704391977418293,9.999000099990002e-05,2.295386103412511e-14,2.5980878517938684,57,55,2,0,10000,10000,0.000999900009999
MovieLens-1M,itemknn,sampled_unseen_negatives_with_target,target_margin,sensitivity,candidates500,direction_accuracy_ndcg,loo,greedy_cf,0.16150856940330624,0.09090909090909105,0.09216697045644415,0.23533003911293376,9.999000099990002e-05,0.0001168418675661087,0.5811089821191561,57,29,6,22,10000,10000,0.000999900009999
MovieLens-1M,itemknn,sampled_unseen_negatives_with_target,target_margin,sensitivity,candidates500,direction_accuracy_ndcg,loo,random,0.451559833928255,0.4666666666666667,0.4102352915116073,0.4907091529328372,9.999000099990002e-05,1.3877787807814457e-17,2.874108610322897,57,57,0,0,10000,10000,0.000999900009999
MovieLens-1M,itemknn,sampled_unseen_negatives_with_target,target_margin,sensitivity,candidates500,direction_accuracy_ndcg,greedy_cf,random,0.2900512645249487,0.2857142857142857,0.21998008278271436,0.3588593643198905,9.999000099990002e-05,4.688184102041859e-08,1.0518194063787325,57,48,8,1,10000,10000,0.000999900009999
MovieLens-1M,itemknn,sampled_unseen_negatives_with_target,target_margin,sensitivity,candidates500,top1_precision,shapley_mc,lime,-0.16240000000000002,0.0,-0.2064,-0.11920000000000001,9.999000099990002e-05,1.1505439371930658e-11,-0.46110616394899,250,15,79,156,10000,10000,0.000999900009999
MovieLens-1M,itemknn,sampled_unseen_negatives_with_target,target_margin,sensitivity,candidates500,top1_precision,shapley_mc,loo,-0.23439999999999997,0.0,-0.28562,-0.1824,9.999000099990002e-05,3.259152789937673e-19,-0.548799653420734,250,7,89,154,10000,10000,0.000999900009999
MovieLens-1M,itemknn,sampled_unseen_negatives_with_target,target_margin,sensitivity,candidates500,top1_precision,shapley_mc,greedy_cf,0.5216,0.8,0.45758000000000004,0.584,9.999000099990002e-05,9.027730189142221e-37,1.0120317319603633,250,163,10,77,10000,10000,0.000999900009999
MovieLens-1M,itemknn,sampled_unseen_negatives_with_target,target_margin,sensitivity,candidates500,top1_precision,shapley_mc,random,0.664,0.8,0.612,0.7143999999999999,9.999000099990002e-05,2.1441109022496617e-45,1.580729270144519,250,201,12,37,10000,10000,0.000999900009999
MovieLens-1M,itemknn,sampled_unseen_negatives_with_target,target_margin,sensitivity,candidates500,top1_precision,lime,loo,-0.072,0.0,-0.10081999999999999,-0.043199999999999995,9.999000099990002e-05,5.676193126635808e-10,-0.30646126981272365,250,6,51,193,10000,10000,0.000999900009999
MovieLens-1M,itemknn,sampled_unseen_negatives_with_target,target_margin,sensitivity,candidates500,top1_precision,lime,greedy_cf,0.684,1.0,0.6264,0.7392,9.999000099990002e-05,1.5270761763024774e-48,1.5043655487965475,250,194,7,49,10000,10000,0.000999900009999
MovieLens-1M,itemknn,sampled_unseen_negatives_with_target,target_margin,sensitivity,candidates500,top1_precision,lime,random,0.8264,1.0,0.7904000000000001,0.8592,9.999000099990002e-05,3.273741182984342e-68,2.949603915775848,250,238,2,10,10000,10000,0.000999900009999
MovieLens-1M,itemknn,sampled_unseen_negatives_with_target,target_margin,sensitivity,candidates500,top1_precision,loo,greedy_cf,0.756,1.0,0.7,0.812,9.999000099990002e-05,2.982586676022177e-54,1.685129450773203,250,191,2,57,10000,10000,0.000999900009999
MovieLens-1M,itemknn,sampled_unseen_negatives_with_target,target_margin,sensitivity,candidates500,top1_precision,loo,random,0.8984,1.0,0.8664,0.928,9.999000099990002e-05,5.15159471436294e-66,3.6149332738604505,250,236,3,11,10000,10000,0.000999900009999
MovieLens-1M,itemknn,sampled_unseen_negatives_with_target,target_margin,sensitivity,candidates500,top1_precision,greedy_cf,random,0.1424,0.0,0.09280000000000001,0.19519999999999998,9.999000099990002e-05,0.5202915935750733,0.3540038709785377,250,47,40,163,10000,10000,0.000999900009999
MovieLens-1M,itemknn,sampled_unseen_negatives_with_target,target_margin,sensitivity,candidates500,top3_precision,shapley_mc,lime,-0.10693333333333334,-0.06666666666666665,-0.12773333333333334,-0.08639333333333342,9.999000099990002e-05,1.7517983982977945e-20,-0.6408702865893917,250,23,135,92,10000,10000,0.000999900009999
MovieLens-1M,itemknn,sampled_unseen_negatives_with_target,target_margin,sensitivity,candidates500,top3_precision,shapley_mc,loo,-0.16320000000000004,-0.06666666666666676,-0.18880000000000005,-0.1381266666666668,9.999000099990002e-05,1.060062610241581e-30,-0.7849460307145225,250,12,147,91,10000,10000,0.000999900009999
MovieLens-1M,itemknn,sampled_unseen_negatives_with_target,target_margin,sensitivity,candidates500,top3_precision,shapley_mc,greedy_cf,0.4301333333333333,0.33333333333333337,0.3957333333333333,0.4653399999999999,9.999000099990002e-05,4.003427842929365e-53,1.5063801959034049,250,210,7,33,10000,10000,0.000999900009999
MovieLens-1M,itemknn,sampled_unseen_negatives_with_target,target_margin,sensitivity,candidates500,top3_precision,shapley_mc,random,0.6410666666666666,0.6666666666666665,0.6136,0.6677333333333334,9.999000099990002e-05,5.5271478752604446e-73,2.9559195584788154,250,248,1,1,10000,10000,0.000999900009999
MovieLens-1M,itemknn,sampled_unseen_negatives_with_target,target_margin,sensitivity,candidates500,top3_precision,lime,loo,-0.056266666666666694,0.0,-0.07253333333333337,-0.040800000000000024,9.999000099990002e-05,1.6027765403567583e-14,-0.44126852903240155,250,14,89,147,10000,10000,0.000999900009999
MovieLens-1M,itemknn,sampled_unseen_negatives_with_target,target_margin,sensitivity,candidates500,top3_precision,lime,greedy_cf,0.5370666666666666,0.5999999999999999,0.5024,0.572,9.999000099990002e-05,2.897817305224548e-70,1.9036621554190953,250,232,0,18,10000,10000,0.000999900009999
MovieLens-1M,itemknn,sampled_unseen_negatives_with_target,target_margin,sensitivity,candidates500,top3_precision,lime,random,0.748,0.8,0.7269333333333333,0.7687999999999999,9.999000099990002e-05,2.210859150104178e-75,4.386774586205943,250,249,0,1,10000,10000,0.000999900009999
MovieLens-1M,itemknn,sampled_unseen_negatives_with_target,target_margin,sensitivity,candidates500,top3_precision,loo,greedy_cf,0.5933333333333334,0.6666666666666667,0.556,0.6293333333333335,9.999000099990002e-05,2.897817305224548e-70,1.9816625748289871,250,232,0,18,10000,10000,0.000999900009999
MovieLens-1M,itemknn,sampled_unseen_negatives_with_target,target_margin,sensitivity,candidates500,top3_precision,loo,random,0.8042666666666668,0.8666666666666667,0.7845333333333334,0.8229333333333334,9.999000099990002e-05,2.210859150104178e-75,5.198529340661991,250,249,0,1,10000,10000,0.000999900009999
MovieLens-1M,itemknn,sampled_unseen_negatives_with_target,target_margin,sensitivity,candidates500,top3_precision,greedy_cf,random,0.21093333333333333,0.19999999999999998,0.1752,0.24826666666666666,9.999000099990002e-05,5.336245138264938e-13,0.7200148506305091,250,176,65,9,10000,10000,0.000999900009999
MovieLens-1M,itemknn,sampled_unseen_negatives_with_target,target_margin,sensitivity,candidates500,top5_precision,shapley_mc,lime,-0.07786666666666665,-0.040000000000000036,-0.09407999999999998,-0.0624,9.999000099990002e-05,7.242864739340352e-19,-0.6088939858478456,250,29,141,80,10000,10000,0.000999900009999
MovieLens-1M,itemknn,sampled_unseen_negatives_with_target,target_margin,sensitivity,candidates500,top5_precision,shapley_mc,loo,-0.12090666666666666,-0.11999999999999988,-0.14016266666666669,-0.10154533333333335,9.999000099990002e-05,1.7120262185594304e-30,-0.7810437078956519,250,15,155,80,10000,10000,0.000999900009999
MovieLens-1M,itemknn,sampled_unseen_negatives_with_target,target_margin,sensitivity,candidates500,top5_precision,shapley_mc,greedy_cf,0.35589333333333334,0.36,0.32352,0.38832,9.999000099990002e-05,7.584271917220759e-55,1.3647686857634442,250,216,7,27,10000,10000,0.000999900009999
MovieLens-1M,itemknn,sampled_unseen_negatives_with_target,target_margin,sensitivity,candidates500,top5_precision,shapley_mc,random,0.5784,0.6000000000000001,0.5566399999999999,0.5992000000000001,9.999000099990002e-05,2.210859150104178e-75,3.3268229883426916,250,249,0,1,10000,10000,0.000999900009999
MovieLens-1M,itemknn,sampled_unseen_negatives_with_target,target_margin,sensitivity,candidates500,top5_precision,lime,loo,-0.04304000000000001,0.0,-0.05343999999999999,-0.032796000000000054,9.999000099990002e-05,3.207808350413538e-20,-0.5129731737836916,250,12,107,131,10000,10000,0.000999900009999
MovieLens-1M,itemknn,sampled_unseen_negatives_with_target,target_margin,sensitivity,candidates500,top5_precision,lime,greedy_cf,0.43376000000000003,0.4,0.40208000000000005,0.46416,9.999000099990002e-05,3.273741182984342e-68,1.73500847190761,250,238,2,10,10000,10000,0.000999900009999
MovieLens-1M,itemknn,sampled_unseen_negatives_with_target,target_margin,sensitivity,candidates500,top5_precision,lime,random,0.6562666666666667,0.6799999999999999,0.6369600000000001,0.67488,9.999000099990002e-05,2.7746282333807432e-73,4.3389928017843395,250,249,1,0,10000,10000,0.000999900009999
MovieLens-1M,itemknn,sampled_unseen_negatives_with_target,target_margin,sensitivity,candidates500,top5_precision,loo,greedy_cf,0.47679999999999995,0.4,0.44320000000000004,0.5104000000000001,9.999000099990002e-05,9.055679078826712e-72,1.779041610056188,250,237,0,13,10000,10000,0.000999900009999
MovieLens-1M,itemknn,sampled_unseen_negatives_with_target,target_margin,sensitivity,candidates500,top5_precision,loo,random,0.6993066666666666,0.72,0.6812786666666667,0.71648,9.999000099990002e-05,2.7746282333807432e-73,4.925599953410685,250,249,1,0,10000,10000,0.000999900009999
MovieLens-1M,itemknn,sampled_unseen_negatives_with_target,target_margin,sensitivity,candidates500,top5_precision,greedy_cf,random,0.22250666666666666,0.24000000000000002,0.19008,0.25488000000000005,9.999000099990002e-05,4.2602103808528135e-19,0.8453446297617256,250,189,53,8,10000,10000,0.000999900009999
MovieLens-1M,itemknn,sampled_unseen_negatives_with_target,target_margin,sensitivity,candidates500,joint_effect_primary,shapley_mc,lime,-6.521420554995786e-05,-6.806147049288587e-07,-0.00010569968178950123,-1.0111762442973643e-05,0.00019998000199980003,6.485282938356565e-19,-0.16770521644305766,250,22,126,102,10000,10000,0.000999900009999
MovieLens-1M,itemknn,sampled_unseen_negatives_with_target,target_margin,sensitivity,candidates500,joint_effect_primary,shapley_mc,loo,-7.901402070587839e-05,-1.982258361529212e-05,-0.00011924242631210112,-2.3527026513758542e-05,9.999000099990002e-05,1.4404067548348976e-28,-0.20207039762856785,250,11,136,103,10000,10000,0.000999900009999
MovieLens-1M,itemknn,sampled_unseen_negatives_with_target,target_margin,sensitivity,candidates500,joint_effect_primary,shapley_mc,greedy_cf,0.00207390871856041,0.0019073246949278476,0.0018768543633504529,0.0022845061469232387,9.999000099990002e-05,1.19875758375145e-51,1.2629260619980882,250,220,11,19,10000,10000,0.000999900009999
MovieLens-1M,itemknn,sampled_unseen_negatives_with_target,target_margin,sensitivity,candidates500,joint_effect_primary,shapley_mc,random,0.0025255604442874294,0.0024378664391994653,0.0023816715379972936,0.0026760513685412895,9.999000099990002e-05,2.7746282333807432e-73,2.1283201255237825,250,249,1,0,10000,10000,0.000999900009999
MovieLens-1M,itemknn,sampled_unseen_negatives_with_target,target_margin,sensitivity,candidates500,joint_effect_primary,lime,loo,-1.379981515592053e-05,0.0,-1.9042498201680958e-05,-9.021324604429106e-06,9.999000099990002e-05,3.172739019043594e-09,-0.3347515737653105,250,17,72,161,10000,10000,0.000999900009999
MovieLens-1M,itemknn,sampled_unseen_negatives_with_target,target_margin,sensitivity,candidates500,joint_effect_primary,lime,greedy_cf,0.0021391229241103683,0.0019827162791659246,0.001960668147568161,0.0023266198958987005,9.999000099990002e-05,5.175900817712856e-61,1.4334276376333746,250,224,4,22,10000,10000,0.000999900009999
MovieLens-1M,itemknn,sampled_unseen_negatives_with_target,target_margin,sensitivity,candidates500,joint_effect_primary,lime,random,0.0025907746498373867,0.002528261384917746,0.0024614001620206385,0.0027207213473566787,9.999000099990002e-05,1.105429575052089e-75,2.456340579589393,250,250,0,0,10000,10000,0.000999900009999
MovieLens-1M,itemknn,sampled_unseen_negatives_with_target,target_margin,sensitivity,candidates500,joint_effect_primary,loo,greedy_cf,0.002152922739266288,0.0020175254209699733,0.0019756129416588874,0.002339826024367917,9.999000099990002e-05,7.418412301374843e-68,1.4465029485664047,250,224,0,26,10000,10000,0.000999900009999
MovieLens-1M,itemknn,sampled_unseen_negatives_with_target,target_margin,sensitivity,candidates500,joint_effect_primary,loo,random,0.0026045744649933074,0.0025481665803391788,0.002474881463064348,0.0027374827918349403,9.999000099990002e-05,1.105429575052089e-75,2.477469083521448,250,250,0,0,10000,10000,0.000999900009999
MovieLens-1M,itemknn,sampled_unseen_negatives_with_target,target_margin,sensitivity,candidates500,joint_effect_primary,greedy_cf,random,0.00045165172572701875,0.00023653702548646075,0.00025468602537241544,0.0006475418827696762,9.999000099990002e-05,0.026657962755246185,0.28659753116460907,250,143,107,0,10000,10000,0.000999900009999
MovieLens-1M,itemknn,sampled_unseen_negatives_with_target,target_margin,sensitivity,candidates500,joint_effect_ndcg,shapley_mc,lime,-0.004672782815793004,0.0,-0.009732725817090357,-0.001084818860201375,0.0065993400659934,0.00738525390625,-0.12766852171514714,250,2,13,235,10000,10000,0.0263973602639736
MovieLens-1M,itemknn,sampled_unseen_negatives_with_target,target_margin,sensitivity,candidates500,joint_effect_ndcg,shapley_mc,loo,-0.00366809719967961,0.0,-0.009730808398663398,0.0014101294806082097,0.20537946205379462,0.049041748046875,-0.0820416432430635,250,4,13,233,10000,10000,0.41075892410758924
MovieLens-1M,itemknn,sampled_unseen_negatives_with_target,target_margin,sensitivity,candidates500,joint_effect_ndcg,shapley_mc,greedy_cf,0.01852842416122568,0.0,0.00931891939426687,0.028318220098563284,0.00019998000199980003,1.7051434042514302e-08,0.24488514378144563,250,40,4,206,10000,10000,0.000999900009999
MovieLens-1M,itemknn,sampled_unseen_negatives_with_target,target_margin,sensitivity,candidates500,joint_effect_ndcg,shapley_mc,random,0.02379571607320942,0.0,0.01570466236549581,0.03222652009876866,9.999000099990002e-05,6.144390551909851e-15,0.35234981296884665,250,57,2,191,10000,10000,0.000999900009999
MovieLens-1M,itemknn,sampled_unseen_negatives_with_target,target_margin,sensitivity,candidates500,joint_effect_ndcg,lime,loo,0.0010046856161133933,0.0,-0.0015620699305355819,0.004169458319426425,0.6091390860913909,1.0,0.043425478620764776,250,4,5,241,10000,10000,0.6091390860913909
MovieLens-1M,itemknn,sampled_unseen_negatives_with_target,target_margin,sensitivity,candidates500,joint_effect_ndcg,lime,greedy_cf,0.023201206977018683,0.0,0.013026124018313389,0.03386768717702397,9.999000099990002e-05,2.1532287064474076e-10,0.27376403131130683,250,41,2,207,10000,10000,0.000999900009999
MovieLens-1M,itemknn,sampled_unseen_negatives_with_target,target_margin,sensitivity,candidates500,joint_effect_ndcg,lime,random,0.028468498889002422,0.0,0.01937908776795683,0.03820149057192662,9.999000099990002e-05,5.377642775528102e-17,0.3721495359970668,250,60,1,189,10000,10000,0.000999900009999
MovieLens-1M,itemknn,sampled_unseen_negatives_with_target,target_margin,sensitivity,candidates500,joint_effect_ndcg,loo,greedy_cf,0.022196521360905285,0.0,0.012554422449985177,0.03297028138379613,9.999000099990002e-05,7.457856554538012e-11,0.27121824974772246,250,39,1,210,10000,10000,0.000999900009999
MovieLens-1M,itemknn,sampled_unseen_negatives_with_target,target_margin,sensitivity,candidates500,joint_effect_ndcg,loo,random,0.027463813272889027,0.0,0.01842708224717699,0.03712599576769289,9.999000099990002e-05,6.144390551909851e-15,0.3593347730155184,250,57,2,191,10000,10000,0.000999900009999
MovieLens-1M,itemknn,sampled_unseen_negatives_with_target,target_margin,sensitivity,candidates500,joint_effect_ndcg,greedy_cf,random,0.005267291911983742,0.0,-0.0003948155471278849,0.011502542556785568,0.08489151084891511,0.3408909412200971,0.10893094980427784,250,31,23,196,10000,10000,0.2546745325467453
MovieLens-1M,itemknn,sampled_unseen_negatives_with_target,target_margin,sensitivity,candidates500,joint_effect_target_margin,shapley_mc,lime,-6.521420554995786e-05,-6.806147049288587e-07,-0.00010594453984243614,-9.793189081157221e-06,0.00039996000399960006,6.485282938356565e-19,-0.16770521644305766,250,22,126,102,10000,10000,0.000999900009999
MovieLens-1M,itemknn,sampled_unseen_negatives_with_target,target_margin,sensitivity,candidates500,joint_effect_target_margin,shapley_mc,loo,-7.901402070587839e-05,-1.982258361529212e-05,-0.00011984019523159385,-2.289148770481856e-05,9.999000099990002e-05,1.4404067548348976e-28,-0.20207039762856785,250,11,136,103,10000,10000,0.000999900009999
MovieLens-1M,itemknn,sampled_unseen_negatives_with_target,target_margin,sensitivity,candidates500,joint_effect_target_margin,shapley_mc,greedy_cf,0.00207390871856041,0.0019073246949278476,0.0018745463433366167,0.002280332921115317,9.999000099990002e-05,1.19875758375145e-51,1.2629260619980882,250,220,11,19,10000,10000,0.000999900009999
MovieLens-1M,itemknn,sampled_unseen_negatives_with_target,target_margin,sensitivity,candidates500,joint_effect_target_margin,shapley_mc,random,0.0025255604442874294,0.0024378664391994653,0.002381145775619542,0.002673801945376391,9.999000099990002e-05,2.7746282333807432e-73,2.1283201255237825,250,249,1,0,10000,10000,0.000999900009999
MovieLens-1M,itemknn,sampled_unseen_negatives_with_target,target_margin,sensitivity,candidates500,joint_effect_target_margin,lime,loo,-1.379981515592053e-05,0.0,-1.911544335133865e-05,-8.933432045336821e-06,9.999000099990002e-05,3.172739019043594e-09,-0.3347515737653105,250,17,72,161,10000,10000,0.000999900009999
MovieLens-1M,itemknn,sampled_unseen_negatives_with_target,target_margin,sensitivity,candidates500,joint_effect_target_margin,lime,greedy_cf,0.0021391229241103683,0.0019827162791659246,0.00195675529518079,0.002327953803631381,9.999000099990002e-05,5.175900817712856e-61,1.4334276376333746,250,224,4,22,10000,10000,0.000999900009999
MovieLens-1M,itemknn,sampled_unseen_negatives_with_target,target_margin,sensitivity,candidates500,joint_effect_target_margin,lime,random,0.0025907746498373867,0.002528261384917746,0.0024630278269970325,0.002720406282358079,9.999000099990002e-05,1.105429575052089e-75,2.456340579589393,250,250,0,0,10000,10000,0.000999900009999
MovieLens-1M,itemknn,sampled_unseen_negatives_with_target,target_margin,sensitivity,candidates500,joint_effect_target_margin,loo,greedy_cf,0.002152922739266288,0.0020175254209699733,0.001967407831205374,0.0023423007862544334,9.999000099990002e-05,7.418412301374843e-68,1.4465029485664047,250,224,0,26,10000,10000,0.000999900009999
MovieLens-1M,itemknn,sampled_unseen_negatives_with_target,target_margin,sensitivity,candidates500,joint_effect_target_margin,loo,random,0.0026045744649933074,0.0025481665803391788,0.0024780905831409553,0.0027332972086074447,9.999000099990002e-05,1.105429575052089e-75,2.477469083521448,250,250,0,0,10000,10000,0.000999900009999
MovieLens-1M,itemknn,sampled_unseen_negatives_with_target,target_margin,sensitivity,candidates500,joint_effect_target_margin,greedy_cf,random,0.00045165172572701875,0.00023653702548646075,0.00025953709203092195,0.0006484766327084896,9.999000099990002e-05,0.026657962755246185,0.28659753116460907,250,143,107,0,10000,10000,0.000999900009999
MovieLens-1M,itemknn,sampled_unseen_negatives_with_target,target_margin,sensitivity,candidates500,intervention_success,shapley_mc,lime,-0.0056,0.0,-0.0152,0.0,0.5028497150284972,0.5,-0.08232491742409996,250,0,2,248,10000,10000,1.0
MovieLens-1M,itemknn,sampled_unseen_negatives_with_target,target_margin,sensitivity,candidates500,intervention_success,shapley_mc,loo,-0.0056,0.0,-0.0152,0.0,0.49965003499650035,0.5,-0.08232491742409996,250,0,2,248,10000,10000,1.0
MovieLens-1M,itemknn,sampled_unseen_negatives_with_target,target_margin,sensitivity,candidates500,intervention_success,shapley_mc,greedy_cf,0.44239999999999996,0.0,0.38239999999999996,0.5064,9.999000099990002e-05,4.352601674315153e-32,0.8849381890899496,250,111,1,138,10000,10000,0.000999900009999
MovieLens-1M,itemknn,sampled_unseen_negatives_with_target,target_margin,sensitivity,candidates500,intervention_success,shapley_mc,random,0.5216,0.6,0.4936,0.5504,9.999000099990002e-05,1.3696714606725402e-70,2.2737667941566126,250,240,1,9,10000,10000,0.000999900009999
MovieLens-1M,itemknn,sampled_unseen_negatives_with_target,target_margin,sensitivity,candidates500,intervention_success,lime,loo,0.0,0.0,0.0,0.0,1.0,1.0,0.0,250,0,0,250,10000,10000,1.0
MovieLens-1M,itemknn,sampled_unseen_negatives_with_target,target_margin,sensitivity,candidates500,intervention_success,lime,greedy_cf,0.448,0.0,0.388,0.512,9.999000099990002e-05,3.851859888774472e-34,0.8990816570740149,250,112,0,138,10000,10000,0.000999900009999
MovieLens-1M,itemknn,sampled_unseen_negatives_with_target,target_margin,sensitivity,candidates500,intervention_success,lime,random,0.5272,0.6,0.49920000000000003,0.5551999999999999,9.999000099990002e-05,2.8298997121333476e-73,2.362931374606179,250,242,0,8,10000,10000,0.000999900009999
MovieLens-1M,itemknn,sampled_unseen_negatives_with_target,target_margin,sensitivity,candidates500,intervention_success,loo,greedy_cf,0.448,0.0,0.388,0.512,9.999000099990002e-05,3.851859888774472e-34,0.8990816570740149,250,112,0,138,10000,10000,0.000999900009999
MovieLens-1M,itemknn,sampled_unseen_negatives_with_target,target_margin,sensitivity,candidates500,intervention_success,loo,random,0.5272,0.6,0.49920000000000003,0.5544199999999998,9.999000099990002e-05,2.8298997121333476e-73,2.362931374606179,250,242,0,8,10000,10000,0.000999900009999
MovieLens-1M,itemknn,sampled_unseen_negatives_with_target,target_margin,sensitivity,candidates500,intervention_success,greedy_cf,random,0.07919999999999999,0.19999999999999996,0.011199999999999993,0.1464,0.024797520247975203,0.10784886472522788,0.1453676762500011,250,134,108,8,10000,10000,0.09919008099190081
MovieLens-1M,itemknn,sampled_unseen_negatives_with_target,target_margin,sensitivity,candidates500,abstention,shapley_mc,lime,0.0,0.0,0.0,0.0,1.0,1.0,0.0,250,0,0,250,10000,10000,1.0
MovieLens-1M,itemknn,sampled_unseen_negatives_with_target,target_margin,sensitivity,candidates500,abstention,shapley_mc,loo,0.0,0.0,0.0,0.0,1.0,1.0,0.0,250,0,0,250,10000,10000,1.0
MovieLens-1M,itemknn,sampled_unseen_negatives_with_target,target_margin,sensitivity,candidates500,abstention,shapley_mc,greedy_cf,0.0,0.0,0.0,0.0,1.0,1.0,0.0,250,0,0,250,10000,10000,1.0
MovieLens-1M,itemknn,sampled_unseen_negatives_with_target,target_margin,sensitivity,candidates500,abstention,shapley_mc,random,-0.0008,0.0,-0.0024000000000000002,0.0,1.0,1.0,-0.06324555320336757,250,0,1,249,10000,10000,1.0
MovieLens-1M,itemknn,sampled_unseen_negatives_with_target,target_margin,sensitivity,candidates500,abstention,lime,loo,0.0,0.0,0.0,0.0,1.0,1.0,0.0,250,0,0,250,10000,10000,1.0
MovieLens-1M,itemknn,sampled_unseen_negatives_with_target,target_margin,sensitivity,candidates500,abstention,lime,greedy_cf,0.0,0.0,0.0,0.0,1.0,1.0,0.0,250,0,0,250,10000,10000,1.0
MovieLens-1M,itemknn,sampled_unseen_negatives_with_target,target_margin,sensitivity,candidates500,abstention,lime,random,-0.0008,0.0,-0.0024000000000000002,0.0,1.0,1.0,-0.06324555320336757,250,0,1,249,10000,10000,1.0
MovieLens-1M,itemknn,sampled_unseen_negatives_with_target,target_margin,sensitivity,candidates500,abstention,loo,greedy_cf,0.0,0.0,0.0,0.0,1.0,1.0,0.0,250,0,0,250,10000,10000,1.0
MovieLens-1M,itemknn,sampled_unseen_negatives_with_target,target_margin,sensitivity,candidates500,abstention,loo,random,-0.0008,0.0,-0.0024000000000000002,0.0,1.0,1.0,-0.06324555320336757,250,0,1,249,10000,10000,1.0
MovieLens-1M,itemknn,sampled_unseen_negatives_with_target,target_margin,sensitivity,candidates500,abstention,greedy_cf,random,-0.0008,0.0,-0.0024000000000000002,0.0,1.0,1.0,-0.06324555320336757,250,0,1,249,10000,10000,1.0
MovieLens-1M,itemknn,sampled_unseen_negatives_with_target,target_margin,sensitivity,candidates500,joint_regret_primary,shapley_mc,lime,6.521420554995778e-05,6.8061470492875e-07,1.0181617175282395e-05,0.00010511365086948294,0.00029997000299970003,6.485282938356565e-19,0.1677052164430574,250,126,22,102,10000,10000,0.000999900009999
MovieLens-1M,itemknn,sampled_unseen_negatives_with_target,target_margin,sensitivity,candidates500,joint_regret_primary,shapley_mc,loo,7.90140207058784e-05,1.98225836152921e-05,2.1406272935138708e-05,0.00011919688596439529,9.999000099990002e-05,1.4404067548348976e-28,0.2020703976285679,250,136,11,103,10000,10000,0.000999900009999
MovieLens-1M,itemknn,sampled_unseen_negatives_with_target,target_margin,sensitivity,candidates500,joint_regret_primary,shapley_mc,greedy_cf,-0.00207390871856041,-0.0019073246949278476,-0.002279832989661357,-0.0018743992199725735,9.999000099990002e-05,1.19875758375145e-51,-1.2629260619980882,250,11,220,19,10000,10000,0.000999900009999
MovieLens-1M,itemknn,sampled_unseen_negatives_with_target,target_margin,sensitivity,candidates500,joint_regret_primary,shapley_mc,random,-0.0025255604442874294,-0.0024378664391994653,-0.0026772459252714007,-0.0023837440384785785,9.999000099990002e-05,2.7746282333807432e-73,-2.1283201255237825,250,1,249,0,10000,10000,0.000999900009999
MovieLens-1M,itemknn,sampled_unseen_negatives_with_target,target_margin,sensitivity,candidates500,joint_regret_primary,lime,loo,1.3799815155920613e-05,0.0,8.962975230088298e-06,1.9114809798872172e-05,9.999000099990002e-05,3.172739019043594e-09,0.3347515737653124,250,72,17,161,10000,10000,0.000999900009999
MovieLens-1M,itemknn,sampled_unseen_negatives_with_target,target_margin,sensitivity,candidates500,joint_regret_primary,lime,greedy_cf,-0.0021391229241103683,-0.0019827162791659246,-0.0023259768891349237,-0.0019581805561398016,9.999000099990002e-05,5.175900817712856e-61,-1.4334276376333746,250,4,224,22,10000,10000,0.000999900009999
MovieLens-1M,itemknn,sampled_unseen_negatives_with_target,target_margin,sensitivity,candidates500,joint_regret_primary,lime,random,-0.0025907746498373867,-0.002528261384917746,-0.002721781396125117,-0.002463768095316758,9.999000099990002e-05,1.105429575052089e-75,-2.456340579589393,250,0,250,0,10000,10000,0.000999900009999
MovieLens-1M,itemknn,sampled_unseen_negatives_with_target,target_margin,sensitivity,candidates500,joint_regret_primary,loo,greedy_cf,-0.002152922739266288,-0.0020175254209699733,-0.002339891003739143,-0.001973633268113701,9.999000099990002e-05,7.418412301374843e-68,-1.4465029485664047,250,0,224,26,10000,10000,0.000999900009999
MovieLens-1M,itemknn,sampled_unseen_negatives_with_target,target_margin,sensitivity,candidates500,joint_regret_primary,loo,random,-0.0026045744649933074,-0.0025481665803391788,-0.0027334393952451724,-0.0024764015452117586,9.999000099990002e-05,1.105429575052089e-75,-2.477469083521448,250,0,250,0,10000,10000,0.000999900009999
MovieLens-1M,itemknn,sampled_unseen_negatives_with_target,target_margin,sensitivity,candidates500,joint_regret_primary,greedy_cf,random,-0.0004516517257270188,-0.0002365370254864606,-0.0006428881629888084,-0.0002590202557382638,9.999000099990002e-05,0.026657962755246185,-0.2865975311646091,250,107,143,0,10000,10000,0.000999900009999
MovieLens-1M,itemknn,sampled_unseen_negatives_with_target,target_margin,sensitivity,candidates500,normalized_regret_primary,shapley_mc,lime,0.043875017545180216,0.0002203716598777988,0.029529818343240918,0.060741616113655056,9.999000099990002e-05,6.485282938356565e-19,0.3433699052618307,250,126,22,102,10000,10000,0.000999900009999
MovieLens-1M,itemknn,sampled_unseen_negatives_with_target,target_margin,sensitivity,candidates500,normalized_regret_primary,shapley_mc,loo,0.050675483620164725,0.007931684178185676,0.03565772988785304,0.06780598140362107,9.999000099990002e-05,1.4404067548348976e-28,0.3893481535883966,250,136,11,103,10000,10000,0.000999900009999
MovieLens-1M,itemknn,sampled_unseen_negatives_with_target,target_margin,sensitivity,candidates500,normalized_regret_primary,shapley_mc,greedy_cf,-0.8681168223339037,-0.8397581877852534,-0.9388474859953745,-0.7985085523324861,9.999000099990002e-05,1.19875758375145e-51,-1.5247586018728478,250,11,220,19,10000,10000,0.000999900009999
MovieLens-1M,itemknn,sampled_unseen_negatives_with_target,target_margin,sensitivity,candidates500,normalized_regret_primary,shapley_mc,random,-0.9789383695908482,-1.0098579469473825,-1.0065417935391678,-0.9503644362779213,9.999000099990002e-05,2.7746282333807432e-73,-4.1905744977800845,250,1,249,0,10000,10000,0.000999900009999
MovieLens-1M,itemknn,sampled_unseen_negatives_with_target,target_margin,sensitivity,candidates500,normalized_regret_primary,lime,loo,0.0068004660749845115,0.0,0.004343264205688036,0.009474673688757304,9.999000099990002e-05,3.172739019043594e-09,0.3241423212437096,250,72,17,161,10000,10000,0.000999900009999
MovieLens-1M,itemknn,sampled_unseen_negatives_with_target,target_margin,sensitivity,candidates500,normalized_regret_primary,lime,greedy_cf,-0.9119918398790839,-0.8652505543480795,-0.9827809602492319,-0.841460572093821,9.999000099990002e-05,5.175900817712856e-61,-1.6122884116699887,250,4,224,22,10000,10000,0.000999900009999
MovieLens-1M,itemknn,sampled_unseen_negatives_with_target,target_margin,sensitivity,candidates500,normalized_regret_primary,lime,random,-1.0228133871360283,-1.0211854717374267,-1.0479173570964233,-0.9976065534458914,9.999000099990002e-05,1.105429575052089e-75,-5.027606745264003,250,0,250,0,10000,10000,0.000999900009999
MovieLens-1M,itemknn,sampled_unseen_negatives_with_target,target_margin,sensitivity,candidates500,normalized_regret_primary,loo,greedy_cf,-0.9187923059540686,-0.8652505543480795,-0.9900820928602133,-0.8495396562815268,9.999000099990002e-05,7.418412301374843e-68,-1.622182993468808,250,0,224,26,10000,10000,0.000999900009999
MovieLens-1M,itemknn,sampled_unseen_negatives_with_target,target_margin,sensitivity,candidates500,normalized_regret_primary,loo,random,-1.0296138532110128,-1.0232477229093424,-1.0546655661600033,-1.0043446722370009,9.999000099990002e-05,1.105429575052089e-75,-5.068762796241675,250,0,250,0,10000,10000,0.000999900009999
MovieLens-1M,itemknn,sampled_unseen_negatives_with_target,target_margin,sensitivity,candidates500,normalized_regret_primary,greedy_cf,random,-0.11082154725694444,-0.10367875964088569,-0.18285674310752728,-0.03668366088850831,0.003999600039996,0.026657962755246185,-0.1840284239252182,250,107,143,0,10000,10000,0.003999600039996
MovieLens-1M,itemknn,sampled_unseen_negatives_with_target,target_margin,sensitivity,candidates500,joint_regret_ndcg,shapley_mc,lime,0.004672782815793004,0.0,0.0009738122247828581,0.009964575057979761,0.0091990800919908,0.00738525390625,0.12766852171514714,250,13,2,235,10000,10000,0.0367963203679632
MovieLens-1M,itemknn,sampled_unseen_negatives_with_target,target_margin,sensitivity,candidates500,joint_regret_ndcg,shapley_mc,loo,0.003668097199679611,0.0,-0.0013880496973576613,0.009624587015919728,0.2096790320967903,0.049041748046875,0.08204164324306351,250,13,4,233,10000,10000,0.4193580641935806
MovieLens-1M,itemknn,sampled_unseen_negatives_with_target,target_margin,sensitivity,candidates500,joint_regret_ndcg,shapley_mc,greedy_cf,-0.01852842416122568,0.0,-0.0281391883084352,-0.0093374161700408,9.999000099990002e-05,1.7051434042514302e-08,-0.24488514378144563,250,4,40,206,10000,10000,0.000999900009999
MovieLens-1M,itemknn,sampled_unseen_negatives_with_target,target_margin,sensitivity,candidates500,joint_regret_ndcg,shapley_mc,random,-0.02379571607320942,0.0,-0.03245184068908485,-0.015637338633055275,9.999000099990002e-05,6.144390551909851e-15,-0.35234981296884665,250,2,57,191,10000,10000,0.000999900009999
MovieLens-1M,itemknn,sampled_unseen_negatives_with_target,target_margin,sensitivity,candidates500,joint_regret_ndcg,lime,loo,-0.0010046856161133931,0.0,-0.004140394228323414,0.001549886691944472,0.595940405959404,1.0,-0.04342547862076476,250,5,4,241,10000,10000,0.595940405959404
MovieLens-1M,itemknn,sampled_unseen_negatives_with_target,target_margin,sensitivity,candidates500,joint_regret_ndcg,lime,greedy_cf,-0.023201206977018683,0.0,-0.03397025890759845,-0.013162592811893165,9.999000099990002e-05,2.1532287064474076e-10,-0.27376403131130683,250,2,41,207,10000,10000,0.000999900009999
MovieLens-1M,itemknn,sampled_unseen_negatives_with_target,target_margin,sensitivity,candidates500,joint_regret_ndcg,lime,random,-0.028468498889002426,0.0,-0.03831210627277586,-0.0195054033459047,9.999000099990002e-05,5.377642775528102e-17,-0.37214953599706685,250,1,60,189,10000,10000,0.000999900009999
MovieLens-1M,itemknn,sampled_unseen_negatives_with_target,target_margin,sensitivity,candidates500,joint_regret_ndcg,loo,greedy_cf,-0.022196521360905285,0.0,-0.03246382237230157,-0.012732179645056898,9.999000099990002e-05,7.457856554538012e-11,-0.27121824974772246,250,1,39,210,10000,10000,0.000999900009999
MovieLens-1M,itemknn,sampled_unseen_negatives_with_target,target_margin,sensitivity,candidates500,joint_regret_ndcg,loo,random,-0.02746381327288903,0.0,-0.03741403719357257,-0.018508048396338638,9.999000099990002e-05,6.144390551909851e-15,-0.35933477301551847,250,2,57,191,10000,10000,0.000999900009999
MovieLens-1M,itemknn,sampled_unseen_negatives_with_target,target_margin,sensitivity,candidates500,joint_regret_ndcg,greedy_cf,random,-0.005267291911983742,0.0,-0.011370102357956241,0.0005514030520031625,0.08909109089091091,0.3408909412200971,-0.10893094980427784,250,23,31,196,10000,10000,0.2672732726727327
MovieLens-1M,itemknn,sampled_unseen_negatives_with_target,target_margin,sensitivity,candidates500,normalized_regret_ndcg,shapley_mc,lime,0.11378250076298467,0.0,0.04518136862532349,0.19063662777862633,0.0023997600239976003,0.00738525390625,0.39326439795266505,60,13,2,45,10000,10000,0.009599040095990401
MovieLens-1M,itemknn,sampled_unseen_negatives_with_target,target_margin,sensitivity,candidates500,normalized_regret_ndcg,shapley_mc,loo,0.10189388249330823,0.0,0.011004303303270343,0.19809765313166117,0.0365963403659634,0.049041748046875,0.27416515449610573,60,13,4,43,10000,10000,0.10978902109789021
MovieLens-1M,itemknn,sampled_unseen_negatives_with_target,target_margin,sensitivity,candidates500,normalized_regret_ndcg,shapley_mc,greedy_cf,-0.7097203315061693,-0.5097305354856957,-1.1502897897924118,-0.39427769156701475,9.999000099990002e-05,5.65314621780999e-08,-0.4599651881439551,60,4,38,18,10000,10000,0.000999900009999
MovieLens-1M,itemknn,sampled_unseen_negatives_with_target,target_margin,sensitivity,candidates500,normalized_regret_ndcg,shapley_mc,random,-1.178764140110861,-0.8,-1.7728456782860025,-0.7590557667888678,9.999000099990002e-05,4.4325654258159375e-14,-0.5688486441570578,60,2,54,4,10000,10000,0.000999900009999
MovieLens-1M,itemknn,sampled_unseen_negatives_with_target,target_margin,sensitivity,candidates500,normalized_regret_ndcg,lime,loo,-0.011888618269676422,0.0,-0.07487982101190621,0.045488360562362766,0.7090290970902909,1.0,-0.04950574687723808,60,5,4,51,10000,10000,0.7090290970902909
MovieLens-1M,itemknn,sampled_unseen_negatives_with_target,target_margin,sensitivity,candidates500,normalized_regret_ndcg,lime,greedy_cf,-0.823502832269154,-0.7336596255875774,-1.2598368994105935,-0.513112006667779,9.999000099990002e-05,7.839844329282641e-10,-0.5391631181881962,60,2,39,19,10000,10000,0.000999900009999
MovieLens-1M,itemknn,sampled_unseen_negatives_with_target,target_margin,sensitivity,candidates500,normalized_regret_ndcg,lime,random,-1.2925466408738457,-0.9161090505795434,-1.8698759316776474,-0.8823183830943792,9.999000099990002e-05,4.0939474033052647e-16,-0.633815284473647,60,1,57,2,10000,10000,0.000999900009999
MovieLens-1M,itemknn,sampled_unseen_negatives_with_target,target_margin,sensitivity,candidates500,normalized_regret_ndcg,loo,greedy_cf,-0.8116142139994774,-0.7238032429810073,-1.2532689480298809,-0.5012460073131711,9.999000099990002e-05,2.837623469531536e-10,-0.5321475233598338,60,1,37,22,10000,10000,0.000999900009999
MovieLens-1M,itemknn,sampled_unseen_negatives_with_target,target_margin,sensitivity,candidates500,normalized_regret_ndcg,loo,random,-1.2806580226041693,-0.9091006700141577,-1.8994884332630415,-0.8459012439860452,9.999000099990002e-05,4.4325654258159375e-14,-0.5976263067760625,60,2,54,4,10000,10000,0.000999900009999
MovieLens-1M,itemknn,sampled_unseen_negatives_with_target,target_margin,sensitivity,candidates500,normalized_regret_ndcg,greedy_cf,random,-0.4690438086046919,0.0,-1.0604154571761917,-0.03601176295819865,0.050794920507949204,0.3222363203575469,-0.22273207249162097,60,21,29,10,10000,10000,0.10978902109789021
MovieLens-1M,itemknn,sampled_unseen_negatives_with_target,target_margin,sensitivity,candidates500,intervention_success_ndcg,shapley_mc,lime,-0.016800000000000002,0.0,-0.033600000000000005,-0.0024000000000000007,0.0527947205279472,0.1796875,-0.1304557948193671,250,2,7,241,10000,10000,0.1583841615838416
MovieLens-1M,itemknn,sampled_unseen_negatives_with_target,target_margin,sensitivity,candidates500,intervention_success_ndcg,shapley_mc,loo,-0.016799999999999995,0.0,-0.04,0.004,0.15458454154584542,0.548828125,-0.09390636992298375,250,4,7,239,10000,10000,0.30916908309169083
MovieLens-1M,itemknn,sampled_unseen_negatives_with_target,target_margin,sensitivity,candidates500,intervention_success_ndcg,shapley_mc,greedy_cf,0.0952,0.0,0.056799999999999996,0.1376,9.999000099990002e-05,2.5560148060321808e-06,0.29362942982242096,250,29,3,218,10000,10000,0.000999900009999
MovieLens-1M,itemknn,sampled_unseen_negatives_with_target,target_margin,sensitivity,candidates500,intervention_success_ndcg,shapley_mc,random,0.13839999999999997,0.0,0.10080000000000001,0.1792,9.999000099990002e-05,1.042677055806962e-11,0.43529374161704204,250,49,3,198,10000,10000,0.000999900009999
MovieLens-1M,itemknn,sampled_unseen_negatives_with_target,target_margin,sensitivity,candidates500,intervention_success_ndcg,lime,loo,0.0,0.0,-0.014400000000000001,0.015200000000000002,1.0,1.0,0.0,250,3,3,244,10000,10000,1.0
MovieLens-1M,itemknn,sampled_unseen_negatives_with_target,target_margin,sensitivity,candidates500,intervention_success_ndcg,lime,greedy_cf,0.112,0.0,0.072,0.15519999999999998,9.999000099990002e-05,6.938353180885315e-08,0.3379766317777792,250,32,2,216,10000,10000,0.000999900009999
MovieLens-1M,itemknn,sampled_unseen_negatives_with_target,target_margin,sensitivity,candidates500,intervention_success_ndcg,lime,random,0.15519999999999998,0.0,0.11520000000000001,0.1976,9.999000099990002e-05,8.554268404736831e-14,0.46838838238022007,250,53,2,195,10000,10000,0.000999900009999
MovieLens-1M,itemknn,sampled_unseen_negatives_with_target,target_margin,sensitivity,candidates500,intervention_success_ndcg,loo,greedy_cf,0.112,0.0,0.072,0.156,9.999000099990002e-05,5.774199962615967e-08,0.3409827090364297,250,29,1,220,10000,10000,0.000999900009999
MovieLens-1M,itemknn,sampled_unseen_negatives_with_target,target_margin,sensitivity,candidates500,intervention_success_ndcg,loo,random,0.15519999999999998,0.0,0.11519999999999998,0.1984,9.999000099990002e-05,1.6497914145929826e-13,0.4670237228016845,250,52,2,196,10000,10000,0.000999900009999
MovieLens-1M,itemknn,sampled_unseen_negatives_with_target,target_margin,sensitivity,candidates500,intervention_success_ndcg,greedy_cf,random,0.0432,0.0,0.013600000000000001,0.0752,0.0059994000599940004,0.44079906734259566,0.17340868114064856,250,24,18,208,10000,10000,0.023997600239976002
MovieLens-1M,itemknn,sampled_unseen_negatives_with_target,target_margin,sensitivity,nmax100,aia,shapley_mc,lime,-0.11010197661694655,-0.08219358395318743,-0.12649788950570526,-0.09507513983734253,9.999000099990002e-05,2.2807422878164393e-45,-0.8602745539037394,250,21,229,0,10000,10000,0.000999900009999
MovieLens-1M,itemknn,sampled_unseen_negatives_with_target,target_margin,sensitivity,nmax100,aia,shapley_mc,loo,-0.17906612534950528,-0.1510470600292521,-0.19622772270985667,-0.1635151636179057,9.999000099990002e-05,2.7746282333807432e-73,-1.3533617300582486,250,1,249,0,10000,10000,0.000999900009999
MovieLens-1M,itemknn,sampled_unseen_negatives_with_target,target_margin,sensitivity,nmax100,aia,shapley_mc,greedy_cf,0.42744555824089925,0.3983736692504877,0.3925279230662839,0.4619403778877019,9.999000099990002e-05,1.043168521045681e-59,1.5332854724750522,250,241,9,0,10000,10000,0.000999900009999
MovieLens-1M,itemknn,sampled_unseen_negatives_with_target,target_margin,sensitivity,nmax100,aia,shapley_mc,random,0.8066786046045366,0.8295067270098437,0.7867871441253261,0.8248458099472201,9.999000099990002e-05,3.468395834683434e-71,5.2317284214605815,250,248,2,0,10000,10000,0.000999900009999
MovieLens-1M,itemknn,sampled_unseen_negatives_with_target,target_margin,sensitivity,nmax100,aia,lime,loo,-0.0689641487325587,-0.059688637136470823,-0.07538566494516823,-0.06279318371971687,9.999000099990002e-05,2.2212448820477072e-68,-1.3675701667224525,250,3,244,3,10000,10000,0.000999900009999
MovieLens-1M,itemknn,sampled_unseen_negatives_with_target,target_margin,sensitivity,nmax100,aia,lime,greedy_cf,0.5375475348578458,0.49137430540761623,0.5094188947448306,0.5655257291424785,9.999000099990002e-05,2.210859150104178e-75,2.330896809608592,250,249,0,1,10000,10000,0.000999900009999
MovieLens-1M,itemknn,sampled_unseen_negatives_with_target,target_margin,sensitivity,nmax100,aia,lime,random,0.9167805812214831,0.9148922430685031,0.9055597555492582,0.928015728365427,9.999000099990002e-05,1.105429575052089e-75,10.070951836659903,250,250,0,0,10000,10000,0.000999900009999
MovieLens-1M,itemknn,sampled_unseen_negatives_with_target,target_margin,sensitivity,nmax100,aia,loo,greedy_cf,0.6065116835904045,0.566085879984463,0.5792590133332494,0.6343964439007643,9.999000099990002e-05,2.210859150104178e-75,2.7246450217492257,250,249,0,1,10000,10000,0.000999900009999
MovieLens-1M,itemknn,sampled_unseen_negatives_with_target,target_margin,sensitivity,nmax100,aia,loo,random,0.9857447299540416,0.9888455434656866,0.9759499338051857,0.9954004838802106,9.999000099990002e-05,1.105429575052089e-75,12.744680610837316,250,250,0,0,10000,10000,0.000999900009999
MovieLens-1M,itemknn,sampled_unseen_negatives_with_target,target_margin,sensitivity,nmax100,aia,greedy_cf,random,0.37923304636363714,0.41839821737283744,0.3503538505075121,0.4074486027010652,9.999000099990002e-05,1.1178948684685345e-49,1.6314375563619716,250,233,17,0,10000,10000,0.000999900009999
MovieLens-1M,itemknn,sampled_unseen_negatives_with_target,target_margin,sensitivity,nmax100,aia_ndcg,shapley_mc,lime,-0.004125251015181865,-0.004104220059589048,-0.03431548093563454,0.028430511193564947,0.8061193880611939,0.4010619910279374,-0.03530434179816678,54,22,29,3,10000,10000,0.8061193880611939
MovieLens-1M,itemknn,sampled_unseen_negatives_with_target,target_margin,sensitivity,nmax100,aia_ndcg,shapley_mc,loo,-0.020080284733446876,-0.011520675067485567,-0.05359421571460367,0.013041069972677378,0.2505749425057494,0.13367423536410522,-0.1579876104484073,54,21,33,0,10000,10000,0.5011498850114988
MovieLens-1M,itemknn,sampled_unseen_negatives_with_target,target_margin,sensitivity,nmax100,aia_ndcg,shapley_mc,greedy_cf,0.14804277938574414,0.1384013511598587,0.08123519119258218,0.21246419566968885,9.999000099990002e-05,2.2475594023241285e-05,0.5863012348515236,54,42,11,1,10000,10000,0.000999900009999
MovieLens-1M,itemknn,sampled_unseen_negatives_with_target,target_margin,sensitivity,nmax100,aia_ndcg,shapley_mc,random,0.3118771261832733,0.3408741072216115,0.2423372119997168,0.3804289544777933,9.999000099990002e-05,1.38433549734529e-07,1.1837858237855021,54,46,8,0,10000,10000,0.000999900009999
MovieLens-1M,itemknn,sampled_unseen_negatives_with_target,target_margin,sensitivity,nmax100,aia_ndcg,lime,loo,-0.015955033718265014,-0.006929035197820316,-0.027185923119298374,-0.005627899670583859,0.0040995900409959,0.003185253447776759,-0.39764313927418243,54,15,37,2,10000,10000,0.0122987701229877
MovieLens-1M,itemknn,sampled_unseen_negatives_with_target,target_margin,sensitivity,nmax100,aia_ndcg,lime,greedy_cf,0.152168030400926,0.1412902964135166,0.07866878054927685,0.21908705141700088,0.00019998000199980003,1.220851017613711e-06,0.5764598920822676,54,44,9,1,10000,10000,0.000999900009999
MovieLens-1M,itemknn,sampled_unseen_negatives_with_target,target_margin,sensitivity,nmax100,aia_ndcg,lime,random,0.3160023771984551,0.3406897423798295,0.24113163601416107,0.3843109853905173,9.999000099990002e-05,3.2565301566478407e-09,1.1614286685845578,54,48,6,0,10000,10000,0.000999900009999
MovieLens-1M,itemknn,sampled_unseen_negatives_with_target,target_margin,sensitivity,nmax100,aia_ndcg,loo,greedy_cf,0.16812306411919098,0.1468351218902466,0.09530859954207893,0.23808880798988397,0.00019998000199980003,1.38433549734529e-07,0.6147026898969072,54,46,8,0,10000,10000,0.000999900009999
MovieLens-1M,itemknn,sampled_unseen_negatives_with_target,target_margin,sensitivity,nmax100,aia_ndcg,loo,random,0.3319574109167202,0.3516311386275125,0.2541512409539749,0.4015531342890617,9.999000099990002e-05,3.2565301566478407e-09,1.173379955737695,54,48,6,0,10000,10000,0.000999900009999
MovieLens-1M,itemknn,sampled_unseen_negatives_with_target,target_margin,sensitivity,nmax100,aia_ndcg,greedy_cf,random,0.16383434679752912,0.17136583633112468,0.0978782655766362,0.22932020999139158,9.999000099990002e-05,0.009073340339587174,0.6626578381214466,54,37,17,0,10000,10000,0.000999900009999
MovieLens-1M,itemknn,sampled_unseen_negatives_with_target,target_margin,sensitivity,nmax100,faithfulness_alignment,shapley_mc,lime,-0.126212388457263,-0.08532920787899323,-0.15124154364884965,-0.10567886570549416,9.999000099990002e-05,1.1178948684685345e-49,-0.6753464289363931,250,17,233,0,10000,10000,0.000999900009999
MovieLens-1M,itemknn,sampled_unseen_negatives_with_target,target_margin,sensitivity,nmax100,faithfulness_alignment,shapley_mc,loo,-0.19823331040026415,-0.16490914788303063,-0.2233301979599198,-0.17708086297465583,9.999000099990002e-05,1.105429575052089e-75,-1.0627139098585965,250,0,250,0,10000,10000,0.000999900009999
MovieLens-1M,itemknn,sampled_unseen_negatives_with_target,target_margin,sensitivity,nmax100,faithfulness_alignment,shapley_mc,greedy_cf,0.4143249108898101,0.39045448788296205,0.3738564744175526,0.45204541566350037,9.999000099990002e-05,2.5252663870669353e-58,1.328207134549549,250,240,10,0,10000,10000,0.000999900009999
MovieLens-1M,itemknn,sampled_unseen_negatives_with_target,target_margin,sensitivity,nmax100,faithfulness_alignment,shapley_mc,random,0.8007578144935787,0.8280470263006658,0.7774104714242038,0.8214021689742546,9.999000099990002e-05,2.878954254955859e-69,4.583389543949507,250,247,3,0,10000,10000,0.000999900009999
MovieLens-1M,itemknn,sampled_unseen_negatives_with_target,target_margin,sensitivity,nmax100,faithfulness_alignment,lime,loo,-0.0720209219430012,-0.0614390442084366,-0.07823157466695835,-0.0661316541032087,9.999000099990002e-05,4.421718300208356e-75,-1.4649730057830355,250,0,248,2,10000,10000,0.000999900009999
MovieLens-1M,itemknn,sampled_unseen_negatives_with_target,target_margin,sensitivity,nmax100,faithfulness_alignment,lime,greedy_cf,0.5405372993470731,0.4964463323213725,0.5120459194673475,0.5691514876377332,9.999000099990002e-05,2.210859150104178e-75,2.328610440842386,250,249,0,1,10000,10000,0.000999900009999
MovieLens-1M,itemknn,sampled_unseen_negatives_with_target,target_margin,sensitivity,nmax100,faithfulness_alignment,lime,random,0.9269702029508416,0.9227337878243664,0.9147393942920662,0.9400675250509045,9.999000099990002e-05,1.105429575052089e-75,9.020208468254406,250,250,0,0,10000,10000,0.000999900009999
MovieLens-1M,itemknn,sampled_unseen_negatives_with_target,target_margin,sensitivity,nmax100,faithfulness_alignment,loo,greedy_cf,0.6125582212900742,0.5701150836043578,0.5853758378013272,0.639799203409959,9.999000099990002e-05,2.210859150104178e-75,2.7450635870290783,250,249,0,1,10000,10000,0.000999900009999
MovieLens-1M,itemknn,sampled_unseen_negatives_with_target,target_margin,sensitivity,nmax100,faithfulness_alignment,loo,random,0.9989911248938431,0.9945961992469674,0.9882636407975255,1.0102941653746076,9.999000099990002e-05,1.105429575052089e-75,11.26454655496468,250,250,0,0,10000,10000,0.000999900009999
MovieLens-1M,itemknn,sampled_unseen_negatives_with_target,target_margin,sensitivity,nmax100,faithfulness_alignment,greedy_cf,random,0.38643290360376864,0.4128246427678983,0.35628274077859234,0.41631400691759407,9.999000099990002e-05,8.081925349642784e-51,1.5618905484994006,250,234,16,0,10000,10000,0.000999900009999
MovieLens-1M,itemknn,sampled_unseen_negatives_with_target,target_margin,sensitivity,nmax100,actionability_gap,shapley_mc,lime,0.016110411840316394,0.0008328054888097291,0.007279184034109761,0.027830692461756693,9.999000099990002e-05,6.3698891811732735e-12,0.19341241280429675,250,145,50,55,10000,10000,0.000999900009999
MovieLens-1M,itemknn,sampled_unseen_negatives_with_target,target_margin,sensitivity,nmax100,actionability_gap,shapley_mc,loo,0.019167185050758904,0.001462331046165266,0.01009741430430209,0.030860594803216065,9.999000099990002e-05,1.0245890722131824e-17,0.22729465272434604,250,169,46,35,10000,10000,0.000999900009999
MovieLens-1M,itemknn,sampled_unseen_negatives_with_target,target_margin,sensitivity,nmax100,actionability_gap,shapley_mc,greedy_cf,0.013120647351089155,5.7872372577364405e-05,0.00511381433453245,0.023842091516711003,0.0005999400059994001,5.416365361963827e-05,0.17244576497961991,250,126,69,55,10000,10000,0.0035996400359964006
MovieLens-1M,itemknn,sampled_unseen_negatives_with_target,target_margin,sensitivity,nmax100,actionability_gap,shapley_mc,random,0.005920790110957636,0.0,0.00039286813883368293,0.012290279197406313,0.0466953304669533,0.0063568063374722485,0.12181466400923958,250,117,78,55,10000,10000,0.14008599140085992
MovieLens-1M,itemknn,sampled_unseen_negatives_with_target,target_margin,sensitivity,nmax100,actionability_gap,lime,loo,0.003056773210442506,1.1102230246251565e-16,0.0009834201655877675,0.005476554072619764,0.0014998500149985001,1.890814144943304e-05,0.16883273060771156,250,138,75,37,10000,10000,0.007499250074992501
MovieLens-1M,itemknn,sampled_unseen_negatives_with_target,target_margin,sensitivity,nmax100,actionability_gap,lime,greedy_cf,-0.002989764489227239,0.0,-0.008249723392932815,0.0017451517235490697,0.2602739726027397,0.8295345705542332,-0.07410165615591718,250,95,99,56,10000,10000,0.2602739726027397
MovieLens-1M,itemknn,sampled_unseen_negatives_with_target,target_margin,sensitivity,nmax100,actionability_gap,lime,random,-0.010189621729358759,-8.204466146262483e-05,-0.01917282273564346,-0.004308048404164889,9.999000099990002e-05,1.4917430081533766e-05,-0.1648340320455103,250,67,128,55,10000,10000,0.000999900009999
MovieLens-1M,itemknn,sampled_unseen_negatives_with_target,target_margin,sensitivity,nmax100,actionability_gap,loo,greedy_cf,-0.006046537699669745,-1.1102230246251565e-16,-0.01075380496124569,-0.001942492934624455,0.0045995400459954,0.001260946131009158,-0.1711469795722942,250,83,131,36,10000,10000,0.0183981601839816
MovieLens-1M,itemknn,sampled_unseen_negatives_with_target,target_margin,sensitivity,nmax100,actionability_gap,loo,random,-0.013246394939801264,-0.0013098337618040997,-0.021862458112309555,-0.007516758659246954,9.999000099990002e-05,1.5214790405724e-15,-0.21641021917382988,250,50,165,35,10000,10000,0.000999900009999
MovieLens-1M,itemknn,sampled_unseen_negatives_with_target,target_margin,sensitivity,nmax100,actionability_gap,greedy_cf,random,-0.007199857240131523,0.0,-0.016506238907357623,-0.00026853204488045117,0.047595240475952406,0.1972698890617332,-0.10826990027544903,250,88,107,55,10000,10000,0.14008599140085992
MovieLens-1M,itemknn,sampled_unseen_negatives_with_target,target_margin,sensitivity,nmax100,signed_alignment,shapley_mc,lime,-0.025978106230111767,-0.015681303599317076,-0.03188106604168198,-0.02073622370050611,9.999000099990002e-05,3.6713938167893047e-19,-0.5770088908474179,250,55,193,2,10000,10000,0.000999900009999
MovieLens-1M,itemknn,sampled_unseen_negatives_with_target,target_margin,sensitivity,nmax100,signed_alignment,shapley_mc,loo,-0.05764737219111159,-0.042925264271747254,-0.06459153903566246,-0.051556537498345545,9.999000099990002e-05,1.1010078567518806e-72,-1.0832471493995988,250,1,247,2,10000,10000,0.000999900009999
MovieLens-1M,itemknn,sampled_unseen_negatives_with_target,target_margin,sensitivity,nmax100,signed_alignment,shapley_mc,greedy_cf,0.7366455027475111,0.724337595966043,0.6937932772221732,0.7792805983012583,9.999000099990002e-05,2.7746282333807432e-73,2.153534113083464,250,249,1,0,10000,10000,0.000999900009999
MovieLens-1M,itemknn,sampled_unseen_negatives_with_target,target_margin,sensitivity,nmax100,signed_alignment,shapley_mc,random,0.9375088732787485,0.9376471455815629,0.9256549386548051,0.9488317921148384,9.999000099990002e-05,1.105429575052089e-75,9.915130080502589,250,250,0,0,10000,10000,0.000999900009999
MovieLens-1M,itemknn,sampled_unseen_negatives_with_target,target_margin,sensitivity,nmax100,signed_alignment,lime,loo,-0.03166926596099982,-0.024269175288195666,-0.03522147708197787,-0.028373632433127138,9.999000099990002e-05,8.701941614810044e-72,-1.151512706263518,250,1,244,5,10000,10000,0.000999900009999
MovieLens-1M,itemknn,sampled_unseen_negatives_with_target,target_margin,sensitivity,nmax100,signed_alignment,lime,greedy_cf,0.7626236089776228,0.7677706552950465,0.721423513805083,0.8047473890114237,9.999000099990002e-05,1.105429575052089e-75,2.2623362564808303,250,250,0,0,10000,10000,0.000999900009999
MovieLens-1M,itemknn,sampled_unseen_negatives_with_target,target_margin,sensitivity,nmax100,signed_alignment,lime,random,0.9634869795088604,0.9547627868925239,0.9531041385958287,0.973826353588406,9.999000099990002e-05,1.105429575052089e-75,11.637151753038864,250,250,0,0,10000,10000,0.000999900009999
MovieLens-1M,itemknn,sampled_unseen_negatives_with_target,target_margin,sensitivity,nmax100,signed_alignment,loo,greedy_cf,0.7942928749386227,0.7977080025023202,0.7510721813190705,0.8370288886045573,9.999000099990002e-05,1.105429575052089e-75,2.3097577983262663,250,250,0,0,10000,10000,0.000999900009999
MovieLens-1M,itemknn,sampled_unseen_negatives_with_target,target_margin,sensitivity,nmax100,signed_alignment,loo,random,0.9951562454698603,0.9930386388774909,0.9854396978789907,1.004778292287537,9.999000099990002e-05,1.105429575052089e-75,12.71979126596177,250,250,0,0,10000,10000,0.000999900009999
MovieLens-1M,itemknn,sampled_unseen_negatives_with_target,target_margin,sensitivity,nmax100,signed_alignment,greedy_cf,random,0.2008633705312376,0.20433182438499112,0.15841464147516918,0.2424485265723688,9.999000099990002e-05,5.879884582604947e-09,0.5884776792021976,250,171,79,0,10000,10000,0.000999900009999
MovieLens-1M,itemknn,sampled_unseen_negatives_with_target,target_margin,sensitivity,nmax100,signed_alignment_ndcg,shapley_mc,lime,-0.01095207268020584,0.0,-0.026388813649138764,0.0025491694090398827,0.15958404159584041,0.2912152365458951,-0.19580530353214548,54,18,26,10,10000,10000,0.15958404159584041
MovieLens-1M,itemknn,sampled_unseen_negatives_with_target,target_margin,sensitivity,nmax100,signed_alignment_ndcg,shapley_mc,loo,-0.023134267355433464,-0.008212119450180855,-0.04201215683227684,-0.006566397496515499,0.009799020097990201,0.0021901868838920535,-0.33991653060453086,54,15,38,1,10000,10000,0.019598040195980403
MovieLens-1M,itemknn,sampled_unseen_negatives_with_target,target_margin,sensitivity,nmax100,signed_alignment_ndcg,shapley_mc,greedy_cf,0.24536244016720443,0.22331416242690433,0.17758581239255433,0.3131746132067058,9.999000099990002e-05,1.0325821975243343e-08,0.9654638193399618,54,46,6,2,10000,10000,0.000999900009999
MovieLens-1M,itemknn,sampled_unseen_negatives_with_target,target_margin,sensitivity,nmax100,signed_alignment_ndcg,shapley_mc,random,0.4865898345187233,0.537092345914738,0.41903448389348763,0.5531541754282671,9.999000099990002e-05,2.9187763317395365e-12,1.9045750182559769,54,51,3,0,10000,10000,0.000999900009999
MovieLens-1M,itemknn,sampled_unseen_negatives_with_target,target_margin,sensitivity,nmax100,signed_alignment_ndcg,lime,loo,-0.012182194675227617,-0.006524704542898857,-0.021000313860870826,-0.004733824061749286,0.0016998300169983002,5.703811637403078e-05,-0.3937849696557068,54,11,40,3,10000,10000,0.005099490050994901
MovieLens-1M,itemknn,sampled_unseen_negatives_with_target,target_margin,sensitivity,nmax100,signed_alignment_ndcg,lime,greedy_cf,0.25631451284741025,0.23912544231681004,0.19402455037026398,0.3216059356239549,9.999000099990002e-05,1.2848229147266466e-09,1.0587795771671427,54,47,5,2,10000,10000,0.000999900009999
MovieLens-1M,itemknn,sampled_unseen_negatives_with_target,target_margin,sensitivity,nmax100,signed_alignment_ndcg,lime,random,0.4975419071989291,0.5353138900042103,0.4297668559502765,0.5630720364781298,9.999000099990002e-05,1.6497914145929826e-13,1.994984889191487,54,52,2,0,10000,10000,0.000999900009999
MovieLens-1M,itemknn,sampled_unseen_negatives_with_target,target_margin,sensitivity,nmax100,signed_alignment_ndcg,loo,greedy_cf,0.2684967075226379,0.2382930445215663,0.205447555053823,0.333658195240446,9.999000099990002e-05,7.053979622639872e-11,1.0956017151550275,54,49,4,1,10000,10000,0.000999900009999
MovieLens-1M,itemknn,sampled_unseen_negatives_with_target,target_margin,sensitivity,nmax100,signed_alignment_ndcg,loo,random,0.5097241018741567,0.5394723570826377,0.44175112003510403,0.5744457557535306,9.999000099990002e-05,6.106226635438361e-15,2.054289608522999,54,53,1,0,10000,10000,0.000999900009999
MovieLens-1M,itemknn,sampled_unseen_negatives_with_target,target_margin,sensitivity,nmax100,signed_alignment_ndcg,greedy_cf,random,0.24122739435151885,0.19074913822188772,0.17184256777852924,0.3113033795307747,9.999000099990002e-05,2.291864209524874e-08,0.9076485720946813,54,47,7,0,10000,10000,0.000999900009999
MovieLens-1M,itemknn,sampled_unseen_negatives_with_target,target_margin,sensitivity,nmax100,direction_accuracy,shapley_mc,lime,-0.053747585873995155,-0.03775949862906375,-0.06106126962359716,-0.04677910952855693,9.999000099990002e-05,7.713243197032018e-36,-0.9290985413586592,250,25,203,22,10000,10000,0.000999900009999
MovieLens-1M,itemknn,sampled_unseen_negatives_with_target,target_margin,sensitivity,nmax100,direction_accuracy,shapley_mc,loo,-0.10031060720979804,-0.09076271186440688,-0.10892279730059276,-0.09183798199298446,9.999000099990002e-05,7.832510394291431e-66,-1.4489059605674721,250,2,230,18,10000,10000,0.000999900009999
MovieLens-1M,itemknn,sampled_unseen_negatives_with_target,target_margin,sensitivity,nmax100,direction_accuracy,shapley_mc,greedy_cf,0.3333069876947079,0.3531372549019608,0.3160203777364025,0.3499909910926912,9.999000099990002e-05,5.249884160128741e-63,2.3867443909981887,250,240,6,4,10000,10000,0.000999900009999
MovieLens-1M,itemknn,sampled_unseen_negatives_with_target,target_margin,sensitivity,nmax100,direction_accuracy,shapley_mc,random,0.3923176223985142,0.4,0.3823651227553951,0.4018696374668839,9.999000099990002e-05,1.105429575052089e-75,4.853882852841943,250,250,0,0,10000,10000,0.000999900009999
MovieLens-1M,itemknn,sampled_unseen_negatives_with_target,target_margin,sensitivity,nmax100,direction_accuracy,lime,loo,-0.04656302133580288,-0.03796551724137931,-0.05191759506859375,-0.04128915748755313,9.999000099990002e-05,3.1901252425248145e-59,-1.0790337147151634,250,3,213,34,10000,10000,0.000999900009999
MovieLens-1M,itemknn,sampled_unseen_negatives_with_target,target_margin,sensitivity,nmax100,direction_accuracy,lime,greedy_cf,0.387054573568703,0.4060000000000001,0.3698703829582406,0.4037262322762994,9.999000099990002e-05,6.881520190614264e-71,2.8394922107487766,250,247,2,1,10000,10000,0.000999900009999
MovieLens-1M,itemknn,sampled_unseen_negatives_with_target,target_margin,sensitivity,nmax100,direction_accuracy,lime,random,0.44606520827250934,0.455050505050505,0.4383311464134581,0.4534334235484018,9.999000099990002e-05,1.105429575052089e-75,7.290440847689069,250,250,0,0,10000,10000,0.000999900009999
MovieLens-1M,itemknn,sampled_unseen_negatives_with_target,target_margin,sensitivity,nmax100,direction_accuracy,loo,greedy_cf,0.43361759490450597,0.46,0.4170935513274543,0.4495450422196668,9.999000099990002e-05,4.421718300208356e-75,3.286599772380699,250,248,0,2,10000,10000,0.000999900009999
MovieLens-1M,itemknn,sampled_unseen_negatives_with_target,target_margin,sensitivity,nmax100,direction_accuracy,loo,random,0.49262822960831215,0.49561904761904757,0.48653628885899003,0.4985293144146076,9.999000099990002e-05,1.105429575052089e-75,10.157000236172312,250,250,0,0,10000,10000,0.000999900009999
MovieLens-1M,itemknn,sampled_unseen_negatives_with_target,target_margin,sensitivity,nmax100,direction_accuracy,greedy_cf,random,0.059010634703806304,0.033999999999999975,0.04193598280536842,0.07597278251723674,9.999000099990002e-05,0.00036680373493383023,0.4355556648169786,250,153,96,1,10000,10000,0.000999900009999
MovieLens-1M,itemknn,sampled_unseen_negatives_with_target,target_margin,sensitivity,nmax100,direction_accuracy_ndcg,shapley_mc,lime,-0.004776524418101481,0.0,-0.01796632113074766,0.0057164230631972564,0.5138486151384861,0.79052734375,-0.10538742632482943,54,8,6,40,10000,10000,1.0
MovieLens-1M,itemknn,sampled_unseen_negatives_with_target,target_margin,sensitivity,nmax100,direction_accuracy_ndcg,shapley_mc,loo,-0.005454586565697678,0.0,-0.01802665081831749,0.007499338624338619,0.4216578342165783,0.34375,-0.11390394822395158,54,3,7,44,10000,10000,1.0
MovieLens-1M,itemknn,sampled_unseen_negatives_with_target,target_margin,sensitivity,nmax100,direction_accuracy_ndcg,shapley_mc,greedy_cf,0.17608934037671128,0.0,0.08291009322258006,0.2740913013269908,0.0005999400059994001,0.0029350556433200836,0.49142330053809036,54,26,8,20,10000,10000,0.0023997600239976003
MovieLens-1M,itemknn,sampled_unseen_negatives_with_target,target_margin,sensitivity,nmax100,direction_accuracy_ndcg,shapley_mc,random,0.45203316625043377,0.46625310173697265,0.3939145011235592,0.5061945146683576,9.999000099990002e-05,1.6497914145929826e-13,2.1554630366064167,54,52,2,0,10000,10000,0.000999900009999
MovieLens-1M,itemknn,sampled_unseen_negatives_with_target,target_margin,sensitivity,nmax100,direction_accuracy_ndcg,lime,loo,-0.0006780621475961964,0.0,-0.008824090617997424,0.009660047406463179,0.9073092690730927,0.09228515625,-0.019188423502457766,54,3,10,41,10000,10000,1.0
MovieLens-1M,itemknn,sampled_unseen_negatives_with_target,target_margin,sensitivity,nmax100,direction_accuracy_ndcg,lime,greedy_cf,0.1808658647948127,0.0,0.09201960166476297,0.2742142514865211,0.00019998000199980003,0.03355243967962451,0.5210241094769491,54,26,12,16,10000,10000,0.0011998800119988001
MovieLens-1M,itemknn,sampled_unseen_negatives_with_target,target_margin,sensitivity,nmax100,direction_accuracy_ndcg,lime,random,0.4568096906685353,0.47521367521367514,0.40545590758179034,0.5070798115312664,9.999000099990002e-05,6.106226635438361e-15,2.3583230950468224,54,53,1,0,10000,10000,0.000999900009999
MovieLens-1M,itemknn,sampled_unseen_negatives_with_target,target_margin,sensitivity,nmax100,direction_accuracy_ndcg,loo,greedy_cf,0.18154392694240892,0.0,0.08948025731403868,0.275341477114221,0.00039996000399960006,0.005988120567053557,0.5210138691920677,54,26,9,19,10000,10000,0.001999800019998
MovieLens-1M,itemknn,sampled_unseen_negatives_with_target,target_margin,sensitivity,nmax100,direction_accuracy_ndcg,loo,random,0.4574877528161314,0.47992831541218633,0.40585007177113963,0.507550134672275,9.999000099990002e-05,6.106226635438361e-15,2.375206784493807,54,53,1,0,10000,10000,0.000999900009999
MovieLens-1M,itemknn,sampled_unseen_negatives_with_target,target_margin,sensitivity,nmax100,direction_accuracy_ndcg,greedy_cf,random,0.27594382587372257,0.35128205128205126,0.20029615933891975,0.3501251133647823,9.999000099990002e-05,3.3888279489246997e-06,0.9550040073546922,54,42,9,3,10000,10000,0.000999900009999
MovieLens-1M,itemknn,sampled_unseen_negatives_with_target,target_margin,sensitivity,nmax100,top1_precision,shapley_mc,lime,-0.09040000000000001,0.0,-0.1296,-0.0528,9.999000099990002e-05,1.754849897541113e-05,-0.2902331155993508,250,46,98,106,10000,10000,0.000999900009999
MovieLens-1M,itemknn,sampled_unseen_negatives_with_target,target_margin,sensitivity,nmax100,top1_precision,shapley_mc,loo,-0.3184,-0.19999999999999996,-0.3664,-0.2704,9.999000099990002e-05,3.9490181198430354e-39,-0.8316754974126825,250,4,149,97,10000,10000,0.000999900009999
MovieLens-1M,itemknn,sampled_unseen_negatives_with_target,target_margin,sensitivity,nmax100,top1_precision,shapley_mc,greedy_cf,0.5935999999999999,0.6,0.544,0.6416,9.999000099990002e-05,2.833692790004106e-56,1.5165183187935969,250,203,3,44,10000,10000,0.000999900009999
MovieLens-1M,itemknn,sampled_unseen_negatives_with_target,target_margin,sensitivity,nmax100,top1_precision,shapley_mc,random,0.6192000000000001,0.8,0.5744,0.664,9.999000099990002e-05,9.222998247506535e-56,1.6740110552484038,250,215,6,29,10000,10000,0.000999900009999
MovieLens-1M,itemknn,sampled_unseen_negatives_with_target,target_margin,sensitivity,nmax100,top1_precision,lime,loo,-0.228,0.0,-0.2672,-0.18880000000000002,9.999000099990002e-05,4.783391878716367e-29,-0.7077088953191505,250,4,114,132,10000,10000,0.000999900009999
MovieLens-1M,itemknn,sampled_unseen_negatives_with_target,target_margin,sensitivity,nmax100,top1_precision,lime,greedy_cf,0.684,0.8,0.64,0.728,9.999000099990002e-05,2.967364920549937e-67,1.8998351644943698,250,222,0,28,10000,10000,0.000999900009999
MovieLens-1M,itemknn,sampled_unseen_negatives_with_target,target_margin,sensitivity,nmax100,top1_precision,lime,random,0.7096,0.8,0.668,0.7496,9.999000099990002e-05,2.0093410860352543e-65,2.153447811257772,250,234,3,13,10000,10000,0.000999900009999
MovieLens-1M,itemknn,sampled_unseen_negatives_with_target,target_margin,sensitivity,nmax100,top1_precision,loo,greedy_cf,0.912,1.0,0.8759000000000001,0.948,9.999000099990002e-05,2.6775831900274823e-67,3.063743391311151,250,229,1,20,10000,10000,0.000999900009999
MovieLens-1M,itemknn,sampled_unseen_negatives_with_target,target_margin,sensitivity,nmax100,top1_precision,loo,random,0.9376,1.0,0.9128,0.9592,9.999000099990002e-05,1.066023221560632e-69,4.924431895678797,250,243,2,5,10000,10000,0.000999900009999
MovieLens-1M,itemknn,sampled_unseen_negatives_with_target,target_margin,sensitivity,nmax100,top1_precision,greedy_cf,random,0.0256,0.0,-0.0048000000000000004,0.05840000000000001,0.12158784121587841,0.006600447966810918,0.10025313855032933,250,15,35,200,10000,10000,0.12158784121587841
MovieLens-1M,itemknn,sampled_unseen_negatives_with_target,target_margin,sensitivity,nmax100,top3_precision,shapley_mc,lime,-0.07279999999999999,-0.06666666666666665,-0.09306666666666666,-0.052800000000000014,9.999000099990002e-05,1.2904765664270755e-10,-0.4508316999769635,250,51,139,60,10000,10000,0.000999900009999
MovieLens-1M,itemknn,sampled_unseen_negatives_with_target,target_margin,sensitivity,nmax100,top3_precision,shapley_mc,loo,-0.21520000000000006,-0.2666666666666667,-0.2381333333333334,-0.1917333333333334,9.999000099990002e-05,1.2314364929436383e-50,-1.1499613800090789,250,5,193,52,10000,10000,0.000999900009999
MovieLens-1M,itemknn,sampled_unseen_negatives_with_target,target_margin,sensitivity,nmax100,top3_precision,shapley_mc,greedy_cf,0.5634666666666667,0.6666666666666666,0.5269333333333334,0.5994666666666667,9.999000099990002e-05,1.3812134050232685e-58,1.9115570647075588,250,229,7,14,10000,10000,0.000999900009999
MovieLens-1M,itemknn,sampled_unseen_negatives_with_target,target_margin,sensitivity,nmax100,top3_precision,shapley_mc,random,0.676,0.6666666666666666,0.6519933333333332,0.6994733333333333,9.999000099990002e-05,2.210859150104178e-75,3.5066049091064184,250,249,0,1,10000,10000,0.000999900009999
MovieLens-1M,itemknn,sampled_unseen_negatives_with_target,target_margin,sensitivity,nmax100,top3_precision,lime,loo,-0.14240000000000003,-0.13333333333333341,-0.16160000000000002,-0.1242666666666667,9.999000099990002e-05,2.096655508768743e-43,-0.9475259772593927,250,5,168,77,10000,10000,0.000999900009999
MovieLens-1M,itemknn,sampled_unseen_negatives_with_target,target_margin,sensitivity,nmax100,top3_precision,lime,greedy_cf,0.6362666666666666,0.6666666666666667,0.6002666666666666,0.67094,9.999000099990002e-05,1.0044921461397742e-66,2.2515486625050998,250,233,2,15,10000,10000,0.000999900009999
MovieLens-1M,itemknn,sampled_unseen_negatives_with_target,target_margin,sensitivity,nmax100,top3_precision,lime,random,0.7487999999999999,0.7999999999999999,0.7272000000000001,0.7696,9.999000099990002e-05,5.5271478752604446e-73,4.408217388600862,250,248,1,1,10000,10000,0.000999900009999
MovieLens-1M,itemknn,sampled_unseen_negatives_with_target,target_margin,sensitivity,nmax100,top3_precision,loo,greedy_cf,0.7786666666666667,1.0,0.74,0.816,9.999000099990002e-05,7.24454326306137e-71,2.532993885419402,250,234,0,16,10000,10000,0.000999900009999
MovieLens-1M,itemknn,sampled_unseen_negatives_with_target,target_margin,sensitivity,nmax100,top3_precision,loo,random,0.8912,0.9333333333333333,0.8722666666666666,0.9082733333333335,9.999000099990002e-05,5.5271478752604446e-73,6.099221104411503,250,248,1,1,10000,10000,0.000999900009999
MovieLens-1M,itemknn,sampled_unseen_negatives_with_target,target_margin,sensitivity,nmax100,top3_precision,greedy_cf,random,0.11253333333333333,0.0,0.07813333333333333,0.14853333333333332,9.999000099990002e-05,0.8181059679029431,0.3993084556556558,250,87,83,80,10000,10000,0.000999900009999
MovieLens-1M,itemknn,sampled_unseen_negatives_with_target,target_margin,sensitivity,nmax100,top5_precision,shapley_mc,lime,-0.05546666666666667,-0.040000000000000036,-0.07034666666666667,-0.041546666666666676,9.999000099990002e-05,4.192333604266913e-09,-0.47040278211522113,250,55,136,59,10000,10000,0.000999900009999
MovieLens-1M,itemknn,sampled_unseen_negatives_with_target,target_margin,sensitivity,nmax100,top5_precision,shapley_mc,loo,-0.16362666666666667,-0.15999999999999992,-0.1832,-0.14416,9.999000099990002e-05,9.716383834106022e-46,-1.0390901429683104,250,8,188,54,10000,10000,0.000999900009999
MovieLens-1M,itemknn,sampled_unseen_negatives_with_target,target_margin,sensitivity,nmax100,top5_precision,shapley_mc,greedy_cf,0.5515733333333332,0.6,0.5137053333333335,0.5891213333333334,9.999000099990002e-05,3.6649654196832336e-59,1.8097502007517665,250,231,7,12,10000,10000,0.000999900009999
MovieLens-1M,itemknn,sampled_unseen_negatives_with_target,target_margin,sensitivity,nmax100,top5_precision,shapley_mc,random,0.6645866666666667,0.7,0.6405866666666666,0.6881600000000001,9.999000099990002e-05,1.105429575052089e-75,3.4450051607959224,250,250,0,0,10000,10000,0.000999900009999
MovieLens-1M,itemknn,sampled_unseen_negatives_with_target,target_margin,sensitivity,nmax100,top5_precision,lime,loo,-0.10815999999999998,-0.11999999999999988,-0.12255999999999999,-0.09391999999999999,9.999000099990002e-05,4.6544548085170646e-38,-0.9355449770611918,250,11,171,68,10000,10000,0.000999900009999
MovieLens-1M,itemknn,sampled_unseen_negatives_with_target,target_margin,sensitivity,nmax100,top5_precision,lime,greedy_cf,0.6070399999999999,0.6799999999999999,0.5710400000000001,0.6424,9.999000099990002e-05,1.0174408616545886e-65,2.0811759583356193,250,235,3,12,10000,10000,0.000999900009999
MovieLens-1M,itemknn,sampled_unseen_negatives_with_target,target_margin,sensitivity,nmax100,top5_precision,lime,random,0.7200533333333333,0.76,0.6987186666666666,0.74016,9.999000099990002e-05,3.468395834683434e-71,4.3034985914494435,250,248,2,0,10000,10000,0.000999900009999
MovieLens-1M,itemknn,sampled_unseen_negatives_with_target,target_margin,sensitivity,nmax100,top5_precision,loo,greedy_cf,0.7152000000000001,0.8,0.6752,0.7528,9.999000099990002e-05,2.263919769706678e-72,2.2642887184852385,250,239,0,11,10000,10000,0.000999900009999
MovieLens-1M,itemknn,sampled_unseen_negatives_with_target,target_margin,sensitivity,nmax100,top5_precision,loo,random,0.8282133333333334,0.88,0.8058133333333334,0.8488000000000001,9.999000099990002e-05,3.468395834683434e-71,4.737095046575867,250,248,2,0,10000,10000,0.000999900009999
MovieLens-1M,itemknn,sampled_unseen_negatives_with_target,target_margin,sensitivity,nmax100,top5_precision,greedy_cf,random,0.11301333333333334,0.0,0.08224000000000001,0.14592000000000002,9.999000099990002e-05,0.9472167120692366,0.4380334659416191,250,115,113,22,10000,10000,0.000999900009999
MovieLens-1M,itemknn,sampled_unseen_negatives_with_target,target_margin,sensitivity,nmax100,joint_effect_primary,shapley_mc,lime,-9.042288753560395e-06,-1.185214257837285e-06,-3.9672081993043705e-05,4.056359806701762e-05,0.9477052294770523,2.489495538232042e-09,-0.026304780580474654,250,49,128,73,10000,10000,1.0
MovieLens-1M,itemknn,sampled_unseen_negatives_with_target,target_margin,sensitivity,nmax100,joint_effect_primary,shapley_mc,loo,-1.5585403640314644e-05,-1.4383692168184992e-05,-4.66048071292259e-05,3.390571697848194e-05,0.7444255574442555,2.0563753197478353e-38,-0.045110854195348826,250,8,162,80,10000,10000,1.0
MovieLens-1M,itemknn,sampled_unseen_negatives_with_target,target_margin,sensitivity,nmax100,joint_effect_primary,shapley_mc,greedy_cf,0.0014381113238506199,0.001200430688645998,0.001306621311206497,0.0015834918405069614,9.999000099990002e-05,5.065203535950933e-67,1.277684919217807,250,234,2,14,10000,10000,0.000999900009999
MovieLens-1M,itemknn,sampled_unseen_negatives_with_target,target_margin,sensitivity,nmax100,joint_effect_primary,shapley_mc,random,0.0014638979372031888,0.0010734765987191973,0.00132304560275227,0.0016115284764329136,9.999000099990002e-05,1.105429575052089e-75,1.2271258703542163,250,250,0,0,10000,10000,0.000999900009999
MovieLens-1M,itemknn,sampled_unseen_negatives_with_target,target_margin,sensitivity,nmax100,joint_effect_primary,lime,loo,-6.543114886754246e-06,-4.683569305768986e-06,-9.49049556541077e-06,-2.809037367538078e-06,9.999000099990002e-05,3.0017539079550897e-33,-0.23600186390856584,250,7,140,103,10000,10000,0.000999900009999
MovieLens-1M,itemknn,sampled_unseen_negatives_with_target,target_margin,sensitivity,nmax100,joint_effect_primary,lime,greedy_cf,0.0014471536126041803,0.00121921953713664,0.0013231720016904159,0.0015721337766580036,9.999000099990002e-05,1.0174408616545886e-65,1.428012890548053,250,235,3,12,10000,10000,0.000999900009999
MovieLens-1M,itemknn,sampled_unseen_negatives_with_target,target_margin,sensitivity,nmax100,joint_effect_primary,lime,random,0.0014729402259567492,0.0011014768662657936,0.0013376908168694743,0.0016161699885599901,9.999000099990002e-05,1.105429575052089e-75,1.2811078885802434,250,250,0,0,10000,10000,0.000999900009999
MovieLens-1M,itemknn,sampled_unseen_negatives_with_target,target_margin,sensitivity,nmax100,joint_effect_primary,loo,greedy_cf,0.0014536967274909344,0.00123235168994687,0.001331168648559344,0.001579599564592356,9.999000099990002e-05,3.622271631530685e-71,1.4360310037498611,250,235,0,15,10000,10000,0.000999900009999
MovieLens-1M,itemknn,sampled_unseen_negatives_with_target,target_margin,sensitivity,nmax100,joint_effect_primary,loo,random,0.0014794833408435033,0.0011174511052347235,0.0013419210159251592,0.0016263190553787886,9.999000099990002e-05,1.105429575052089e-75,1.2912871538909874,250,250,0,0,10000,10000,0.000999900009999
MovieLens-1M,itemknn,sampled_unseen_negatives_with_target,target_margin,sensitivity,nmax100,joint_effect_primary,greedy_cf,random,2.5786613352568835e-05,-0.00024372088369470357,-0.00011285615516119645,0.00017417603712526638,0.7354264573542646,6.184227855165766e-06,0.02219490409470474,250,89,161,0,10000,10000,1.0
MovieLens-1M,itemknn,sampled_unseen_negatives_with_target,target_margin,sensitivity,nmax100,joint_effect_ndcg,shapley_mc,lime,0.0016299917317327205,0.0,-0.00015308752536203333,0.0045290262067646915,0.27017298270172985,1.0,0.08075927541600099,250,4,4,242,10000,10000,0.8105189481051895
MovieLens-1M,itemknn,sampled_unseen_negatives_with_target,target_margin,sensitivity,nmax100,joint_effect_ndcg,shapley_mc,loo,0.0018026654483694771,0.0,-0.00025870173995939114,0.005347579082962231,0.40255974402559747,0.7265625,0.07341313962830122,250,3,5,242,10000,10000,0.8105189481051895
MovieLens-1M,itemknn,sampled_unseen_negatives_with_target,target_margin,sensitivity,nmax100,joint_effect_ndcg,shapley_mc,greedy_cf,0.020907208045366086,0.0,0.012828910884433603,0.0299973654981935,9.999000099990002e-05,1.3358203432289883e-12,0.3069328686714087,250,45,1,204,10000,10000,0.000999900009999
MovieLens-1M,itemknn,sampled_unseen_negatives_with_target,target_margin,sensitivity,nmax100,joint_effect_ndcg,shapley_mc,random,0.026209032826671474,0.0,0.017171615978149025,0.036218577251125976,9.999000099990002e-05,1.734723475976807e-18,0.33750326069305603,250,60,0,190,10000,10000,0.000999900009999
MovieLens-1M,itemknn,sampled_unseen_negatives_with_target,target_margin,sensitivity,nmax100,joint_effect_ndcg,lime,loo,0.00017267371663675624,0.0,-0.0003432309454170178,0.0008857685914285021,0.88001199880012,1.0,0.033912994705125106,250,2,2,246,10000,10000,0.88001199880012
MovieLens-1M,itemknn,sampled_unseen_negatives_with_target,target_margin,sensitivity,nmax100,joint_effect_ndcg,lime,greedy_cf,0.01927721631363337,0.0,0.011825402097059668,0.027810171054735874,9.999000099990002e-05,5.115907697472721e-12,0.29954426405026446,250,43,1,206,10000,10000,0.000999900009999
MovieLens-1M,itemknn,sampled_unseen_negatives_with_target,target_margin,sensitivity,nmax100,joint_effect_ndcg,lime,random,0.024579041094938754,0.0,0.01619813887344871,0.03414470140883576,9.999000099990002e-05,6.938893903907228e-18,0.33741118156172606,250,58,0,192,10000,10000,0.000999900009999
MovieLens-1M,itemknn,sampled_unseen_negatives_with_target,target_margin,sensitivity,nmax100,joint_effect_ndcg,loo,greedy_cf,0.01910454259699661,0.0,0.011631553964647464,0.027593787868477472,9.999000099990002e-05,1.000444171950221e-11,0.29722911701076493,250,42,1,207,10000,10000,0.000999900009999
MovieLens-1M,itemknn,sampled_unseen_negatives_with_target,target_margin,sensitivity,nmax100,joint_effect_ndcg,loo,random,0.024406367378301992,0.0,0.016183429371836842,0.033792981043065815,9.999000099990002e-05,6.938893903907228e-18,0.3373186482674173,250,58,0,192,10000,10000,0.000999900009999
MovieLens-1M,itemknn,sampled_unseen_negatives_with_target,target_margin,sensitivity,nmax100,joint_effect_ndcg,greedy_cf,random,0.0053018247813053886,0.0,-0.0014104915842400461,0.012903875816832177,0.15628437156284372,0.5831321542611763,0.09201856159492193,250,24,29,197,10000,10000,0.6251374862513749
MovieLens-1M,itemknn,sampled_unseen_negatives_with_target,target_margin,sensitivity,nmax100,joint_effect_target_margin,shapley_mc,lime,-9.042288753560395e-06,-1.185214257837285e-06,-4.015719651896996e-05,4.0556121102672354e-05,0.9441055894410559,2.489495538232042e-09,-0.026304780580474654,250,49,128,73,10000,10000,1.0
MovieLens-1M,itemknn,sampled_unseen_negatives_with_target,target_margin,sensitivity,nmax100,joint_effect_target_margin,shapley_mc,loo,-1.5585403640314644e-05,-1.4383692168184992e-05,-4.6609347958758656e-05,3.3553095664880106e-05,0.7434256574342566,2.0563753197478353e-38,-0.045110854195348826,250,8,162,80,10000,10000,1.0
MovieLens-1M,itemknn,sampled_unseen_negatives_with_target,target_margin,sensitivity,nmax100,joint_effect_target_margin,shapley_mc,greedy_cf,0.0014381113238506199,0.001200430688645998,0.0013065189061130416,0.001585490839289207,9.999000099990002e-05,5.065203535950933e-67,1.277684919217807,250,234,2,14,10000,10000,0.000999900009999
MovieLens-1M,itemknn,sampled_unseen_negatives_with_target,target_margin,sensitivity,nmax100,joint_effect_target_margin,shapley_mc,random,0.0014638979372031888,0.0010734765987191973,0.0013214036943776878,0.0016164185892725957,9.999000099990002e-05,1.105429575052089e-75,1.2271258703542163,250,250,0,0,10000,10000,0.000999900009999
MovieLens-1M,itemknn,sampled_unseen_negatives_with_target,target_margin,sensitivity,nmax100,joint_effect_target_margin,lime,loo,-6.543114886754246e-06,-4.683569305768986e-06,-9.502331649127191e-06,-2.6230050631962634e-06,9.999000099990002e-05,3.0017539079550897e-33,-0.23600186390856584,250,7,140,103,10000,10000,0.000999900009999
MovieLens-1M,itemknn,sampled_unseen_negatives_with_target,target_margin,sensitivity,nmax100,joint_effect_target_margin,lime,greedy_cf,0.0014471536126041803,0.00121921953713664,0.0013240802512989652,0.0015751369844815841,9.999000099990002e-05,1.0174408616545886e-65,1.428012890548053,250,235,3,12,10000,10000,0.000999900009999
MovieLens-1M,itemknn,sampled_unseen_negatives_with_target,target_margin,sensitivity,nmax100,joint_effect_target_margin,lime,random,0.0014729402259567492,0.0011014768662657936,0.0013357499774935438,0.0016177828040038027,9.999000099990002e-05,1.105429575052089e-75,1.2811078885802434,250,250,0,0,10000,10000,0.000999900009999
MovieLens-1M,itemknn,sampled_unseen_negatives_with_target,target_margin,sensitivity,nmax100,joint_effect_target_margin,loo,greedy_cf,0.0014536967274909344,0.00123235168994687,0.00133284997043917,0.0015828954686775002,9.999000099990002e-05,3.622271631530685e-71,1.4360310037498611,250,235,0,15,10000,10000,0.000999900009999
MovieLens-1M,itemknn,sampled_unseen_negatives_with_target,target_margin,sensitivity,nmax100,joint_effect_target_margin,loo,random,0.0014794833408435033,0.0011174511052347235,0.0013403399958869112,0.0016242573745970613,9.999000099990002e-05,1.105429575052089e-75,1.2912871538909874,250,250,0,0,10000,10000,0.000999900009999
MovieLens-1M,itemknn,sampled_unseen_negatives_with_target,target_margin,sensitivity,nmax100,joint_effect_target_margin,greedy_cf,random,2.5786613352568835e-05,-0.00024372088369470357,-0.0001092550718639153,0.00017677426732977487,0.7307269273072693,6.184227855165766e-06,0.02219490409470474,250,89,161,0,10000,10000,1.0
MovieLens-1M,itemknn,sampled_unseen_negatives_with_target,target_margin,sensitivity,nmax100,intervention_success,shapley_mc,lime,0.004,0.0,0.0,0.012,1.0,1.0,0.0632455532033676,250,1,0,249,10000,10000,1.0
MovieLens-1M,itemknn,sampled_unseen_negatives_with_target,target_margin,sensitivity,nmax100,intervention_success,shapley_mc,loo,0.004,0.0,0.0,0.012,1.0,1.0,0.0632455532033676,250,1,0,249,10000,10000,1.0
MovieLens-1M,itemknn,sampled_unseen_negatives_with_target,target_margin,sensitivity,nmax100,intervention_success,shapley_mc,greedy_cf,0.688,1.0,0.628,0.744,9.999000099990002e-05,3.3409558876152446e-52,1.4819944980693052,250,172,0,78,10000,10000,0.000999900009999
MovieLens-1M,itemknn,sampled_unseen_negatives_with_target,target_margin,sensitivity,nmax100,intervention_success,shapley_mc,random,0.5216000000000001,0.6,0.492,0.5496,9.999000099990002e-05,1.131959884853339e-72,2.226683549787904,250,240,0,10,10000,10000,0.000999900009999
MovieLens-1M,itemknn,sampled_unseen_negatives_with_target,target_margin,sensitivity,nmax100,intervention_success,lime,loo,0.0,0.0,0.0,0.0,1.0,1.0,0.0,250,0,0,250,10000,10000,1.0
MovieLens-1M,itemknn,sampled_unseen_negatives_with_target,target_margin,sensitivity,nmax100,intervention_success,lime,greedy_cf,0.684,1.0,0.624,0.74,9.999000099990002e-05,6.681911775230489e-52,1.468297903757005,250,171,0,79,10000,10000,0.000999900009999
MovieLens-1M,itemknn,sampled_unseen_negatives_with_target,target_margin,sensitivity,nmax100,intervention_success,lime,random,0.5176000000000001,0.6,0.488,0.5464,9.999000099990002e-05,2.728023322496547e-70,2.1749283943114346,250,239,1,10,10000,10000,0.000999900009999
MovieLens-1M,itemknn,sampled_unseen_negatives_with_target,target_margin,sensitivity,nmax100,intervention_success,loo,greedy_cf,0.684,1.0,0.624,0.74,9.999000099990002e-05,6.681911775230489e-52,1.468297903757005,250,171,0,79,10000,10000,0.000999900009999
MovieLens-1M,itemknn,sampled_unseen_negatives_with_target,target_margin,sensitivity,nmax100,intervention_success,loo,random,0.5176000000000001,0.6,0.48879999999999996,0.5464000000000001,9.999000099990002e-05,2.728023322496547e-70,2.1749283943114346,250,239,1,10,10000,10000,0.000999900009999
MovieLens-1M,itemknn,sampled_unseen_negatives_with_target,target_margin,sensitivity,nmax100,intervention_success,greedy_cf,random,-0.1664,-0.4,-0.2296,-0.10160000000000001,9.999000099990002e-05,9.611546491308477e-09,-0.3175843434177978,250,78,168,4,10000,10000,0.000999900009999
MovieLens-1M,itemknn,sampled_unseen_negatives_with_target,target_margin,sensitivity,nmax100,abstention,shapley_mc,lime,-0.004,0.0,-0.012,0.0,1.0,1.0,-0.0632455532033676,250,0,1,249,10000,10000,1.0
MovieLens-1M,itemknn,sampled_unseen_negatives_with_target,target_margin,sensitivity,nmax100,abstention,shapley_mc,loo,-0.004,0.0,-0.012,0.0,1.0,1.0,-0.0632455532033676,250,0,1,249,10000,10000,1.0
MovieLens-1M,itemknn,sampled_unseen_negatives_with_target,target_margin,sensitivity,nmax100,abstention,shapley_mc,greedy_cf,0.0,0.0,0.0,0.0,1.0,1.0,0.0,250,0,0,250,10000,10000,1.0
MovieLens-1M,itemknn,sampled_unseen_negatives_with_target,target_margin,sensitivity,nmax100,abstention,shapley_mc,random,-0.0008,0.0,-0.0024000000000000002,0.0,1.0,1.0,-0.06324555320336757,250,0,1,249,10000,10000,1.0
MovieLens-1M,itemknn,sampled_unseen_negatives_with_target,target_margin,sensitivity,nmax100,abstention,lime,loo,0.0,0.0,0.0,0.0,1.0,1.0,0.0,250,0,0,250,10000,10000,1.0
MovieLens-1M,itemknn,sampled_unseen_negatives_with_target,target_margin,sensitivity,nmax100,abstention,lime,greedy_cf,0.004,0.0,0.0,0.012,1.0,1.0,0.0632455532033676,250,1,0,249,10000,10000,1.0
MovieLens-1M,itemknn,sampled_unseen_negatives_with_target,target_margin,sensitivity,nmax100,abstention,lime,random,0.0032,0.0,0.0,0.009600000000000001,1.0,1.0,0.06324555320336757,250,1,0,249,10000,10000,1.0
MovieLens-1M,itemknn,sampled_unseen_negatives_with_target,target_margin,sensitivity,nmax100,abstention,loo,greedy_cf,0.004,0.0,0.0,0.012,1.0,1.0,0.0632455532033676,250,1,0,249,10000,10000,1.0
MovieLens-1M,itemknn,sampled_unseen_negatives_with_target,target_margin,sensitivity,nmax100,abstention,loo,random,0.0032,0.0,0.0,0.009600000000000001,1.0,1.0,0.06324555320336757,250,1,0,249,10000,10000,1.0
MovieLens-1M,itemknn,sampled_unseen_negatives_with_target,target_margin,sensitivity,nmax100,abstention,greedy_cf,random,-0.0008,0.0,-0.0024000000000000002,0.0,1.0,1.0,-0.06324555320336757,250,0,1,249,10000,10000,1.0
MovieLens-1M,itemknn,sampled_unseen_negatives_with_target,target_margin,sensitivity,nmax100,joint_regret_primary,shapley_mc,lime,9.042288753560253e-06,1.1852142578372404e-06,-4.0851628889413194e-05,3.9706319032925934e-05,0.9459054094590541,2.489495538232042e-09,0.026304780580474245,250,128,49,73,10000,10000,1.0
MovieLens-1M,itemknn,sampled_unseen_negatives_with_target,target_margin,sensitivity,nmax100,joint_regret_primary,shapley_mc,loo,1.55854036403134e-05,1.4383692168185026e-05,-3.303633903418355e-05,4.704943192233665e-05,0.7483251674832517,2.0563753197478353e-38,0.04511085419534523,250,162,8,80,10000,10000,1.0
MovieLens-1M,itemknn,sampled_unseen_negatives_with_target,target_margin,sensitivity,nmax100,joint_regret_primary,shapley_mc,greedy_cf,-0.0014381113238506181,-0.001200430688645998,-0.0015849506718493144,-0.0013043882357238264,9.999000099990002e-05,5.065203535950933e-67,-1.2776849192178048,250,2,234,14,10000,10000,0.000999900009999
MovieLens-1M,itemknn,sampled_unseen_negatives_with_target,target_margin,sensitivity,nmax100,joint_regret_primary,shapley_mc,random,-0.0014638979372031866,-0.0010734765987191973,-0.0016169901123948233,-0.0013226512989581093,9.999000099990002e-05,1.105429575052089e-75,-1.2271258703542143,250,0,250,0,10000,10000,0.000999900009999
MovieLens-1M,itemknn,sampled_unseen_negatives_with_target,target_margin,sensitivity,nmax100,joint_regret_primary,lime,loo,6.543114886753142e-06,4.683569305768964e-06,2.7171895660693958e-06,9.43129790900934e-06,9.999000099990002e-05,3.0017539079550897e-33,0.2360018639085373,250,140,7,103,10000,10000,0.000999900009999
MovieLens-1M,itemknn,sampled_unseen_negatives_with_target,target_margin,sensitivity,nmax100,joint_regret_primary,lime,greedy_cf,-0.0014471536126041786,-0.00121921953713664,-0.0015770284288724994,-0.0013265528061709943,9.999000099990002e-05,1.0174408616545886e-65,-1.4280128905480503,250,3,235,12,10000,10000,0.000999900009999
MovieLens-1M,itemknn,sampled_unseen_negatives_with_target,target_margin,sensitivity,nmax100,joint_regret_primary,lime,random,-0.001472940225956747,-0.0011014768662657936,-0.0016195166438437826,-0.0013362145980949029,9.999000099990002e-05,1.105429575052089e-75,-1.281107888580241,250,0,250,0,10000,10000,0.000999900009999
MovieLens-1M,itemknn,sampled_unseen_negatives_with_target,target_margin,sensitivity,nmax100,joint_regret_primary,loo,greedy_cf,-0.0014536967274909316,-0.00123235168994687,-0.0015846069761368251,-0.0013292603153069317,9.999000099990002e-05,3.622271631530685e-71,-1.4360310037498567,250,0,235,15,10000,10000,0.000999900009999
MovieLens-1M,itemknn,sampled_unseen_negatives_with_target,target_margin,sensitivity,nmax100,joint_regret_primary,loo,random,-0.0014794833408435,-0.0011174511052347235,-0.0016267575843878501,-0.0013437898263355934,9.999000099990002e-05,1.105429575052089e-75,-1.2912871538909834,250,0,250,0,10000,10000,0.000999900009999
MovieLens-1M,itemknn,sampled_unseen_negatives_with_target,target_margin,sensitivity,nmax100,joint_regret_primary,greedy_cf,random,-2.5786613352568405e-05,0.00024372088369470357,-0.00017681444469567651,0.0001109581588088667,0.7299270072992701,6.184227855165766e-06,-0.02219490409470438,250,161,89,0,10000,10000,1.0
MovieLens-1M,itemknn,sampled_unseen_negatives_with_target,target_margin,sensitivity,nmax100,normalized_regret_primary,shapley_mc,lime,0.01972262219137162,0.0014656251212437801,0.007258305538644255,0.030461592245281752,0.00039996000399960006,2.489495538232042e-09,0.20845304543134738,250,128,49,73,10000,10000,0.000999900009999
MovieLens-1M,itemknn,sampled_unseen_negatives_with_target,target_margin,sensitivity,nmax100,normalized_regret_primary,shapley_mc,loo,0.02933426747312065,0.014618408881290519,0.016546392243209845,0.04074763626690135,9.999000099990002e-05,2.0563753197478353e-38,0.29856630515460963,250,162,8,80,10000,10000,0.000999900009999
MovieLens-1M,itemknn,sampled_unseen_negatives_with_target,target_margin,sensitivity,nmax100,normalized_regret_primary,shapley_mc,greedy_cf,-1.2044544717128383,-1.3035213966156498,-1.2728748594089294,-1.1320331607338878,9.999000099990002e-05,5.065203535950933e-67,-2.092654708937109,250,2,234,14,10000,10000,0.000999900009999
MovieLens-1M,itemknn,sampled_unseen_negatives_with_target,target_margin,sensitivity,nmax100,normalized_regret_primary,shapley_mc,random,-0.9970799080659283,-0.9917819461748547,-1.0191979767220882,-0.9752672390881065,9.999000099990002e-05,1.105429575052089e-75,-5.595016364220228,250,0,250,0,10000,10000,0.000999900009999
MovieLens-1M,itemknn,sampled_unseen_negatives_with_target,target_margin,sensitivity,nmax100,normalized_regret_primary,lime,loo,0.009611645281749034,0.005234761980898835,0.006654925967329554,0.012379500740981014,9.999000099990002e-05,3.0017539079550897e-33,0.41774643520690236,250,140,7,103,10000,10000,0.000999900009999
MovieLens-1M,itemknn,sampled_unseen_negatives_with_target,target_margin,sensitivity,nmax100,normalized_regret_primary,lime,greedy_cf,-1.2241770939042098,-1.3500554441524566,-1.2948433837553381,-1.153510501888707,9.999000099990002e-05,1.0174408616545886e-65,-2.1333422381318625,250,3,235,12,10000,10000,0.000999900009999
MovieLens-1M,itemknn,sampled_unseen_negatives_with_target,target_margin,sensitivity,nmax100,normalized_regret_primary,lime,random,-1.0168025302573,-1.0207552885130204,-1.0368329702406243,-0.9962137670930745,9.999000099990002e-05,1.105429575052089e-75,-6.178436726761471,250,0,250,0,10000,10000,0.000999900009999
MovieLens-1M,itemknn,sampled_unseen_negatives_with_target,target_margin,sensitivity,nmax100,normalized_regret_primary,loo,greedy_cf,-1.233788739185959,-1.3520692501840945,-1.3038160931489995,-1.1606891908457568,9.999000099990002e-05,3.622271631530685e-71,-2.1261425727405285,250,0,235,15,10000,10000,0.000999900009999
MovieLens-1M,itemknn,sampled_unseen_negatives_with_target,target_margin,sensitivity,nmax100,normalized_regret_primary,loo,random,-1.026414175539049,-1.0307330420962004,-1.0466656592906114,-1.006636650452794,9.999000099990002e-05,1.105429575052089e-75,-6.326327397308315,250,0,250,0,10000,10000,0.000999900009999
MovieLens-1M,itemknn,sampled_unseen_negatives_with_target,target_margin,sensitivity,nmax100,normalized_regret_primary,greedy_cf,random,0.20737456364691,0.3132998091673217,0.13073105601599236,0.2812177733588117,9.999000099990002e-05,6.184227855165766e-06,0.3417441115402865,250,161,89,0,10000,10000,0.000999900009999
MovieLens-1M,itemknn,sampled_unseen_negatives_with_target,target_margin,sensitivity,nmax100,joint_regret_ndcg,shapley_mc,lime,-0.0016299917317327205,0.0,-0.004655161347249518,0.0001542677196683698,0.2733726627337266,1.0,-0.08075927541600099,250,4,4,242,10000,10000,0.8201179882011799
MovieLens-1M,itemknn,sampled_unseen_negatives_with_target,target_margin,sensitivity,nmax100,joint_regret_ndcg,shapley_mc,loo,-0.0018026654483694771,0.0,-0.005431002950972956,0.0002692442445292568,0.40945905409459055,0.7265625,-0.07341313962830122,250,5,3,242,10000,10000,0.8201179882011799
MovieLens-1M,itemknn,sampled_unseen_negatives_with_target,target_margin,sensitivity,nmax100,joint_regret_ndcg,shapley_mc,greedy_cf,-0.020907208045366082,0.0,-0.030118849900675558,-0.01305875223883025,9.999000099990002e-05,1.3358203432289883e-12,-0.30693286867140857,250,1,45,204,10000,10000,0.000999900009999
MovieLens-1M,itemknn,sampled_unseen_negatives_with_target,target_margin,sensitivity,nmax100,joint_regret_ndcg,shapley_mc,random,-0.026209032826671474,0.0,-0.03645086212595688,-0.01714807477140312,9.999000099990002e-05,1.734723475976807e-18,-0.33750326069305603,250,0,60,190,10000,10000,0.000999900009999
MovieLens-1M,itemknn,sampled_unseen_negatives_with_target,target_margin,sensitivity,nmax100,joint_regret_ndcg,lime,loo,-0.00017267371663675624,0.0,-0.0008874132916610731,0.0003432309454170178,0.8694130586941305,1.0,-0.033912994705125106,250,2,2,246,10000,10000,0.8694130586941305
MovieLens-1M,itemknn,sampled_unseen_negatives_with_target,target_margin,sensitivity,nmax100,joint_regret_ndcg,lime,greedy_cf,-0.01927721631363337,0.0,-0.02759046270224362,-0.011897553611837005,9.999000099990002e-05,5.115907697472721e-12,-0.29954426405026446,250,1,43,206,10000,10000,0.000999900009999
MovieLens-1M,itemknn,sampled_unseen_negatives_with_target,target_margin,sensitivity,nmax100,joint_regret_ndcg,lime,random,-0.02457904109493875,0.0,-0.03403608237165826,-0.016134253711126246,9.999000099990002e-05,6.938893903907228e-18,-0.337411181561726,250,0,58,192,10000,10000,0.000999900009999
MovieLens-1M,itemknn,sampled_unseen_negatives_with_target,target_margin,sensitivity,nmax100,joint_regret_ndcg,loo,greedy_cf,-0.01910454259699661,0.0,-0.027481240930398134,-0.011688151867708045,9.999000099990002e-05,1.000444171950221e-11,-0.29722911701076493,250,1,42,207,10000,10000,0.000999900009999
MovieLens-1M,itemknn,sampled_unseen_negatives_with_target,target_margin,sensitivity,nmax100,joint_regret_ndcg,loo,random,-0.024406367378301996,0.0,-0.03406234975267041,-0.01606026655189713,9.999000099990002e-05,6.938893903907228e-18,-0.3373186482674173,250,0,58,192,10000,10000,0.000999900009999
MovieLens-1M,itemknn,sampled_unseen_negatives_with_target,target_margin,sensitivity,nmax100,joint_regret_ndcg,greedy_cf,random,-0.0053018247813053886,0.0,-0.012759208837298648,0.0015109590036013927,0.1506849315068493,0.5831321542611763,-0.09201856159492193,250,29,24,197,10000,10000,0.6027397260273972
MovieLens-1M,itemknn,sampled_unseen_negatives_with_target,target_margin,sensitivity,nmax100,normalized_regret_ndcg,shapley_mc,lime,-0.03215744308137777,0.0,-0.08131068315418052,0.007670054996543467,0.1755824417558244,1.0,-0.18891687983145405,55,4,4,47,10000,10000,0.5267473252674733
MovieLens-1M,itemknn,sampled_unseen_negatives_with_target,target_margin,sensitivity,nmax100,normalized_regret_ndcg,shapley_mc,loo,-0.016659772146312625,0.0,-0.06332052480330437,0.023457413522339793,0.49055094490550943,0.7265625,-0.09671202678987974,55,5,3,47,10000,10000,0.9811018898110189
MovieLens-1M,itemknn,sampled_unseen_negatives_with_target,target_margin,sensitivity,nmax100,normalized_regret_ndcg,shapley_mc,greedy_cf,-0.6030505263776464,-0.8,-0.7344295765251707,-0.4656120159901784,9.999000099990002e-05,1.4551915228366852e-10,-1.1885085553145962,55,1,38,16,10000,10000,0.000999900009999
MovieLens-1M,itemknn,sampled_unseen_negatives_with_target,target_margin,sensitivity,nmax100,normalized_regret_ndcg,shapley_mc,random,-0.9692149642446735,-0.8,-1.4052958036809362,-0.6537638189990057,9.999000099990002e-05,1.7763568394002505e-15,-0.6429120060471649,55,0,50,5,10000,10000,0.000999900009999
MovieLens-1M,itemknn,sampled_unseen_negatives_with_target,target_margin,sensitivity,nmax100,normalized_regret_ndcg,lime,loo,0.015497670935065147,0.0,-0.011688805376622745,0.05818181818181818,0.6221377862213778,1.0,0.10915214800775183,55,2,2,51,10000,10000,0.9811018898110189
MovieLens-1M,itemknn,sampled_unseen_negatives_with_target,target_margin,sensitivity,nmax100,normalized_regret_ndcg,lime,greedy_cf,-0.5708930832962686,-0.8,-0.7092359423011346,-0.4335180729921509,9.999000099990002e-05,5.529727786779404e-10,-1.0900036900683359,55,1,36,18,10000,10000,0.000999900009999
MovieLens-1M,itemknn,sampled_unseen_negatives_with_target,target_margin,sensitivity,nmax100,normalized_regret_ndcg,lime,random,-0.9370575211632959,-0.8,-1.4005444565897909,-0.6100299573182144,9.999000099990002e-05,7.105427357601002e-15,-0.6162213316254753,55,0,48,7,10000,10000,0.000999900009999
MovieLens-1M,itemknn,sampled_unseen_negatives_with_target,target_margin,sensitivity,nmax100,normalized_regret_ndcg,loo,greedy_cf,-0.5863907542313339,-1.0,-0.7230898575290073,-0.4413934775239875,9.999000099990002e-05,1.076841726899147e-09,-1.1079941611997748,55,1,35,19,10000,10000,0.000999900009999
MovieLens-1M,itemknn,sampled_unseen_negatives_with_target,target_margin,sensitivity,nmax100,normalized_regret_ndcg,loo,random,-0.9525551920983609,-0.8212583322565742,-1.4148533484964358,-0.628925836044018,9.999000099990002e-05,7.105427357601002e-15,-0.6273560674328086,55,0,48,7,10000,10000,0.000999900009999
MovieLens-1M,itemknn,sampled_unseen_negatives_with_target,target_margin,sensitivity,nmax100,normalized_regret_ndcg,greedy_cf,random,-0.3661644378670271,0.0,-0.8299179332156303,-0.02560615854501139,0.051594840515948405,0.6358280026288412,-0.23583946424071084,55,22,18,15,10000,10000,0.20637936206379362
MovieLens-1M,itemknn,sampled_unseen_negatives_with_target,target_margin,sensitivity,nmax100,intervention_success_ndcg,shapley_mc,lime,0.0064,0.0,-0.0008000000000000003,0.016,0.2535746425357464,0.625,0.09258699004826153,250,3,1,246,10000,10000,0.7607239276072393
MovieLens-1M,itemknn,sampled_unseen_negatives_with_target,target_margin,sensitivity,nmax100,intervention_success_ndcg,shapley_mc,loo,0.0024000000000000002,0.0,-0.004,0.0112,0.7423257674232576,1.0,0.03789865807556855,250,2,2,246,10000,10000,1.0
MovieLens-1M,itemknn,sampled_unseen_negatives_with_target,target_margin,sensitivity,nmax100,intervention_success_ndcg,shapley_mc,greedy_cf,0.1144,0.0,0.0752,0.156,9.999000099990002e-05,1.5366822481155396e-08,0.3504871773864129,250,31,1,218,10000,10000,0.000999900009999
MovieLens-1M,itemknn,sampled_unseen_negatives_with_target,target_margin,sensitivity,nmax100,intervention_success_ndcg,shapley_mc,random,0.1408,0.0,0.104,0.1792,9.999000099990002e-05,2.842170943040401e-14,0.4573103149579235,250,46,0,204,10000,10000,0.000999900009999
MovieLens-1M,itemknn,sampled_unseen_negatives_with_target,target_margin,sensitivity,nmax100,intervention_success_ndcg,lime,loo,-0.004,0.0,-0.0136,0.0016,0.7499250074992501,1.0,-0.0608490117461514,250,1,2,247,10000,10000,1.0
MovieLens-1M,itemknn,sampled_unseen_negatives_with_target,target_margin,sensitivity,nmax100,intervention_success_ndcg,lime,greedy_cf,0.108,0.0,0.0688,0.1504,9.999000099990002e-05,5.774199962615967e-08,0.33575058944687863,250,29,1,220,10000,10000,0.000999900009999
MovieLens-1M,itemknn,sampled_unseen_negatives_with_target,target_margin,sensitivity,nmax100,intervention_success_ndcg,lime,random,0.13440000000000002,0.0,0.09600000000000002,0.1728,9.999000099990002e-05,1.1368683772161603e-13,0.4429474713555785,250,44,0,206,10000,10000,0.000999900009999
MovieLens-1M,itemknn,sampled_unseen_negatives_with_target,target_margin,sensitivity,nmax100,intervention_success_ndcg,loo,greedy_cf,0.112,0.0,0.072,0.156,9.999000099990002e-05,5.774199962615967e-08,0.3409827090364297,250,29,1,220,10000,10000,0.000999900009999
MovieLens-1M,itemknn,sampled_unseen_negatives_with_target,target_margin,sensitivity,nmax100,intervention_success_ndcg,loo,random,0.1384,0.0,0.10080000000000001,0.17839999999999998,9.999000099990002e-05,1.1368683772161603e-13,0.44605604216437855,250,44,0,206,10000,10000,0.000999900009999
MovieLens-1M,itemknn,sampled_unseen_negatives_with_target,target_margin,sensitivity,nmax100,intervention_success_ndcg,greedy_cf,random,0.026400000000000003,0.0,-0.0016,0.056,0.07119288071192881,0.735878800856881,0.11386285874084794,250,16,19,215,10000,10000,0.28477152284771523
MovieLens-1M,itemknn,sampled_unseen_negatives_with_target,target_margin,sensitivity,nmax50,aia,shapley_mc,lime,-0.12646593852117102,-0.09610895688608984,-0.14323008197632342,-0.11148432250891473,9.999000099990002e-05,3.8625145542624075e-61,-0.9921523929232821,250,8,242,0,10000,10000,0.000999900009999
MovieLens-1M,itemknn,sampled_unseen_negatives_with_target,target_margin,sensitivity,nmax50,aia,shapley_mc,loo,-0.17875388306038853,-0.14407874449483882,-0.19624783738581789,-0.16242018819734072,9.999000099990002e-05,2.7746282333807432e-73,-1.3006732837764978,250,1,249,0,10000,10000,0.000999900009999
MovieLens-1M,itemknn,sampled_unseen_negatives_with_target,target_margin,sensitivity,nmax50,aia,shapley_mc,greedy_cf,0.4443559923764622,0.4005353524816605,0.40822754084267304,0.48134052496548707,9.999000099990002e-05,3.8625145542624075e-61,1.512039344711115,250,242,8,0,10000,10000,0.000999900009999
MovieLens-1M,itemknn,sampled_unseen_negatives_with_target,target_margin,sensitivity,nmax50,aia,shapley_mc,random,0.806585529526206,0.8438290171156089,0.7858279353593969,0.8261730425946551,9.999000099990002e-05,3.468395834683434e-71,5.023168113936265,250,248,2,0,10000,10000,0.000999900009999
MovieLens-1M,itemknn,sampled_unseen_negatives_with_target,target_margin,sensitivity,nmax50,aia,lime,loo,-0.052287944539217486,-0.04081010482585229,-0.057761552493089195,-0.04730215264180654,9.999000099990002e-05,2.2212448820477072e-68,-1.247471104379398,250,3,244,3,10000,10000,0.000999900009999
MovieLens-1M,itemknn,sampled_unseen_negatives_with_target,target_margin,sensitivity,nmax50,aia,lime,greedy_cf,0.5708219308976332,0.5376319697391196,0.5418272458065125,0.6006587321442637,9.999000099990002e-05,2.210859150104178e-75,2.373751366372504,250,249,0,1,10000,10000,0.000999900009999
MovieLens-1M,itemknn,sampled_unseen_negatives_with_target,target_margin,sensitivity,nmax50,aia,lime,random,0.933051468047377,0.9367573404581251,0.921702207833486,0.9442682142302559,9.999000099990002e-05,1.105429575052089e-75,10.245297068037681,250,250,0,0,10000,10000,0.000999900009999
MovieLens-1M,itemknn,sampled_unseen_negatives_with_target,target_margin,sensitivity,nmax50,aia,loo,greedy_cf,0.6231098754368506,0.5967241284489837,0.5937237022780204,0.6528077837021192,9.999000099990002e-05,2.210859150104178e-75,2.6561856474993735,250,249,0,1,10000,10000,0.000999900009999
MovieLens-1M,itemknn,sampled_unseen_negatives_with_target,target_margin,sensitivity,nmax50,aia,loo,random,0.9853394125865944,0.9868677116596878,0.9749923626709119,0.9952424531726652,9.999000099990002e-05,1.105429575052089e-75,12.03786527595749,250,250,0,0,10000,10000,0.000999900009999
MovieLens-1M,itemknn,sampled_unseen_negatives_with_target,target_margin,sensitivity,nmax50,aia,greedy_cf,random,0.36222953714974376,0.3981407059967864,0.3319606574238329,0.3920558429434838,9.999000099990002e-05,1.784608574135379e-47,1.4887457265242945,250,231,19,0,10000,10000,0.000999900009999
MovieLens-1M,itemknn,sampled_unseen_negatives_with_target,target_margin,sensitivity,nmax50,aia_ndcg,shapley_mc,lime,-0.01065524969196038,-0.012779998748973946,-0.03845743875732554,0.018691122048046554,0.47905209479052097,0.19252645776146274,-0.09151796299631307,62,24,35,3,10000,10000,0.47905209479052097
MovieLens-1M,itemknn,sampled_unseen_negatives_with_target,target_margin,sensitivity,nmax50,aia_ndcg,shapley_mc,loo,-0.02718836521130174,-0.015878483423966597,-0.057353426590459076,0.004078556419659858,0.09379062093790622,0.030015864349067285,-0.21810248424698692,62,22,40,0,10000,10000,0.18758124187581243
MovieLens-1M,itemknn,sampled_unseen_negatives_with_target,target_margin,sensitivity,nmax50,aia_ndcg,shapley_mc,greedy_cf,0.14843913746691742,0.14076023679712957,0.08644659037164944,0.21146416332643006,9.999000099990002e-05,8.837556327558756e-05,0.5815825093137724,62,46,15,1,10000,10000,0.000999900009999
MovieLens-1M,itemknn,sampled_unseen_negatives_with_target,target_margin,sensitivity,nmax50,aia_ndcg,shapley_mc,random,0.32360522117186935,0.3607313240034617,0.2574625217959811,0.3888981913717363,9.999000099990002e-05,1.709326186236787e-09,1.2051386802785347,62,54,8,0,10000,10000,0.000999900009999
MovieLens-1M,itemknn,sampled_unseen_negatives_with_target,target_margin,sensitivity,nmax50,aia_ndcg,lime,loo,-0.016533115519341356,-0.00862553399926795,-0.025960924267145396,-0.007957668708735086,9.999000099990002e-05,3.183628737933597e-06,-0.451935594263558,62,12,48,2,10000,10000,0.000999900009999
MovieLens-1M,itemknn,sampled_unseen_negatives_with_target,target_margin,sensitivity,nmax50,aia_ndcg,lime,greedy_cf,0.1590943871588778,0.1523504452333217,0.0915961902407139,0.22509802496472936,0.00019998000199980003,7.665168380445453e-06,0.5846710225133913,62,48,13,1,10000,10000,0.000999900009999
MovieLens-1M,itemknn,sampled_unseen_negatives_with_target,target_margin,sensitivity,nmax50,aia_ndcg,lime,random,0.3342604708638297,0.3915617606296792,0.2615650343527973,0.4005029432614895,9.999000099990002e-05,2.972584851879123e-11,1.1918112888860775,62,56,6,0,10000,10000,0.000999900009999
MovieLens-1M,itemknn,sampled_unseen_negatives_with_target,target_margin,sensitivity,nmax50,aia_ndcg,loo,greedy_cf,0.17562750267821917,0.1659593106202727,0.10463102864355658,0.24406610892246194,9.999000099990002e-05,1.2143807700186297e-06,0.6228198272998754,62,50,12,0,10000,10000,0.000999900009999
MovieLens-1M,itemknn,sampled_unseen_negatives_with_target,target_margin,sensitivity,nmax50,aia_ndcg,loo,random,0.35079358638317115,0.405191844771224,0.2785377211124624,0.42158285024001124,9.999000099990002e-05,2.972584851879123e-11,1.207588731645587,62,56,6,0,10000,10000,0.000999900009999
MovieLens-1M,itemknn,sampled_unseen_negatives_with_target,target_margin,sensitivity,nmax50,aia_ndcg,greedy_cf,random,0.17516608370495187,0.22030371596763265,0.11189600787180924,0.23510678059549725,9.999000099990002e-05,0.00017632711255144299,0.693056097967024,62,46,16,0,10000,10000,0.000999900009999
MovieLens-1M,itemknn,sampled_unseen_negatives_with_target,target_margin,sensitivity,nmax50,faithfulness_alignment,shapley_mc,lime,-0.1451499358316132,-0.10045902016623937,-0.17074760846248802,-0.12394860217201917,9.999000099990002e-05,3.6166777508175347e-64,-0.7796389656322158,250,6,244,0,10000,10000,0.000999900009999
MovieLens-1M,itemknn,sampled_unseen_negatives_with_target,target_margin,sensitivity,nmax50,faithfulness_alignment,shapley_mc,loo,-0.20032042224720073,-0.16009096773876524,-0.22523739714361687,-0.1783261065522136,9.999000099990002e-05,1.105429575052089e-75,-1.0434239609151703,250,0,250,0,10000,10000,0.000999900009999
MovieLens-1M,itemknn,sampled_unseen_negatives_with_target,target_margin,sensitivity,nmax50,faithfulness_alignment,shapley_mc,greedy_cf,0.43031484664178926,0.40147041819739254,0.38860912863644714,0.4693510625333618,9.999000099990002e-05,3.8625145542624075e-61,1.3193555065049556,250,242,8,0,10000,10000,0.000999900009999
MovieLens-1M,itemknn,sampled_unseen_negatives_with_target,target_margin,sensitivity,nmax50,faithfulness_alignment,shapley_mc,random,0.7986651365861877,0.8379460745900131,0.7752354220246835,0.8202145716930954,9.999000099990002e-05,2.878954254955859e-69,4.391305569337447,250,247,3,0,10000,10000,0.000999900009999
MovieLens-1M,itemknn,sampled_unseen_negatives_with_target,target_margin,sensitivity,nmax50,faithfulness_alignment,lime,loo,-0.055170486415587534,-0.04407301842639333,-0.06031676040112784,-0.05043682927318558,9.999000099990002e-05,4.421718300208356e-75,-1.3835163331589324,250,0,248,2,10000,10000,0.000999900009999
MovieLens-1M,itemknn,sampled_unseen_negatives_with_target,target_margin,sensitivity,nmax50,faithfulness_alignment,lime,greedy_cf,0.5754647824734025,0.5420302741656436,0.54622638472731,0.6051902296323575,9.999000099990002e-05,2.210859150104178e-75,2.3957652877410927,250,249,0,1,10000,10000,0.000999900009999
MovieLens-1M,itemknn,sampled_unseen_negatives_with_target,target_margin,sensitivity,nmax50,faithfulness_alignment,lime,random,0.9438150724178008,0.9434629373858746,0.9318682292790265,0.9565497098085137,9.999000099990002e-05,1.105429575052089e-75,9.420580267037218,250,250,0,0,10000,10000,0.000999900009999
MovieLens-1M,itemknn,sampled_unseen_negatives_with_target,target_margin,sensitivity,nmax50,faithfulness_alignment,loo,greedy_cf,0.63063526888899,0.6001483205290292,0.6023186438916523,0.6594025157674356,9.999000099990002e-05,2.210859150104178e-75,2.695082976136547,250,249,0,1,10000,10000,0.000999900009999
MovieLens-1M,itemknn,sampled_unseen_negatives_with_target,target_margin,sensitivity,nmax50,faithfulness_alignment,loo,random,0.9989855588333884,0.9935073719286394,0.9879130550426151,1.0105847041302423,9.999000099990002e-05,1.105429575052089e-75,10.87432098707989,250,250,0,0,10000,10000,0.000999900009999
MovieLens-1M,itemknn,sampled_unseen_negatives_with_target,target_margin,sensitivity,nmax50,faithfulness_alignment,greedy_cf,random,0.36835028994439833,0.3968126120915647,0.3365744203291448,0.39979242135798476,9.999000099990002e-05,1.784608574135379e-47,1.4325929496508696,250,231,19,0,10000,10000,0.000999900009999
MovieLens-1M,itemknn,sampled_unseen_negatives_with_target,target_margin,sensitivity,nmax50,actionability_gap,shapley_mc,lime,0.018683997310442176,0.0025019380000964484,0.009703221242139647,0.030263201644017756,9.999000099990002e-05,8.014793862589257e-18,0.22183334127570886,250,162,42,46,10000,10000,0.000999900009999
MovieLens-1M,itemknn,sampled_unseen_negatives_with_target,target_margin,sensitivity,nmax50,actionability_gap,shapley_mc,loo,0.021566539186812214,0.0032587482514428888,0.012331810280273078,0.033107992938144024,9.999000099990002e-05,7.153891067713734e-19,0.25160569761282997,250,171,44,35,10000,10000,0.000999900009999
MovieLens-1M,itemknn,sampled_unseen_negatives_with_target,target_margin,sensitivity,nmax50,actionability_gap,shapley_mc,greedy_cf,0.014041145734672933,0.00033644220675952395,0.005916014338343472,0.024456457749876818,9.999000099990002e-05,0.0005687384738459154,0.18249867521357271,250,127,77,46,10000,10000,0.000999900009999
MovieLens-1M,itemknn,sampled_unseen_negatives_with_target,target_margin,sensitivity,nmax50,actionability_gap,shapley_mc,random,0.007920392940018329,0.0008778890115169401,0.0022197082399728375,0.014474307432443377,0.007799220077992201,1.0771933088313822e-06,0.15974527618144924,250,137,67,46,10000,10000,0.025197480251974803
MovieLens-1M,itemknn,sampled_unseen_negatives_with_target,target_margin,sensitivity,nmax50,actionability_gap,lime,loo,0.0028825418763700427,1.1102230246251565e-16,0.0007850263049544726,0.005322565493693534,0.006299370062993701,0.0005803667780887868,0.15544735338198873,250,132,81,37,10000,10000,0.025197480251974803
MovieLens-1M,itemknn,sampled_unseen_negatives_with_target,target_margin,sensitivity,nmax50,actionability_gap,lime,greedy_cf,-0.00464285157576924,0.0,-0.00983183797109631,0.00011030295809016801,0.0648935106489351,0.0918453003837809,-0.11536684296309459,250,89,114,47,10000,10000,0.1297870212978702
MovieLens-1M,itemknn,sampled_unseen_negatives_with_target,target_margin,sensitivity,nmax50,actionability_gap,lime,random,-0.010763604370423846,-0.0003665514077071302,-0.01964965267986084,-0.00485658348053349,9.999000099990002e-05,8.775251003798651e-06,-0.17292220369087202,250,70,134,46,10000,10000,0.000999900009999
MovieLens-1M,itemknn,sampled_unseen_negatives_with_target,target_margin,sensitivity,nmax50,actionability_gap,loo,greedy_cf,-0.007525393452139284,-1.1102230246251565e-16,-0.012323623758741251,-0.0033117246081312756,0.00039996000399960006,0.0004622149804156888,-0.20929687333336539,250,81,133,36,10000,10000,0.001999800019998
MovieLens-1M,itemknn,sampled_unseen_negatives_with_target,target_margin,sensitivity,nmax50,actionability_gap,loo,random,-0.013646146246793887,-0.0018882833568703915,-0.022682120691558283,-0.007789027513774638,9.999000099990002e-05,1.4995244407560922e-13,-0.22127848610076858,250,54,161,35,10000,10000,0.000999900009999
MovieLens-1M,itemknn,sampled_unseen_negatives_with_target,target_margin,sensitivity,nmax50,actionability_gap,greedy_cf,random,-0.006120752794654604,0.0,-0.015659258440616143,0.000790073487710449,0.1382861713828617,0.8336993651841778,-0.09155120271953314,250,100,104,46,10000,10000,0.1382861713828617
MovieLens-1M,itemknn,sampled_unseen_negatives_with_target,target_margin,sensitivity,nmax50,signed_alignment,shapley_mc,lime,-0.032727015186698426,-0.021647994713285046,-0.03868823683264836,-0.027448655057615675,9.999000099990002e-05,3.885578962278994e-49,-0.7108478492705979,250,17,231,2,10000,10000,0.000999900009999
MovieLens-1M,itemknn,sampled_unseen_negatives_with_target,target_margin,sensitivity,nmax50,signed_alignment,shapley_mc,loo,-0.05684923611782544,-0.04270348262834245,-0.06388406429238454,-0.05041527700313819,9.999000099990002e-05,1.1010078567518806e-72,-1.040634597845622,250,1,247,2,10000,10000,0.000999900009999
MovieLens-1M,itemknn,sampled_unseen_negatives_with_target,target_margin,sensitivity,nmax50,signed_alignment,shapley_mc,greedy_cf,0.6791936026303371,0.6542497433346985,0.6370511431168872,0.7213988785643642,9.999000099990002e-05,2.7746282333807432e-73,2.015435180827126,250,249,1,0,10000,10000,0.000999900009999
MovieLens-1M,itemknn,sampled_unseen_negatives_with_target,target_margin,sensitivity,nmax50,signed_alignment,shapley_mc,random,0.9418546050727727,0.9460289162265316,0.9294321761585386,0.9542134888042182,9.999000099990002e-05,1.105429575052089e-75,9.39774879285185,250,250,0,0,10000,10000,0.000999900009999
MovieLens-1M,itemknn,sampled_unseen_negatives_with_target,target_margin,sensitivity,nmax50,signed_alignment,lime,loo,-0.024122220931127012,-0.018169301621477396,-0.02690006546196541,-0.021623218370252523,9.999000099990002e-05,8.701941614810044e-72,-1.1207909041813642,250,1,244,5,10000,10000,0.000999900009999
MovieLens-1M,itemknn,sampled_unseen_negatives_with_target,target_margin,sensitivity,nmax50,signed_alignment,lime,greedy_cf,0.7119206178170354,0.6894410023945261,0.6706178664586566,0.7536167354659276,9.999000099990002e-05,1.105429575052089e-75,2.123508424947792,250,250,0,0,10000,10000,0.000999900009999
MovieLens-1M,itemknn,sampled_unseen_negatives_with_target,target_margin,sensitivity,nmax50,signed_alignment,lime,random,0.974581620259471,0.9712900198271951,0.9640915743016262,0.9853395568376544,9.999000099990002e-05,1.105429575052089e-75,11.315254092054058,250,250,0,0,10000,10000,0.000999900009999
MovieLens-1M,itemknn,sampled_unseen_negatives_with_target,target_margin,sensitivity,nmax50,signed_alignment,loo,greedy_cf,0.7360428387481625,0.7133619713425351,0.6940910019947745,0.7785765615986557,9.999000099990002e-05,1.105429575052089e-75,2.170633712307008,250,250,0,0,10000,10000,0.000999900009999
MovieLens-1M,itemknn,sampled_unseen_negatives_with_target,target_margin,sensitivity,nmax50,signed_alignment,loo,random,0.9987038411905983,0.9973382113867406,0.988351854711645,1.0091289972166144,9.999000099990002e-05,1.105429575052089e-75,11.881373073169543,250,250,0,0,10000,10000,0.000999900009999
MovieLens-1M,itemknn,sampled_unseen_negatives_with_target,target_margin,sensitivity,nmax50,signed_alignment,greedy_cf,random,0.2626610024424357,0.27420941665071386,0.21979119823085422,0.30571936865726984,9.999000099990002e-05,6.238482090036446e-16,0.7693420734424414,250,188,62,0,10000,10000,0.000999900009999
MovieLens-1M,itemknn,sampled_unseen_negatives_with_target,target_margin,sensitivity,nmax50,signed_alignment_ndcg,shapley_mc,lime,-0.006257154650451484,0.0,-0.020629226315120573,0.006150496410837674,0.40405959404059594,0.7838463022094988,-0.11440866724267736,62,25,28,9,10000,10000,0.40405959404059594
MovieLens-1M,itemknn,sampled_unseen_negatives_with_target,target_margin,sensitivity,nmax50,signed_alignment_ndcg,shapley_mc,loo,-0.021083614793795596,-0.006645678379229331,-0.038393627338774994,-0.006385651336598625,0.007799220077992201,0.0204147137996349,-0.3249002670309975,62,21,40,1,10000,10000,0.015598440155984402
MovieLens-1M,itemknn,sampled_unseen_negatives_with_target,target_margin,sensitivity,nmax50,signed_alignment_ndcg,shapley_mc,greedy_cf,0.3330477224816132,0.2887224492309829,0.26047935372525194,0.40521052380850564,9.999000099990002e-05,5.380614009897755e-11,1.1400209288335037,62,55,6,1,10000,10000,0.000999900009999
MovieLens-1M,itemknn,sampled_unseen_negatives_with_target,target_margin,sensitivity,nmax50,signed_alignment_ndcg,shapley_mc,random,0.5413752934580542,0.5860704119298004,0.4832180965592766,0.5973327742614133,9.999000099990002e-05,1.724922288337538e-14,2.3357615706755075,62,59,3,0,10000,10000,0.000999900009999
MovieLens-1M,itemknn,sampled_unseen_negatives_with_target,target_margin,sensitivity,nmax50,signed_alignment_ndcg,lime,loo,-0.014826460143344109,-0.006683183397911269,-0.022201942900293665,-0.008498897388879075,9.999000099990002e-05,5.1256292496887346e-06,-0.5272299483403414,62,12,47,3,10000,10000,0.000999900009999
MovieLens-1M,itemknn,sampled_unseen_negatives_with_target,target_margin,sensitivity,nmax50,signed_alignment_ndcg,lime,greedy_cf,0.33930487713206464,0.2909368784304789,0.27161986265869864,0.4102332204593809,9.999000099990002e-05,5.645556938604912e-12,1.218672287581012,62,56,5,1,10000,10000,0.000999900009999
MovieLens-1M,itemknn,sampled_unseen_negatives_with_target,target_margin,sensitivity,nmax50,signed_alignment_ndcg,lime,random,0.5476324481085059,0.5802897090208872,0.4903541192823029,0.6022220485447941,9.999000099990002e-05,8.474124180146703e-16,2.4323860451958867,62,60,2,0,10000,10000,0.000999900009999
MovieLens-1M,itemknn,sampled_unseen_negatives_with_target,target_margin,sensitivity,nmax50,signed_alignment_ndcg,loo,greedy_cf,0.35413133727540874,0.308374487570082,0.2865325765758773,0.42486355317110086,9.999000099990002e-05,4.85494457136415e-13,1.2551276529551778,62,57,4,1,10000,10000,0.000999900009999
MovieLens-1M,itemknn,sampled_unseen_negatives_with_target,target_margin,sensitivity,nmax50,signed_alignment_ndcg,loo,random,0.56245890825185,0.5918949138730975,0.505180558153549,0.6158947327338814,9.999000099990002e-05,2.7321894746634712e-17,2.504816037584518,62,61,1,0,10000,10000,0.000999900009999
MovieLens-1M,itemknn,sampled_unseen_negatives_with_target,target_margin,sensitivity,nmax50,signed_alignment_ndcg,greedy_cf,random,0.2083275709764412,0.1815144112585149,0.14101588047239205,0.2777701958460325,9.999000099990002e-05,1.2143807700186297e-06,0.7577727004985474,62,50,12,0,10000,10000,0.000999900009999
MovieLens-1M,itemknn,sampled_unseen_negatives_with_target,target_margin,sensitivity,nmax50,direction_accuracy,shapley_mc,lime,-0.06564659388477864,-0.0568888888888891,-0.07320256707748159,-0.05843135071666079,9.999000099990002e-05,4.0047645568775357e-45,-1.091559280190018,250,16,213,21,10000,10000,0.000999900009999
MovieLens-1M,itemknn,sampled_unseen_negatives_with_target,target_margin,sensitivity,nmax50,direction_accuracy,shapley_mc,loo,-0.1025388581432418,-0.09627586206896555,-0.1111765608339969,-0.09367611694916501,9.999000099990002e-05,1.1907664505551828e-63,-1.4587071099958766,250,3,228,19,10000,10000,0.000999900009999
MovieLens-1M,itemknn,sampled_unseen_negatives_with_target,target_margin,sensitivity,nmax50,direction_accuracy,shapley_mc,greedy_cf,0.3239917539094081,0.3381818181818182,0.30797784454548366,0.33959459376180257,9.999000099990002e-05,1.3606490240718945e-66,2.497224383034289,250,243,4,3,10000,10000,0.000999900009999
MovieLens-1M,itemknn,sampled_unseen_negatives_with_target,target_margin,sensitivity,nmax50,direction_accuracy,shapley_mc,random,0.38929560447378325,0.4,0.37876222945640425,0.39967228236337954,9.999000099990002e-05,1.105429575052089e-75,4.616426796129926,250,250,0,0,10000,10000,0.000999900009999
MovieLens-1M,itemknn,sampled_unseen_negatives_with_target,target_margin,sensitivity,nmax50,direction_accuracy,lime,loo,-0.03689226425846317,-0.028000000000000136,-0.04197153591317956,-0.031997938083712284,9.999000099990002e-05,6.577832055731682e-57,-0.9119255169234866,250,4,210,36,10000,10000,0.000999900009999
MovieLens-1M,itemknn,sampled_unseen_negatives_with_target,target_margin,sensitivity,nmax50,direction_accuracy,lime,greedy_cf,0.38963834779418677,0.4020000000000001,0.3738425770280351,0.4058558115631078,9.999000099990002e-05,6.881520190614264e-71,2.979907051162033,250,247,2,1,10000,10000,0.000999900009999
MovieLens-1M,itemknn,sampled_unseen_negatives_with_target,target_margin,sensitivity,nmax50,direction_accuracy,lime,random,0.45494219835856187,0.4630681818181819,0.4471557869285081,0.46262137560496,9.999000099990002e-05,1.105429575052089e-75,7.218776409273681,250,250,0,0,10000,10000,0.000999900009999
MovieLens-1M,itemknn,sampled_unseen_negatives_with_target,target_margin,sensitivity,nmax50,direction_accuracy,loo,greedy_cf,0.42653061205264986,0.43999999999999995,0.4105264199624799,0.44281236101438126,9.999000099990002e-05,4.421718300208356e-75,3.2871701269934617,250,248,0,2,10000,10000,0.000999900009999
MovieLens-1M,itemknn,sampled_unseen_negatives_with_target,target_margin,sensitivity,nmax50,direction_accuracy,loo,random,0.4918344626170251,0.496,0.48544883768284913,0.49792491739407296,9.999000099990002e-05,1.105429575052089e-75,9.728259533966364,250,250,0,0,10000,10000,0.000999900009999
MovieLens-1M,itemknn,sampled_unseen_negatives_with_target,target_margin,sensitivity,nmax50,direction_accuracy,greedy_cf,random,0.06530385056437514,0.047222222222222276,0.048652847385015796,0.0819005074388302,9.999000099990002e-05,5.612555999323107e-07,0.4848312050272056,250,163,84,3,10000,10000,0.000999900009999
MovieLens-1M,itemknn,sampled_unseen_negatives_with_target,target_margin,sensitivity,nmax50,direction_accuracy_ndcg,shapley_mc,lime,-0.001060515136395843,0.0,-0.015470636301611471,0.013600614059853187,0.877012298770123,1.0,-0.018638467986999207,62,9,8,45,10000,10000,1.0
MovieLens-1M,itemknn,sampled_unseen_negatives_with_target,target_margin,sensitivity,nmax50,direction_accuracy_ndcg,shapley_mc,loo,-0.004927069557050584,0.0,-0.0182244623655914,0.009324789642152071,0.49625037496250374,0.09228515625,-0.08866230851843074,62,3,10,49,10000,10000,1.0
MovieLens-1M,itemknn,sampled_unseen_negatives_with_target,target_margin,sensitivity,nmax50,direction_accuracy_ndcg,shapley_mc,greedy_cf,0.20747355902675185,0.14017857142857143,0.12351148665190928,0.2935127103451989,9.999000099990002e-05,6.57466324582856e-05,0.6002153453710852,62,36,9,17,10000,10000,0.000999900009999
MovieLens-1M,itemknn,sampled_unseen_negatives_with_target,target_margin,sensitivity,nmax50,direction_accuracy_ndcg,shapley_mc,random,0.4567836641468149,0.4638655462184873,0.4059094492879015,0.5052360733010972,9.999000099990002e-05,1.6410484082740595e-15,2.291168293053311,62,59,2,1,10000,10000,0.000999900009999
MovieLens-1M,itemknn,sampled_unseen_negatives_with_target,target_margin,sensitivity,nmax50,direction_accuracy_ndcg,lime,loo,-0.003866554420654741,0.0,-0.011892763160557675,0.005345406267823966,0.42085791420857915,0.03515625,-0.1097141003239793,62,3,12,47,10000,10000,1.0
MovieLens-1M,itemknn,sampled_unseen_negatives_with_target,target_margin,sensitivity,nmax50,direction_accuracy_ndcg,lime,greedy_cf,0.2085340741631477,0.15476190476190477,0.1283213581386484,0.2871444662260756,9.999000099990002e-05,0.00034600114031491097,0.6452175356916693,62,36,11,15,10000,10000,0.000999900009999
MovieLens-1M,itemknn,sampled_unseen_negatives_with_target,target_margin,sensitivity,nmax50,direction_accuracy_ndcg,lime,random,0.45784417928321075,0.4464285714285714,0.41199459005699723,0.5021074445611406,9.999000099990002e-05,2.7321894746634712e-17,2.5092581115835952,62,61,1,0,10000,10000,0.000999900009999
MovieLens-1M,itemknn,sampled_unseen_negatives_with_target,target_margin,sensitivity,nmax50,direction_accuracy_ndcg,loo,greedy_cf,0.21240062858380243,0.16666666666666663,0.13154963697012365,0.2930545974401163,9.999000099990002e-05,6.57466324582856e-05,0.6533030321968168,62,36,9,17,10000,10000,0.000999900009999
MovieLens-1M,itemknn,sampled_unseen_negatives_with_target,target_margin,sensitivity,nmax50,direction_accuracy_ndcg,loo,random,0.46171073370386545,0.45982142857142855,0.4157419188080411,0.5047412612870908,9.999000099990002e-05,2.7321894746634712e-17,2.569626574403511,62,61,1,0,10000,10000,0.000999900009999
MovieLens-1M,itemknn,sampled_unseen_negatives_with_target,target_margin,sensitivity,nmax50,direction_accuracy_ndcg,greedy_cf,random,0.24931010512006307,0.2708333333333333,0.17932376650439827,0.3158132440486207,9.999000099990002e-05,7.513043097095994e-07,0.9098131156874262,62,47,10,5,10000,10000,0.000999900009999
MovieLens-1M,itemknn,sampled_unseen_negatives_with_target,target_margin,sensitivity,nmax50,top1_precision,shapley_mc,lime,-0.0888,0.0,-0.12722,-0.0512,9.999000099990002e-05,6.291890568832712e-05,-0.2904872927359461,250,37,81,132,10000,10000,0.000999900009999
MovieLens-1M,itemknn,sampled_unseen_negatives_with_target,target_margin,sensitivity,nmax50,top1_precision,shapley_mc,loo,-0.25439999999999996,0.0,-0.304,-0.20639999999999997,9.999000099990002e-05,4.790588028455649e-27,-0.6419888912369641,250,8,121,121,10000,10000,0.000999900009999
MovieLens-1M,itemknn,sampled_unseen_negatives_with_target,target_margin,sensitivity,nmax50,top1_precision,shapley_mc,greedy_cf,0.6055999999999999,0.8,0.55438,0.656,9.999000099990002e-05,1.2314364929436383e-50,1.4507076640645047,250,193,5,52,10000,10000,0.000999900009999
MovieLens-1M,itemknn,sampled_unseen_negatives_with_target,target_margin,sensitivity,nmax50,top1_precision,shapley_mc,random,0.6527999999999999,0.8,0.6048,0.7,9.999000099990002e-05,1.3215270838090833e-54,1.7068357234420697,250,211,6,33,10000,10000,0.000999900009999
MovieLens-1M,itemknn,sampled_unseen_negatives_with_target,target_margin,sensitivity,nmax50,top1_precision,lime,loo,-0.1656,0.0,-0.2032,-0.1288,9.999000099990002e-05,7.09532095861481e-21,-0.5553034870254118,250,6,92,152,10000,10000,0.000999900009999
MovieLens-1M,itemknn,sampled_unseen_negatives_with_target,target_margin,sensitivity,nmax50,top1_precision,lime,greedy_cf,0.6943999999999999,0.8,0.648,0.7407999999999999,9.999000099990002e-05,7.596454196607839e-65,1.8722567443106004,250,214,0,36,10000,10000,0.000999900009999
MovieLens-1M,itemknn,sampled_unseen_negatives_with_target,target_margin,sensitivity,nmax50,top1_precision,lime,random,0.7416,0.8,0.7008,0.7807999999999999,9.999000099990002e-05,2.3215530454043528e-63,2.2850310506313263,250,232,4,14,10000,10000,0.000999900009999
MovieLens-1M,itemknn,sampled_unseen_negatives_with_target,target_margin,sensitivity,nmax50,top1_precision,loo,greedy_cf,0.86,1.0,0.816,0.904,9.999000099990002e-05,2.070033768575636e-63,2.395221098802683,250,216,1,33,10000,10000,0.000999900009999
MovieLens-1M,itemknn,sampled_unseen_negatives_with_target,target_margin,sensitivity,nmax50,top1_precision,loo,random,0.9072,1.0,0.8767999999999999,0.9352,9.999000099990002e-05,6.4931482914957234e-68,3.7820257236180743,250,237,2,11,10000,10000,0.000999900009999
MovieLens-1M,itemknn,sampled_unseen_negatives_with_target,target_margin,sensitivity,nmax50,top1_precision,greedy_cf,random,0.047200000000000006,0.0,0.0112,0.08639999999999999,0.0150984901509849,0.030015864349067285,0.15556273358409756,250,22,40,188,10000,10000,0.0150984901509849
MovieLens-1M,itemknn,sampled_unseen_negatives_with_target,target_margin,sensitivity,nmax50,top3_precision,shapley_mc,lime,-0.09200000000000001,-0.06666666666666665,-0.11173333333333335,-0.07306666666666668,9.999000099990002e-05,1.0039184936496668e-15,-0.5785077212706543,250,38,144,68,10000,10000,0.000999900009999
MovieLens-1M,itemknn,sampled_unseen_negatives_with_target,target_margin,sensitivity,nmax50,top3_precision,shapley_mc,loo,-0.18666666666666668,-0.20000000000000007,-0.21120000000000005,-0.16319333333333347,9.999000099990002e-05,2.385007512890118e-42,-0.9551043393605856,250,8,176,66,10000,10000,0.000999900009999
MovieLens-1M,itemknn,sampled_unseen_negatives_with_target,target_margin,sensitivity,nmax50,top3_precision,shapley_mc,greedy_cf,0.5613333333333332,0.6666666666666666,0.52,0.6015999999999999,9.999000099990002e-05,1.0095543887541014e-57,1.7223461510667668,250,226,7,17,10000,10000,0.000999900009999
MovieLens-1M,itemknn,sampled_unseen_negatives_with_target,target_margin,sensitivity,nmax50,top3_precision,shapley_mc,random,0.6882666666666667,0.6666666666666667,0.6621333333333334,0.7130666666666666,9.999000099990002e-05,4.421718300208356e-75,3.34724503264733,250,248,0,2,10000,10000,0.000999900009999
MovieLens-1M,itemknn,sampled_unseen_negatives_with_target,target_margin,sensitivity,nmax50,top3_precision,lime,loo,-0.09466666666666672,-0.06666666666666676,-0.11120000000000003,-0.0786666666666667,9.999000099990002e-05,3.5974435299944506e-29,-0.7183794762150819,250,9,132,109,10000,10000,0.000999900009999
MovieLens-1M,itemknn,sampled_unseen_negatives_with_target,target_margin,sensitivity,nmax50,top3_precision,lime,greedy_cf,0.6533333333333332,0.6666666666666667,0.6154666666666667,0.6904,9.999000099990002e-05,2.0093410860352543e-65,2.12777915911008,250,234,3,13,10000,10000,0.000999900009999
MovieLens-1M,itemknn,sampled_unseen_negatives_with_target,target_margin,sensitivity,nmax50,top3_precision,lime,random,0.7802666666666667,0.8,0.7597333333333334,0.8002733333333334,9.999000099990002e-05,5.5271478752604446e-73,4.715282508334464,250,248,1,1,10000,10000,0.000999900009999
MovieLens-1M,itemknn,sampled_unseen_negatives_with_target,target_margin,sensitivity,nmax50,top3_precision,loo,greedy_cf,0.748,1.0,0.7093333333333334,0.7853333333333332,9.999000099990002e-05,3.622271631530685e-71,2.4428284195640515,250,235,0,15,10000,10000,0.000999900009999
MovieLens-1M,itemknn,sampled_unseen_negatives_with_target,target_margin,sensitivity,nmax50,top3_precision,loo,random,0.8749333333333333,0.9333333333333333,0.8562666666666667,0.8914666666666667,9.999000099990002e-05,5.5271478752604446e-73,6.114411378644131,250,248,1,1,10000,10000,0.000999900009999
MovieLens-1M,itemknn,sampled_unseen_negatives_with_target,target_margin,sensitivity,nmax50,top3_precision,greedy_cf,random,0.12693333333333334,0.0,0.09066,0.16426666666666664,9.999000099990002e-05,0.9452656464419971,0.4302771742674834,250,105,107,38,10000,10000,0.000999900009999
MovieLens-1M,itemknn,sampled_unseen_negatives_with_target,target_margin,sensitivity,nmax50,top5_precision,shapley_mc,lime,-0.06778666666666666,-0.040000000000000036,-0.08186666666666666,-0.053812000000000006,9.999000099990002e-05,3.511380145605222e-15,-0.5971395048403386,250,40,145,65,10000,10000,0.000999900009999
MovieLens-1M,itemknn,sampled_unseen_negatives_with_target,target_margin,sensitivity,nmax50,top5_precision,shapley_mc,loo,-0.13018666666666667,-0.1200000000000001,-0.1475213333333333,-0.11295999999999998,9.999000099990002e-05,1.5544066964018593e-38,-0.9352891986012586,250,12,176,62,10000,10000,0.000999900009999
MovieLens-1M,itemknn,sampled_unseen_negatives_with_target,target_margin,sensitivity,nmax50,top5_precision,shapley_mc,greedy_cf,0.5394133333333334,0.6,0.5011173333333333,0.5764813333333333,9.999000099990002e-05,2.118361467572442e-61,1.7835459042843593,250,230,5,15,10000,10000,0.000999900009999
MovieLens-1M,itemknn,sampled_unseen_negatives_with_target,target_margin,sensitivity,nmax50,top5_precision,shapley_mc,random,0.6743466666666666,0.72,0.6516266666666667,0.6968,9.999000099990002e-05,1.105429575052089e-75,3.6306545749882013,250,250,0,0,10000,10000,0.000999900009999
MovieLens-1M,itemknn,sampled_unseen_negatives_with_target,target_margin,sensitivity,nmax50,top5_precision,lime,loo,-0.06239999999999999,-0.040000000000000036,-0.07279999999999999,-0.052639999999999985,9.999000099990002e-05,7.361303006079904e-27,-0.7664231339918914,250,15,141,94,10000,10000,0.000999900009999
MovieLens-1M,itemknn,sampled_unseen_negatives_with_target,target_margin,sensitivity,nmax50,top5_precision,lime,greedy_cf,0.6072000000000001,0.6400000000000001,0.570396,0.64432,9.999000099990002e-05,1.0821536499197921e-69,2.043003254091091,250,237,1,12,10000,10000,0.000999900009999
MovieLens-1M,itemknn,sampled_unseen_negatives_with_target,target_margin,sensitivity,nmax50,top5_precision,lime,random,0.7421333333333333,0.7600000000000001,0.7214400000000001,0.76224,9.999000099990002e-05,3.468395834683434e-71,4.529239394605416,250,248,2,0,10000,10000,0.000999900009999
MovieLens-1M,itemknn,sampled_unseen_negatives_with_target,target_margin,sensitivity,nmax50,top5_precision,loo,greedy_cf,0.6696,0.8,0.632,0.7064000000000001,9.999000099990002e-05,2.263919769706678e-72,2.196086166624845,250,239,0,11,10000,10000,0.000999900009999
MovieLens-1M,itemknn,sampled_unseen_negatives_with_target,target_margin,sensitivity,nmax50,top5_precision,loo,random,0.8045333333333333,0.84,0.7842133333333333,0.8240013333333334,9.999000099990002e-05,3.468395834683434e-71,4.893696643853982,250,248,2,0,10000,10000,0.000999900009999
MovieLens-1M,itemknn,sampled_unseen_negatives_with_target,target_margin,sensitivity,nmax50,top5_precision,greedy_cf,random,0.13493333333333335,0.07999999999999999,0.10245199999999999,0.16821466666666668,9.999000099990002e-05,0.003088375052777393,0.5015718733754705,250,145,98,7,10000,10000,0.000999900009999
MovieLens-1M,itemknn,sampled_unseen_negatives_with_target,target_margin,sensitivity,nmax50,joint_effect_primary,shapley_mc,lime,-1.3087175759821619e-05,0.0,-4.438331824114188e-05,3.6072435333019426e-05,0.8479152084791521,6.797926739267818e-10,-0.037971279468742264,250,42,120,88,10000,10000,1.0
MovieLens-1M,itemknn,sampled_unseen_negatives_with_target,target_margin,sensitivity,nmax50,joint_effect_primary,shapley_mc,loo,-2.0519666871259773e-05,-1.1326431171682105e-05,-5.218373817514257e-05,2.9311771416584797e-05,0.49975002499750026,1.8594180082240592e-32,-0.05915306030537598,250,9,144,97,10000,10000,1.0
MovieLens-1M,itemknn,sampled_unseen_negatives_with_target,target_margin,sensitivity,nmax50,joint_effect_primary,shapley_mc,greedy_cf,0.0016606004213217261,0.0015916291016373374,0.0015226292677258193,0.0018077923131659922,9.999000099990002e-05,3.622271631530685e-71,1.4659832074192456,250,235,0,15,10000,10000,0.000999900009999
MovieLens-1M,itemknn,sampled_unseen_negatives_with_target,target_margin,sensitivity,nmax50,joint_effect_primary,shapley_mc,random,0.0016600112557808805,0.001326373385343671,0.0015285085111326363,0.0017989818276946418,9.999000099990002e-05,1.105429575052089e-75,1.516221806279375,250,250,0,0,10000,10000,0.000999900009999
MovieLens-1M,itemknn,sampled_unseen_negatives_with_target,target_margin,sensitivity,nmax50,joint_effect_primary,lime,loo,-7.432491111438153e-06,-2.930128100164754e-06,-1.0642819202148473e-05,-3.381568328281614e-06,9.999000099990002e-05,3.0554882002890587e-29,-0.25562238853609354,250,8,129,113,10000,10000,0.000999900009999
MovieLens-1M,itemknn,sampled_unseen_negatives_with_target,target_margin,sensitivity,nmax50,joint_effect_primary,lime,greedy_cf,0.0016736875970815477,0.001621243746914286,0.0015491414779255093,0.0018023093588409064,9.999000099990002e-05,2.1552516207607575e-69,1.640585272863067,250,236,1,13,10000,10000,0.000999900009999
MovieLens-1M,itemknn,sampled_unseen_negatives_with_target,target_margin,sensitivity,nmax50,joint_effect_primary,lime,random,0.0016730984315407023,0.001340501273728778,0.001551226355037109,0.0018092279753611942,9.999000099990002e-05,1.105429575052089e-75,1.6014449405641824,250,250,0,0,10000,10000,0.000999900009999
MovieLens-1M,itemknn,sampled_unseen_negatives_with_target,target_margin,sensitivity,nmax50,joint_effect_primary,loo,greedy_cf,0.0016811200881929858,0.0016273642100873287,0.0015564491802903758,0.0018067301799688396,9.999000099990002e-05,1.8111358157653425e-71,1.6473112649252397,250,236,0,14,10000,10000,0.000999900009999
MovieLens-1M,itemknn,sampled_unseen_negatives_with_target,target_margin,sensitivity,nmax50,joint_effect_primary,loo,random,0.0016805309226521404,0.0013501786158861052,0.0015555978483793665,0.0018153415221692165,9.999000099990002e-05,1.105429575052089e-75,1.614389472162865,250,250,0,0,10000,10000,0.000999900009999
MovieLens-1M,itemknn,sampled_unseen_negatives_with_target,target_margin,sensitivity,nmax50,joint_effect_primary,greedy_cf,random,-5.891655408454266e-07,-0.00025888735650187453,-0.00014529714988640213,0.00015470182872209885,0.9936006399360064,0.0012130762651629842,-0.0004872654021682115,250,99,151,0,10000,10000,1.0
MovieLens-1M,itemknn,sampled_unseen_negatives_with_target,target_margin,sensitivity,nmax50,joint_effect_ndcg,shapley_mc,lime,-0.00027814419294944237,0.0,-0.0037496447365631645,0.003199691167371765,0.6448355164483551,0.4239501953125,-0.010504013229599832,250,5,9,236,10000,10000,1.0
MovieLens-1M,itemknn,sampled_unseen_negatives_with_target,target_margin,sensitivity,nmax50,joint_effect_ndcg,shapley_mc,loo,5.044842536270467e-06,0.0,-0.003654544320465697,0.004145043612555746,0.9942005799420058,0.7744140625,0.0001686730487128375,250,5,7,238,10000,10000,1.0
MovieLens-1M,itemknn,sampled_unseen_negatives_with_target,target_margin,sensitivity,nmax50,joint_effect_ndcg,shapley_mc,greedy_cf,0.03452152182226231,0.0,0.023510076171120033,0.046277956806667235,9.999000099990002e-05,3.1086244689504383e-15,0.36998094075394267,250,54,1,195,10000,10000,0.000999900009999
MovieLens-1M,itemknn,sampled_unseen_negatives_with_target,target_margin,sensitivity,nmax50,joint_effect_ndcg,shapley_mc,random,0.03189389565387985,0.0,0.022226649527940005,0.04256972797967978,9.999000099990002e-05,3.3881317890172014e-21,0.38704050906470044,250,69,0,181,10000,10000,0.000999900009999
MovieLens-1M,itemknn,sampled_unseen_negatives_with_target,target_margin,sensitivity,nmax50,joint_effect_ndcg,lime,loo,0.0002831890354857129,0.0,-0.0004423427053542289,0.0011042220642279816,0.5247475252474753,0.5078125,0.04538516596771716,250,6,3,241,10000,10000,1.0
MovieLens-1M,itemknn,sampled_unseen_negatives_with_target,target_margin,sensitivity,nmax50,joint_effect_ndcg,lime,greedy_cf,0.034799666015211755,0.0,0.023951653459326875,0.047046142240097746,9.999000099990002e-05,2.295386103412511e-14,0.37538054039433466,250,55,2,193,10000,10000,0.000999900009999
MovieLens-1M,itemknn,sampled_unseen_negatives_with_target,target_margin,sensitivity,nmax50,joint_effect_ndcg,lime,random,0.032172039846829294,0.0,0.02289129739736766,0.042446809925529086,9.999000099990002e-05,1.2027867851011065e-19,0.4021200830465359,250,69,1,180,10000,10000,0.000999900009999
MovieLens-1M,itemknn,sampled_unseen_negatives_with_target,target_margin,sensitivity,nmax50,joint_effect_ndcg,loo,greedy_cf,0.03451647697972604,0.0,0.023613734537673785,0.04640404320581764,9.999000099990002e-05,6.106226635438361e-15,0.3722269155833103,250,53,1,196,10000,10000,0.000999900009999
MovieLens-1M,itemknn,sampled_unseen_negatives_with_target,target_margin,sensitivity,nmax50,joint_effect_ndcg,loo,random,0.03188885081134358,0.0,0.022588917024396204,0.042173113325779304,9.999000099990002e-05,1.6940658945086007e-21,0.40133947937271397,250,70,0,180,10000,10000,0.000999900009999
MovieLens-1M,itemknn,sampled_unseen_negatives_with_target,target_margin,sensitivity,nmax50,joint_effect_ndcg,greedy_cf,random,-0.00262762616838246,0.0,-0.012005388726140048,0.006972285961016063,0.5946405359464053,0.2145391940081784,-0.03402311674199075,250,27,38,185,10000,10000,1.0
MovieLens-1M,itemknn,sampled_unseen_negatives_with_target,target_margin,sensitivity,nmax50,joint_effect_target_margin,shapley_mc,lime,-1.3087175759821619e-05,0.0,-4.4374544289721345e-05,3.6066102838420075e-05,0.8476152384761524,6.797926739267818e-10,-0.037971279468742264,250,42,120,88,10000,10000,1.0
MovieLens-1M,itemknn,sampled_unseen_negatives_with_target,target_margin,sensitivity,nmax50,joint_effect_target_margin,shapley_mc,loo,-2.0519666871259773e-05,-1.1326431171682105e-05,-5.229164024984421e-05,2.830826413992401e-05,0.5076492350764924,1.8594180082240592e-32,-0.05915306030537598,250,9,144,97,10000,10000,1.0
MovieLens-1M,itemknn,sampled_unseen_negatives_with_target,target_margin,sensitivity,nmax50,joint_effect_target_margin,shapley_mc,greedy_cf,0.0016606004213217261,0.0015916291016373374,0.0015278028700621744,0.0018060839555611035,9.999000099990002e-05,3.622271631530685e-71,1.4659832074192456,250,235,0,15,10000,10000,0.000999900009999
MovieLens-1M,itemknn,sampled_unseen_negatives_with_target,target_margin,sensitivity,nmax50,joint_effect_target_margin,shapley_mc,random,0.0016600112557808805,0.001326373385343671,0.0015285300311790912,0.0018008860834513765,9.999000099990002e-05,1.105429575052089e-75,1.516221806279375,250,250,0,0,10000,10000,0.000999900009999
MovieLens-1M,itemknn,sampled_unseen_negatives_with_target,target_margin,sensitivity,nmax50,joint_effect_target_margin,lime,loo,-7.432491111438153e-06,-2.930128100164754e-06,-1.0603294619527844e-05,-3.568101695527068e-06,9.999000099990002e-05,3.0554882002890587e-29,-0.25562238853609354,250,8,129,113,10000,10000,0.000999900009999
MovieLens-1M,itemknn,sampled_unseen_negatives_with_target,target_margin,sensitivity,nmax50,joint_effect_target_margin,lime,greedy_cf,0.0016736875970815477,0.001621243746914286,0.0015508033470314833,0.001805062943861969,9.999000099990002e-05,2.1552516207607575e-69,1.640585272863067,250,236,1,13,10000,10000,0.000999900009999
MovieLens-1M,itemknn,sampled_unseen_negatives_with_target,target_margin,sensitivity,nmax50,joint_effect_target_margin,lime,random,0.0016730984315407023,0.001340501273728778,0.0015495102476079797,0.001808586712118961,9.999000099990002e-05,1.105429575052089e-75,1.6014449405641824,250,250,0,0,10000,10000,0.000999900009999
MovieLens-1M,itemknn,sampled_unseen_negatives_with_target,target_margin,sensitivity,nmax50,joint_effect_target_margin,loo,greedy_cf,0.0016811200881929858,0.0016273642100873287,0.0015574266175100986,0.0018078386661087257,9.999000099990002e-05,1.8111358157653425e-71,1.6473112649252397,250,236,0,14,10000,10000,0.000999900009999
MovieLens-1M,itemknn,sampled_unseen_negatives_with_target,target_margin,sensitivity,nmax50,joint_effect_target_margin,loo,random,0.0016805309226521404,0.0013501786158861052,0.0015572499782469946,0.0018132626253188266,9.999000099990002e-05,1.105429575052089e-75,1.614389472162865,250,250,0,0,10000,10000,0.000999900009999
MovieLens-1M,itemknn,sampled_unseen_negatives_with_target,target_margin,sensitivity,nmax50,joint_effect_target_margin,greedy_cf,random,-5.891655408454266e-07,-0.00025888735650187453,-0.00014456134203810834,0.00015426690515175248,0.9931006899310069,0.0012130762651629842,-0.0004872654021682115,250,99,151,0,10000,10000,1.0
MovieLens-1M,itemknn,sampled_unseen_negatives_with_target,target_margin,sensitivity,nmax50,intervention_success,shapley_mc,lime,0.004,0.0,0.0,0.012,1.0,1.0,0.0632455532033676,250,1,0,249,10000,10000,1.0
MovieLens-1M,itemknn,sampled_unseen_negatives_with_target,target_margin,sensitivity,nmax50,intervention_success,shapley_mc,loo,0.004,0.0,0.0,0.012,1.0,1.0,0.0632455532033676,250,1,0,249,10000,10000,1.0
MovieLens-1M,itemknn,sampled_unseen_negatives_with_target,target_margin,sensitivity,nmax50,intervention_success,shapley_mc,greedy_cf,0.632,1.0,0.572,0.692,9.999000099990002e-05,5.473822126268817e-48,1.3078691597902425,250,158,0,92,10000,10000,0.000999900009999
MovieLens-1M,itemknn,sampled_unseen_negatives_with_target,target_margin,sensitivity,nmax50,intervention_success,shapley_mc,random,0.524,0.6,0.4976,0.5512,9.999000099990002e-05,7.074749280333369e-74,2.3522962201397832,250,244,0,6,10000,10000,0.000999900009999
MovieLens-1M,itemknn,sampled_unseen_negatives_with_target,target_margin,sensitivity,nmax50,intervention_success,lime,loo,0.0,0.0,0.0,0.0,1.0,1.0,0.0,250,0,0,250,10000,10000,1.0
MovieLens-1M,itemknn,sampled_unseen_negatives_with_target,target_margin,sensitivity,nmax50,intervention_success,lime,greedy_cf,0.628,1.0,0.572,0.688,9.999000099990002e-05,1.0947644252537633e-47,1.2966955521010741,250,157,0,93,10000,10000,0.000999900009999
MovieLens-1M,itemknn,sampled_unseen_negatives_with_target,target_margin,sensitivity,nmax50,intervention_success,lime,random,0.52,0.6,0.492,0.548,9.999000099990002e-05,1.7333135736816754e-71,2.2934962393690554,250,243,1,6,10000,10000,0.000999900009999
MovieLens-1M,itemknn,sampled_unseen_negatives_with_target,target_margin,sensitivity,nmax50,intervention_success,loo,greedy_cf,0.628,1.0,0.568,0.688,9.999000099990002e-05,1.0947644252537633e-47,1.2966955521010741,250,157,0,93,10000,10000,0.000999900009999
MovieLens-1M,itemknn,sampled_unseen_negatives_with_target,target_margin,sensitivity,nmax50,intervention_success,loo,random,0.52,0.6,0.492,0.548,9.999000099990002e-05,1.7333135736816754e-71,2.2934962393690554,250,243,1,6,10000,10000,0.000999900009999
MovieLens-1M,itemknn,sampled_unseen_negatives_with_target,target_margin,sensitivity,nmax50,intervention_success,greedy_cf,random,-0.10800000000000001,-0.2,-0.17120000000000002,-0.043200000000000016,0.000999900009999,5.394788561424691e-05,-0.20838301144040097,250,91,155,4,10000,10000,0.003999600039996
MovieLens-1M,itemknn,sampled_unseen_negatives_with_target,target_margin,sensitivity,nmax50,abstention,shapley_mc,lime,-0.004,0.0,-0.012,0.0,1.0,1.0,-0.0632455532033676,250,0,1,249,10000,10000,1.0
MovieLens-1M,itemknn,sampled_unseen_negatives_with_target,target_margin,sensitivity,nmax50,abstention,shapley_mc,loo,-0.004,0.0,-0.012,0.0,1.0,1.0,-0.0632455532033676,250,0,1,249,10000,10000,1.0
MovieLens-1M,itemknn,sampled_unseen_negatives_with_target,target_margin,sensitivity,nmax50,abstention,shapley_mc,greedy_cf,0.0,0.0,0.0,0.0,1.0,1.0,0.0,250,0,0,250,10000,10000,1.0
MovieLens-1M,itemknn,sampled_unseen_negatives_with_target,target_margin,sensitivity,nmax50,abstention,shapley_mc,random,-0.0008,0.0,-0.0024000000000000002,0.0,1.0,1.0,-0.06324555320336757,250,0,1,249,10000,10000,1.0
MovieLens-1M,itemknn,sampled_unseen_negatives_with_target,target_margin,sensitivity,nmax50,abstention,lime,loo,0.0,0.0,0.0,0.0,1.0,1.0,0.0,250,0,0,250,10000,10000,1.0
MovieLens-1M,itemknn,sampled_unseen_negatives_with_target,target_margin,sensitivity,nmax50,abstention,lime,greedy_cf,0.004,0.0,0.0,0.012,1.0,1.0,0.0632455532033676,250,1,0,249,10000,10000,1.0
MovieLens-1M,itemknn,sampled_unseen_negatives_with_target,target_margin,sensitivity,nmax50,abstention,lime,random,0.0032,0.0,0.0,0.009600000000000001,1.0,1.0,0.06324555320336757,250,1,0,249,10000,10000,1.0
MovieLens-1M,itemknn,sampled_unseen_negatives_with_target,target_margin,sensitivity,nmax50,abstention,loo,greedy_cf,0.004,0.0,0.0,0.012,1.0,1.0,0.0632455532033676,250,1,0,249,10000,10000,1.0
MovieLens-1M,itemknn,sampled_unseen_negatives_with_target,target_margin,sensitivity,nmax50,abstention,loo,random,0.0032,0.0,0.0,0.009600000000000001,1.0,1.0,0.06324555320336757,250,1,0,249,10000,10000,1.0
MovieLens-1M,itemknn,sampled_unseen_negatives_with_target,target_margin,sensitivity,nmax50,abstention,greedy_cf,random,-0.0008,0.0,-0.0024000000000000002,0.0,1.0,1.0,-0.06324555320336757,250,0,1,249,10000,10000,1.0
MovieLens-1M,itemknn,sampled_unseen_negatives_with_target,target_margin,sensitivity,nmax50,joint_regret_primary,shapley_mc,lime,1.308717575982161e-05,0.0,-3.578425997025484e-05,4.423110165125954e-05,0.8468153184681532,6.797926739267818e-10,0.03797127946874224,250,120,42,88,10000,10000,1.0
MovieLens-1M,itemknn,sampled_unseen_negatives_with_target,target_margin,sensitivity,nmax50,joint_regret_primary,shapley_mc,loo,2.0519666871259773e-05,1.1326431171682083e-05,-3.0076616487078276e-05,5.233460082559613e-05,0.49675032496750327,1.8594180082240592e-32,0.05915306030537599,250,144,9,97,10000,10000,1.0
MovieLens-1M,itemknn,sampled_unseen_negatives_with_target,target_margin,sensitivity,nmax50,joint_regret_primary,shapley_mc,greedy_cf,-0.0016606004213217246,-0.0015916291016373374,-0.0018034520513014857,-0.0015255348598257725,9.999000099990002e-05,3.622271631530685e-71,-1.465983207419244,250,0,235,15,10000,10000,0.000999900009999
MovieLens-1M,itemknn,sampled_unseen_negatives_with_target,target_margin,sensitivity,nmax50,joint_regret_primary,shapley_mc,random,-0.0016600112557808788,-0.001326373385343671,-0.0017978218954369843,-0.001529371892480499,9.999000099990002e-05,1.105429575052089e-75,-1.5162218062793735,250,0,250,0,10000,10000,0.000999900009999
MovieLens-1M,itemknn,sampled_unseen_negatives_with_target,target_margin,sensitivity,nmax50,joint_regret_primary,lime,loo,7.432491111438155e-06,2.930128100164797e-06,3.4442009320554137e-06,1.0608445039313055e-05,9.999000099990002e-05,3.0554882002890587e-29,0.2556223885361006,250,129,8,113,10000,10000,0.000999900009999
MovieLens-1M,itemknn,sampled_unseen_negatives_with_target,target_margin,sensitivity,nmax50,joint_regret_primary,lime,greedy_cf,-0.0016736875970815462,-0.001621243746914286,-0.0018021681161732091,-0.001549322810728172,9.999000099990002e-05,2.1552516207607575e-69,-1.6405852728630648,250,1,236,13,10000,10000,0.000999900009999
MovieLens-1M,itemknn,sampled_unseen_negatives_with_target,target_margin,sensitivity,nmax50,joint_regret_primary,lime,random,-0.0016730984315407006,-0.001340501273728778,-0.0018068766232711474,-0.0015497995439079887,9.999000099990002e-05,1.105429575052089e-75,-1.60144494056418,250,0,250,0,10000,10000,0.000999900009999
MovieLens-1M,itemknn,sampled_unseen_negatives_with_target,target_margin,sensitivity,nmax50,joint_regret_primary,loo,greedy_cf,-0.0016811200881929845,-0.0016273642100873287,-0.001809318802167622,-0.0015558453128833856,9.999000099990002e-05,1.8111358157653425e-71,-1.6473112649252377,250,0,236,14,10000,10000,0.000999900009999
MovieLens-1M,itemknn,sampled_unseen_negatives_with_target,target_margin,sensitivity,nmax50,joint_regret_primary,loo,random,-0.0016805309226521385,-0.0013501786158861052,-0.0018165969249084935,-0.0015556181547638627,9.999000099990002e-05,1.105429575052089e-75,-1.6143894721628629,250,0,250,0,10000,10000,0.000999900009999
MovieLens-1M,itemknn,sampled_unseen_negatives_with_target,target_margin,sensitivity,nmax50,joint_regret_primary,greedy_cf,random,5.891655408458707e-07,0.00025888735650187453,-0.0001514065691157961,0.00014286549826906695,0.9934006599340066,0.0012130762651629842,0.00048726540216857916,250,151,99,0,10000,10000,1.0
MovieLens-1M,itemknn,sampled_unseen_negatives_with_target,target_margin,sensitivity,nmax50,normalized_regret_primary,shapley_mc,lime,0.02230164660943794,0.0,0.008537939733367339,0.03552301375820792,9.999000099990002e-05,6.797926739267818e-10,0.20954758659113493,250,120,42,88,10000,10000,0.000999900009999
MovieLens-1M,itemknn,sampled_unseen_negatives_with_target,target_margin,sensitivity,nmax50,normalized_regret_primary,shapley_mc,loo,0.029504789683561846,0.010190872268949646,0.015195017922763503,0.043580742479511436,9.999000099990002e-05,1.8594180082240592e-32,0.26128954781118435,250,144,9,97,10000,10000,0.000999900009999
MovieLens-1M,itemknn,sampled_unseen_negatives_with_target,target_margin,sensitivity,nmax50,normalized_regret_primary,shapley_mc,greedy_cf,-1.1303467902671642,-1.2367750989026802,-1.2014721205320358,-1.0590155364314007,9.999000099990002e-05,3.622271631530685e-71,-1.983625967519956,250,0,235,15,10000,10000,0.000999900009999
MovieLens-1M,itemknn,sampled_unseen_negatives_with_target,target_margin,sensitivity,nmax50,normalized_regret_primary,shapley_mc,random,-0.9896966863722674,-0.9918458968789241,-1.0110949949050172,-0.9673680765728232,9.999000099990002e-05,1.105429575052089e-75,-5.48259403608275,250,0,250,0,10000,10000,0.000999900009999
MovieLens-1M,itemknn,sampled_unseen_negatives_with_target,target_margin,sensitivity,nmax50,normalized_regret_primary,lime,loo,0.007203143074123913,0.0020074937922797036,0.004459597145410831,0.009717832180240903,9.999000099990002e-05,3.0554882002890587e-29,0.3395354237894809,250,129,8,113,10000,10000,0.000999900009999
MovieLens-1M,itemknn,sampled_unseen_negatives_with_target,target_margin,sensitivity,nmax50,normalized_regret_primary,lime,greedy_cf,-1.1526484368766023,-1.2523113457265629,-1.2226601017902285,-1.0794329611000795,9.999000099990002e-05,2.1552516207607575e-69,-2.01550068947962,250,1,236,13,10000,10000,0.000999900009999
MovieLens-1M,itemknn,sampled_unseen_negatives_with_target,target_margin,sensitivity,nmax50,normalized_regret_primary,lime,random,-1.0119983329817053,-1.015273734769322,-1.03216994489237,-0.9912010267754193,9.999000099990002e-05,1.105429575052089e-75,-6.140305352943446,250,0,250,0,10000,10000,0.000999900009999
MovieLens-1M,itemknn,sampled_unseen_negatives_with_target,target_margin,sensitivity,nmax50,normalized_regret_primary,loo,greedy_cf,-1.159851579950726,-1.2523113457265629,-1.2315777720622,-1.0884039452117276,9.999000099990002e-05,1.8111358157653425e-71,-2.0119177821184224,250,0,236,14,10000,10000,0.000999900009999
MovieLens-1M,itemknn,sampled_unseen_negatives_with_target,target_margin,sensitivity,nmax50,normalized_regret_primary,loo,random,-1.019201476055829,-1.0264631287818649,-1.0393966082498622,-0.9993897462511026,9.999000099990002e-05,1.105429575052089e-75,-6.286386228020161,250,0,250,0,10000,10000,0.000999900009999
MovieLens-1M,itemknn,sampled_unseen_negatives_with_target,target_margin,sensitivity,nmax50,normalized_regret_primary,greedy_cf,random,0.14065010389489696,0.22019379808148576,0.0690275046951916,0.2128536962290457,0.00019998000199980003,0.0012130762651629842,0.24132245477244593,250,151,99,0,10000,10000,0.000999900009999
MovieLens-1M,itemknn,sampled_unseen_negatives_with_target,target_margin,sensitivity,nmax50,joint_regret_ndcg,shapley_mc,lime,0.0002781441929494426,0.0,-0.0032079240089054406,0.00372642432716758,0.6431356864313569,0.266845703125,0.01050401322959984,250,9,4,237,10000,10000,1.0
MovieLens-1M,itemknn,sampled_unseen_negatives_with_target,target_margin,sensitivity,nmax50,joint_regret_ndcg,shapley_mc,loo,-5.044842536270244e-06,0.0,-0.004161819461710677,0.00365787710373947,0.9944005599440056,0.7744140625,-0.00016867304871283004,250,7,5,238,10000,10000,1.0
MovieLens-1M,itemknn,sampled_unseen_negatives_with_target,target_margin,sensitivity,nmax50,joint_regret_ndcg,shapley_mc,greedy_cf,-0.03452152182226231,0.0,-0.04671881991276224,-0.02360875239407183,9.999000099990002e-05,3.1086244689504383e-15,-0.36998094075394267,250,1,54,195,10000,10000,0.000999900009999
MovieLens-1M,itemknn,sampled_unseen_negatives_with_target,target_margin,sensitivity,nmax50,joint_regret_ndcg,shapley_mc,random,-0.03189389565387985,0.0,-0.04251093965198431,-0.0223256141195975,9.999000099990002e-05,3.3881317890172014e-21,-0.38704050906470044,250,0,69,181,10000,10000,0.000999900009999
MovieLens-1M,itemknn,sampled_unseen_negatives_with_target,target_margin,sensitivity,nmax50,joint_regret_ndcg,lime,loo,-0.0002831890354857128,0.0,-0.0010991184062742858,0.00044100991754938214,0.5286471352864713,0.5078125,-0.045385165967717155,250,3,6,241,10000,10000,1.0
MovieLens-1M,itemknn,sampled_unseen_negatives_with_target,target_margin,sensitivity,nmax50,joint_regret_ndcg,lime,greedy_cf,-0.034799666015211755,0.0,-0.046657593343994774,-0.023941598492651726,9.999000099990002e-05,2.295386103412511e-14,-0.37538054039433466,250,2,55,193,10000,10000,0.000999900009999
MovieLens-1M,itemknn,sampled_unseen_negatives_with_target,target_margin,sensitivity,nmax50,joint_regret_ndcg,lime,random,-0.032172039846829294,0.0,-0.042542781366935116,-0.022519584939730577,9.999000099990002e-05,1.2027867851011065e-19,-0.4021200830465359,250,1,69,180,10000,10000,0.000999900009999
MovieLens-1M,itemknn,sampled_unseen_negatives_with_target,target_margin,sensitivity,nmax50,joint_regret_ndcg,loo,greedy_cf,-0.03451647697972604,0.0,-0.04655356417709371,-0.02365152835514557,9.999000099990002e-05,6.106226635438361e-15,-0.3722269155833103,250,1,53,196,10000,10000,0.000999900009999
MovieLens-1M,itemknn,sampled_unseen_negatives_with_target,target_margin,sensitivity,nmax50,joint_regret_ndcg,loo,random,-0.03188885081134358,0.0,-0.04221050287640736,-0.022573937890532563,9.999000099990002e-05,1.6940658945086007e-21,-0.40133947937271397,250,0,70,180,10000,10000,0.000999900009999
MovieLens-1M,itemknn,sampled_unseen_negatives_with_target,target_margin,sensitivity,nmax50,joint_regret_ndcg,greedy_cf,random,0.0026276261683824604,0.0,-0.00683350992448286,0.012063220071308299,0.5929407059294071,0.2145391940081784,0.034023116741990767,250,38,27,185,10000,10000,1.0
MovieLens-1M,itemknn,sampled_unseen_negatives_with_target,target_margin,sensitivity,nmax50,normalized_regret_ndcg,shapley_mc,lime,0.01809299138459111,0.0,-0.03766228437828402,0.0735708187996565,0.5304469553044695,0.266845703125,0.08145172662548346,61,9,4,48,10000,10000,1.0
MovieLens-1M,itemknn,sampled_unseen_negatives_with_target,target_margin,sensitivity,nmax50,normalized_regret_ndcg,shapley_mc,loo,0.012088449758547332,0.0,-0.03368964475905456,0.060618597665674664,0.6276372362763724,0.7744140625,0.06432988864896205,61,7,5,49,10000,10000,1.0
MovieLens-1M,itemknn,sampled_unseen_negatives_with_target,target_margin,sensitivity,nmax50,normalized_regret_ndcg,shapley_mc,greedy_cf,-1.857464596867438,-1.0,-3.078999902494419,-0.9192732434338396,9.999000099990002e-05,1.3358203432289883e-12,-0.4308397345231508,61,1,45,15,10000,10000,0.000999900009999
MovieLens-1M,itemknn,sampled_unseen_negatives_with_target,target_margin,sensitivity,nmax50,normalized_regret_ndcg,shapley_mc,random,-1.3016575930137904,-0.8079494864421746,-1.8959108933507633,-0.8528071443543922,9.999000099990002e-05,1.3877787807814457e-17,-0.6084943686321918,61,0,57,4,10000,10000,0.000999900009999
MovieLens-1M,itemknn,sampled_unseen_negatives_with_target,target_margin,sensitivity,nmax50,normalized_regret_ndcg,lime,loo,-0.006004541626043781,0.0,-0.034011834287665736,0.02269029070551932,0.7326267373262674,0.5078125,-0.05284815148122651,61,3,6,52,10000,10000,1.0
MovieLens-1M,itemknn,sampled_unseen_negatives_with_target,target_margin,sensitivity,nmax50,normalized_regret_ndcg,lime,greedy_cf,-1.8755575882520288,-1.0,-3.0822388781403998,-0.9492279953814992,9.999000099990002e-05,8.363087999896379e-12,-0.43507918852027283,61,2,46,13,10000,10000,0.000999900009999
MovieLens-1M,itemknn,sampled_unseen_negatives_with_target,target_margin,sensitivity,nmax50,normalized_regret_ndcg,lime,random,-1.3197505843983814,-0.8212583322565742,-1.9187609952481115,-0.8628499477166667,9.999000099990002e-05,4.0939474033052647e-16,-0.6049146560295253,61,1,57,3,10000,10000,0.000999900009999
MovieLens-1M,itemknn,sampled_unseen_negatives_with_target,target_margin,sensitivity,nmax50,normalized_regret_ndcg,loo,greedy_cf,-1.8695530466259853,-1.0,-3.0647949245127637,-0.9216298462246779,9.999000099990002e-05,2.6147972675971687e-12,-0.4335448978461057,61,1,44,16,10000,10000,0.000999900009999
MovieLens-1M,itemknn,sampled_unseen_negatives_with_target,target_margin,sensitivity,nmax50,normalized_regret_ndcg,loo,random,-1.3137460427723378,-0.8212583322565742,-1.9119353457943622,-0.8616104239211106,9.999000099990002e-05,6.938893903907228e-18,-0.6146102399525079,61,0,58,3,10000,10000,0.000999900009999
MovieLens-1M,itemknn,sampled_unseen_negatives_with_target,target_margin,sensitivity,nmax50,normalized_regret_ndcg,greedy_cf,random,0.5558070038536471,0.0,-0.4821610838552025,1.686106311245067,0.34606539346065396,0.2528697301676033,0.1272530333045723,61,29,20,12,10000,10000,1.0
MovieLens-1M,itemknn,sampled_unseen_negatives_with_target,target_margin,sensitivity,nmax50,intervention_success_ndcg,shapley_mc,lime,-0.004799999999999999,0.0,-0.0176,0.008,0.5474452554744526,0.453125,-0.047392548155236955,250,2,5,243,10000,10000,1.0
MovieLens-1M,itemknn,sampled_unseen_negatives_with_target,target_margin,sensitivity,nmax50,intervention_success_ndcg,shapley_mc,loo,-0.007199999999999999,0.0,-0.0176,-0.0007999999999999998,0.12388761123887611,0.125,-0.10256585619599422,250,0,4,246,10000,10000,0.49555044495550443
MovieLens-1M,itemknn,sampled_unseen_negatives_with_target,target_margin,sensitivity,nmax50,intervention_success_ndcg,shapley_mc,greedy_cf,0.1368,0.0,0.09440000000000001,0.18159999999999998,9.999000099990002e-05,5.529727786779404e-10,0.38794949894231595,250,36,1,213,10000,10000,0.000999900009999
MovieLens-1M,itemknn,sampled_unseen_negatives_with_target,target_margin,sensitivity,nmax50,intervention_success_ndcg,shapley_mc,random,0.15360000000000001,0.0,0.116,0.1928,9.999000099990002e-05,4.440892098500626e-16,0.48806633843531505,250,52,0,198,10000,10000,0.000999900009999
MovieLens-1M,itemknn,sampled_unseen_negatives_with_target,target_margin,sensitivity,nmax50,intervention_success_ndcg,lime,loo,-0.0023999999999999994,0.0,-0.0136,0.0064,0.8745125487451255,1.0,-0.031145222572350768,250,2,2,246,10000,10000,1.0
MovieLens-1M,itemknn,sampled_unseen_negatives_with_target,target_margin,sensitivity,nmax50,intervention_success_ndcg,lime,greedy_cf,0.1416,0.0,0.09680000000000001,0.18801999999999972,9.999000099990002e-05,7.839844329282641e-10,0.3850865901506795,250,39,2,209,10000,10000,0.000999900009999
MovieLens-1M,itemknn,sampled_unseen_negatives_with_target,target_margin,sensitivity,nmax50,intervention_success_ndcg,lime,random,0.1584,0.0,0.1192,0.2,9.999000099990002e-05,3.1086244689504383e-15,0.48384030555707686,250,54,1,195,10000,10000,0.000999900009999
MovieLens-1M,itemknn,sampled_unseen_negatives_with_target,target_margin,sensitivity,nmax50,intervention_success_ndcg,loo,greedy_cf,0.144,0.0,0.1,0.192,9.999000099990002e-05,2.837623469531536e-10,0.39666085542589935,250,37,1,212,10000,10000,0.000999900009999
MovieLens-1M,itemknn,sampled_unseen_negatives_with_target,target_margin,sensitivity,nmax50,intervention_success_ndcg,loo,random,0.1608,0.0,0.12160000000000001,0.2016,9.999000099990002e-05,2.220446049250313e-16,0.49481424479194464,250,53,0,197,10000,10000,0.000999900009999
MovieLens-1M,itemknn,sampled_unseen_negatives_with_target,target_margin,sensitivity,nmax50,intervention_success_ndcg,greedy_cf,random,0.016800000000000002,0.0,-0.0104,0.0456,0.2535746425357464,0.34888887944907765,0.07441966778722806,250,17,24,209,10000,10000,0.7607239276072393
MovieLens-1M,itemknn,sampled_unseen_negatives_with_target,target_margin,sensitivity,rho025,aia,shapley_mc,lime,-0.18340774597560686,-0.12447826254997574,-0.2098872400785921,-0.16039364609439785,9.999000099990002e-05,1.7851264507056314e-67,-0.9215090792340289,250,4,246,0,10000,10000,0.000999900009999
MovieLens-1M,itemknn,sampled_unseen_negatives_with_target,target_margin,sensitivity,rho025,aia,shapley_mc,loo,-0.2258012769851325,-0.16598102921015379,-0.25334233413336393,-0.20126972778891605,9.999000099990002e-05,2.7746282333807432e-73,-1.0866717601141356,250,1,249,0,10000,10000,0.000999900009999
MovieLens-1M,itemknn,sampled_unseen_negatives_with_target,target_margin,sensitivity,rho025,aia,shapley_mc,greedy_cf,0.38982869202433845,0.3550269235284692,0.3453640497985044,0.4313346857972296,9.999000099990002e-05,8.081925349642784e-51,1.134372629063962,250,234,16,0,10000,10000,0.000999900009999
MovieLens-1M,itemknn,sampled_unseen_negatives_with_target,target_margin,sensitivity,rho025,aia,shapley_mc,random,0.7714378656351244,0.8018199582373718,0.7457483388700067,0.7957093354930513,9.999000099990002e-05,3.468395834683434e-71,3.7780999131453075,250,248,2,0,10000,10000,0.000999900009999
MovieLens-1M,itemknn,sampled_unseen_negatives_with_target,target_margin,sensitivity,rho025,aia,lime,loo,-0.042393531009525656,-0.030954241767045143,-0.047285426381121105,-0.03792009764873273,9.999000099990002e-05,2.1931722769033444e-72,-1.1105251185666116,250,1,246,3,10000,10000,0.000999900009999
MovieLens-1M,itemknn,sampled_unseen_negatives_with_target,target_margin,sensitivity,rho025,aia,lime,greedy_cf,0.5732364379999452,0.5216680104110675,0.5442062781654659,0.6039170821169212,9.999000099990002e-05,2.210859150104178e-75,2.342137381853396,250,249,0,1,10000,10000,0.000999900009999
MovieLens-1M,itemknn,sampled_unseen_negatives_with_target,target_margin,sensitivity,rho025,aia,lime,random,0.9548456116107312,0.9541748788657839,0.9400145756927892,0.9697152122005008,9.999000099990002e-05,1.105429575052089e-75,8.057248508106738,250,250,0,0,10000,10000,0.000999900009999
MovieLens-1M,itemknn,sampled_unseen_negatives_with_target,target_margin,sensitivity,rho025,aia,loo,greedy_cf,0.6156299690094709,0.5613012937910191,0.5847381191678133,0.6458509620383067,9.999000099990002e-05,2.210859150104178e-75,2.527298941900983,250,249,0,1,10000,10000,0.000999900009999
MovieLens-1M,itemknn,sampled_unseen_negatives_with_target,target_margin,sensitivity,rho025,aia,loo,random,0.9972391426202569,0.9985673878461672,0.9835101739196597,1.0114806249823123,9.999000099990002e-05,1.105429575052089e-75,8.653526911594728,250,250,0,0,10000,10000,0.000999900009999
MovieLens-1M,itemknn,sampled_unseen_negatives_with_target,target_margin,sensitivity,rho025,aia,greedy_cf,random,0.38160917361078595,0.41487201341070845,0.34770521111364566,0.41537026249447945,9.999000099990002e-05,2.3782766514017757e-43,1.3965929986132477,250,227,23,0,10000,10000,0.000999900009999
MovieLens-1M,itemknn,sampled_unseen_negatives_with_target,target_margin,sensitivity,rho025,aia_ndcg,shapley_mc,lime,0.0009896891137882063,0.0,-0.024113603550051044,0.027570601396071027,0.9413058694130587,0.8322577540225791,0.007468516107928539,99,43,46,10,10000,10000,0.9413058694130587
MovieLens-1M,itemknn,sampled_unseen_negatives_with_target,target_margin,sensitivity,rho025,aia_ndcg,shapley_mc,loo,-0.019529201440187147,-0.008481540166770218,-0.04576627275686584,0.008021285601797622,0.16648335166483352,0.019690184799846844,-0.1430012118711179,99,37,61,1,10000,10000,0.33296670332966705
MovieLens-1M,itemknn,sampled_unseen_negatives_with_target,target_margin,sensitivity,rho025,aia_ndcg,shapley_mc,greedy_cf,0.212668806681832,0.2007190280349002,0.15443630532462857,0.27280179683281747,9.999000099990002e-05,4.446306937765536e-10,0.7032294692936946,99,76,17,6,10000,10000,0.000999900009999
MovieLens-1M,itemknn,sampled_unseen_negatives_with_target,target_margin,sensitivity,rho025,aia_ndcg,shapley_mc,random,0.426254830704095,0.47008473996621686,0.37652794570014203,0.47518369484847534,9.999000099990002e-05,1.2388827013668045e-23,1.6990280617581057,99,95,4,0,10000,10000,0.000999900009999
MovieLens-1M,itemknn,sampled_unseen_negatives_with_target,target_margin,sensitivity,rho025,aia_ndcg,lime,loo,-0.02051889055397535,-0.008889574826633995,-0.02956783715908552,-0.011628190459465636,9.999000099990002e-05,3.114061659106967e-05,-0.4432740579834595,99,27,68,4,10000,10000,0.000999900009999
MovieLens-1M,itemknn,sampled_unseen_negatives_with_target,target_margin,sensitivity,rho025,aia_ndcg,lime,greedy_cf,0.21167911756804378,0.22590955383954064,0.14750755674962837,0.27461063424090876,9.999000099990002e-05,1.915369707081593e-09,0.643098669818532,99,75,18,6,10000,10000,0.000999900009999
MovieLens-1M,itemknn,sampled_unseen_negatives_with_target,target_margin,sensitivity,rho025,aia_ndcg,lime,random,0.4252651415903068,0.4726343760829036,0.3735946632709387,0.4771309261928609,9.999000099990002e-05,6.053134256946273e-18,1.6111302774005916,99,90,9,0,10000,10000,0.000999900009999
MovieLens-1M,itemknn,sampled_unseen_negatives_with_target,target_margin,sensitivity,rho025,aia_ndcg,loo,greedy_cf,0.2321980081220191,0.21647952594508646,0.16832441836710932,0.2966120502498797,9.999000099990002e-05,1.2385312683552131e-11,0.7123993913770823,99,81,16,2,10000,10000,0.000999900009999
MovieLens-1M,itemknn,sampled_unseen_negatives_with_target,target_margin,sensitivity,rho025,aia_ndcg,loo,random,0.4457840321442821,0.48100919735082087,0.3929780773995967,0.4949818791555183,9.999000099990002e-05,3.773842968353187e-21,1.7129109198511656,99,93,6,0,10000,10000,0.000999900009999
MovieLens-1M,itemknn,sampled_unseen_negatives_with_target,target_margin,sensitivity,rho025,aia_ndcg,greedy_cf,random,0.21358602402226304,0.22453655975512465,0.1549835200376385,0.27363978765670005,9.999000099990002e-05,2.484126139511977e-06,0.7061263440745232,99,73,26,0,10000,10000,0.000999900009999
MovieLens-1M,itemknn,sampled_unseen_negatives_with_target,target_margin,sensitivity,rho025,faithfulness_alignment,shapley_mc,lime,-0.1955351143980755,-0.13727216860249108,-0.22195425370766592,-0.1719505035803502,9.999000099990002e-05,2.878954254955859e-69,-0.961694049297177,250,3,247,0,10000,10000,0.000999900009999
MovieLens-1M,itemknn,sampled_unseen_negatives_with_target,target_margin,sensitivity,rho025,faithfulness_alignment,shapley_mc,loo,-0.24042263669089675,-0.1792815158712368,-0.2674978746037873,-0.21644118032460313,9.999000099990002e-05,1.105429575052089e-75,-1.1412030116625298,250,0,250,0,10000,10000,0.000999900009999
MovieLens-1M,itemknn,sampled_unseen_negatives_with_target,target_margin,sensitivity,rho025,faithfulness_alignment,shapley_mc,greedy_cf,0.381597720178758,0.3478543680978176,0.34044523319931047,0.4230263898207153,9.999000099990002e-05,1.1178948684685345e-49,1.1212846784005812,250,233,17,0,10000,10000,0.000999900009999
MovieLens-1M,itemknn,sampled_unseen_negatives_with_target,target_margin,sensitivity,rho025,faithfulness_alignment,shapley_mc,random,0.7633885524741703,0.7985999239108383,0.7369987468027466,0.788082053243091,9.999000099990002e-05,2.878954254955859e-69,3.6379319794788594,250,247,3,0,10000,10000,0.000999900009999
MovieLens-1M,itemknn,sampled_unseen_negatives_with_target,target_margin,sensitivity,rho025,faithfulness_alignment,lime,loo,-0.04488752229282124,-0.03402306163269064,-0.04936623826841694,-0.04056155697603766,9.999000099990002e-05,4.421718300208356e-75,-1.2655923551236041,250,0,248,2,10000,10000,0.000999900009999
MovieLens-1M,itemknn,sampled_unseen_negatives_with_target,target_margin,sensitivity,rho025,faithfulness_alignment,lime,greedy_cf,0.5771328345768335,0.5292201207099352,0.5468555483864561,0.6077800202468718,9.999000099990002e-05,2.210859150104178e-75,2.350555696672289,250,249,0,1,10000,10000,0.000999900009999
MovieLens-1M,itemknn,sampled_unseen_negatives_with_target,target_margin,sensitivity,rho025,faithfulness_alignment,lime,random,0.9589236668722457,0.9616458736946227,0.9445474397712551,0.973570044501882,9.999000099990002e-05,1.105429575052089e-75,8.055810009463146,250,250,0,0,10000,10000,0.000999900009999
MovieLens-1M,itemknn,sampled_unseen_negatives_with_target,target_margin,sensitivity,rho025,faithfulness_alignment,loo,greedy_cf,0.6220203568696546,0.5708575085404282,0.5923010023926185,0.6518293370535708,9.999000099990002e-05,2.210859150104178e-75,2.5387271943962832,250,249,0,1,10000,10000,0.000999900009999
MovieLens-1M,itemknn,sampled_unseen_negatives_with_target,target_margin,sensitivity,rho025,faithfulness_alignment,loo,random,1.003811189165067,1.0043397299273749,0.9895768710839251,1.018476436254872,9.999000099990002e-05,1.105429575052089e-75,8.63678542196951,250,250,0,0,10000,10000,0.000999900009999
MovieLens-1M,itemknn,sampled_unseen_negatives_with_target,target_margin,sensitivity,rho025,faithfulness_alignment,greedy_cf,random,0.38179083229541233,0.4115081148477783,0.3476587875970953,0.4156994139683321,9.999000099990002e-05,2.0717206280739678e-46,1.4002085362598171,250,230,20,0,10000,10000,0.000999900009999
MovieLens-1M,itemknn,sampled_unseen_negatives_with_target,target_margin,sensitivity,rho025,actionability_gap,shapley_mc,lime,0.012127368422468665,0.00412497078873113,0.008747747003964733,0.016279592154784292,9.999000099990002e-05,1.3341607802802957e-17,0.39789954263595567,250,159,41,50,10000,10000,0.000999900009999
MovieLens-1M,itemknn,sampled_unseen_negatives_with_target,target_margin,sensitivity,rho025,actionability_gap,shapley_mc,loo,0.014621359705764232,0.0053749817241315005,0.010924836488759379,0.018923531241226997,9.999000099990002e-05,2.905799262417269e-19,0.45213535091998575,250,171,43,36,10000,10000,0.000999900009999
MovieLens-1M,itemknn,sampled_unseen_negatives_with_target,target_margin,sensitivity,rho025,actionability_gap,shapley_mc,greedy_cf,0.008230971845580474,0.0,0.004269025957514612,0.01209371430498835,9.999000099990002e-05,0.0008450699446919163,0.25760349336717675,250,124,76,50,10000,10000,0.000999900009999
MovieLens-1M,itemknn,sampled_unseen_negatives_with_target,target_margin,sensitivity,rho025,actionability_gap,shapley_mc,random,0.008049313160954138,0.0010526315789473398,0.005027176619644465,0.011285490728798747,9.999000099990002e-05,1.3857451572364535e-05,0.3204165043770951,250,131,69,50,10000,10000,0.000999900009999
MovieLens-1M,itemknn,sampled_unseen_negatives_with_target,target_margin,sensitivity,rho025,actionability_gap,lime,loo,0.002493991283295566,1.1102230246251565e-16,0.0006973725631267944,0.0045315914514071475,0.0032996700329967,0.00010581242072765762,0.1590930194815666,250,134,77,39,10000,10000,0.0131986801319868
MovieLens-1M,itemknn,sampled_unseen_negatives_with_target,target_margin,sensitivity,rho025,actionability_gap,lime,greedy_cf,-0.003896396576888191,0.0,-0.008117594294723566,0.00035675126362152423,0.06379362063793621,0.046886467632171476,-0.11708395915520704,250,85,114,51,10000,10000,0.12758724127587243
MovieLens-1M,itemknn,sampled_unseen_negatives_with_target,target_margin,sensitivity,rho025,actionability_gap,lime,random,-0.004078055261514526,0.0,-0.006994016055427206,-0.0014775238961370547,0.0033996600339966003,0.015730990209451384,-0.18294721234001546,250,82,117,51,10000,10000,0.0131986801319868
MovieLens-1M,itemknn,sampled_unseen_negatives_with_target,target_margin,sensitivity,rho025,actionability_gap,loo,greedy_cf,-0.0063903878601837575,-1.1102230246251565e-16,-0.010110183682443166,-0.0030989559874856766,0.00019998000199980003,6.395153672735573e-05,-0.22455791314822054,250,77,136,37,10000,10000,0.000999900009999
MovieLens-1M,itemknn,sampled_unseen_negatives_with_target,target_margin,sensitivity,rho025,actionability_gap,loo,random,-0.006572046544810092,-0.0009674715476836605,-0.009207007916043241,-0.0042363190020067104,9.999000099990002e-05,3.880522653780924e-09,-0.3285684438237363,250,64,150,36,10000,10000,0.000999900009999
MovieLens-1M,itemknn,sampled_unseen_negatives_with_target,target_margin,sensitivity,rho025,actionability_gap,greedy_cf,random,-0.00018165868462633472,0.0,-0.00398549289536732,0.003854055653607512,0.9296070392960704,0.3209904031288928,-0.005724893898184119,250,107,92,51,10000,10000,0.9296070392960704
MovieLens-1M,itemknn,sampled_unseen_negatives_with_target,target_margin,sensitivity,rho025,signed_alignment,shapley_mc,lime,-0.043141950104683434,-0.02739673835729084,-0.04942141003607897,-0.03724205841578831,9.999000099990002e-05,3.878304602953417e-59,-0.8737300972434316,250,9,239,2,10000,10000,0.000999900009999
MovieLens-1M,itemknn,sampled_unseen_negatives_with_target,target_margin,sensitivity,rho025,signed_alignment,shapley_mc,loo,-0.06194839818864308,-0.04487762422255226,-0.06949876229207351,-0.05509988760187838,9.999000099990002e-05,1.1010078567518806e-72,-1.0708427900944584,250,1,247,2,10000,10000,0.000999900009999
MovieLens-1M,itemknn,sampled_unseen_negatives_with_target,target_margin,sensitivity,rho025,signed_alignment,shapley_mc,greedy_cf,0.5806464833121383,0.5246132034220546,0.5416303149950219,0.6208152952109921,9.999000099990002e-05,2.7746282333807432e-73,1.8280103026172676,250,249,1,0,10000,10000,0.000999900009999
MovieLens-1M,itemknn,sampled_unseen_negatives_with_target,target_margin,sensitivity,rho025,signed_alignment,shapley_mc,random,0.9349360024597959,0.944182106196966,0.9197435155763798,0.9497976608237159,9.999000099990002e-05,1.105429575052089e-75,7.641776826353557,250,250,0,0,10000,10000,0.000999900009999
MovieLens-1M,itemknn,sampled_unseen_negatives_with_target,target_margin,sensitivity,rho025,signed_alignment,lime,loo,-0.01880644808395964,-0.012814599774768176,-0.02128951523693455,-0.016532248749834704,9.999000099990002e-05,3.5373746401666845e-74,-0.9730091671848583,250,0,245,5,10000,10000,0.000999900009999
MovieLens-1M,itemknn,sampled_unseen_negatives_with_target,target_margin,sensitivity,rho025,signed_alignment,lime,greedy_cf,0.6237884334168218,0.571832373056606,0.5846529606031003,0.6636461101117237,9.999000099990002e-05,1.105429575052089e-75,1.9440016357425152,250,250,0,0,10000,10000,0.000999900009999
MovieLens-1M,itemknn,sampled_unseen_negatives_with_target,target_margin,sensitivity,rho025,signed_alignment,lime,random,0.9780779525644794,0.9820752798467196,0.9643831784737095,0.9918240647860352,9.999000099990002e-05,1.105429575052089e-75,8.949358271373127,250,250,0,0,10000,10000,0.000999900009999
MovieLens-1M,itemknn,sampled_unseen_negatives_with_target,target_margin,sensitivity,rho025,signed_alignment,loo,greedy_cf,0.6425948815007814,0.5829556092308936,0.6024160930328759,0.681964542874707,9.999000099990002e-05,1.105429575052089e-75,1.9828483104954822,250,250,0,0,10000,10000,0.000999900009999
MovieLens-1M,itemknn,sampled_unseen_negatives_with_target,target_margin,sensitivity,rho025,signed_alignment,loo,random,0.996884400648439,0.9965413533834586,0.9837401634205245,1.0105721412477027,9.999000099990002e-05,1.105429575052089e-75,9.195057181643318,250,250,0,0,10000,10000,0.000999900009999
MovieLens-1M,itemknn,sampled_unseen_negatives_with_target,target_margin,sensitivity,rho025,signed_alignment,greedy_cf,random,0.35428951914765755,0.3949862599058125,0.3131073752523086,0.39615905263683504,9.999000099990002e-05,2.6298497127593032e-28,1.054501192186904,250,209,41,0,10000,10000,0.000999900009999
MovieLens-1M,itemknn,sampled_unseen_negatives_with_target,target_margin,sensitivity,rho025,signed_alignment_ndcg,shapley_mc,lime,-0.0077245043395452965,0.0,-0.015889008422753103,5.163822352527404e-06,0.06179382061793821,0.3556992390814873,-0.18777526753165927,99,33,42,24,10000,10000,0.06179382061793821
MovieLens-1M,itemknn,sampled_unseen_negatives_with_target,target_margin,sensitivity,rho025,signed_alignment_ndcg,shapley_mc,loo,-0.01510452987141381,-0.0052752697095344026,-0.02498727127907233,-0.005774989385101973,0.0022997700229977,2.148435253799241e-05,-0.3062266069338854,99,27,69,3,10000,10000,0.0045995400459954
MovieLens-1M,itemknn,sampled_unseen_negatives_with_target,target_margin,sensitivity,rho025,signed_alignment_ndcg,shapley_mc,greedy_cf,0.31903493358844254,0.2602400194529422,0.2555255741593599,0.3824929591312406,9.999000099990002e-05,2.1688614442545304e-16,0.9747085930882102,99,84,9,6,10000,10000,0.000999900009999
MovieLens-1M,itemknn,sampled_unseen_negatives_with_target,target_margin,sensitivity,rho025,signed_alignment_ndcg,shapley_mc,random,0.6408362168829536,0.6702366451846914,0.5980403751313365,0.6829205181792876,9.999000099990002e-05,3.155443620884047e-28,2.947880697905068,99,98,1,0,10000,10000,0.000999900009999
MovieLens-1M,itemknn,sampled_unseen_negatives_with_target,target_margin,sensitivity,rho025,signed_alignment_ndcg,lime,loo,-0.007380025531868515,-0.0023480575371064294,-0.012003793588383584,-0.003092618322644444,0.0010998900109989002,2.5221536534654515e-06,-0.327790824729066,99,23,68,8,10000,10000,0.0032996700329967006
MovieLens-1M,itemknn,sampled_unseen_negatives_with_target,target_margin,sensitivity,rho025,signed_alignment_ndcg,lime,greedy_cf,0.32675943792798784,0.2602400194529422,0.26225140174071093,0.39356733559560075,9.999000099990002e-05,1.6504649136152465e-19,0.9923557808168025,99,87,6,6,10000,10000,0.000999900009999
MovieLens-1M,itemknn,sampled_unseen_negatives_with_target,target_margin,sensitivity,rho025,signed_alignment_ndcg,lime,random,0.648560721222499,0.6702366451846914,0.6061493420018667,0.6908176452461744,9.999000099990002e-05,3.155443620884047e-28,2.996424738500753,99,98,1,0,10000,10000,0.000999900009999
MovieLens-1M,itemknn,sampled_unseen_negatives_with_target,target_margin,sensitivity,rho025,signed_alignment_ndcg,loo,greedy_cf,0.33413946345985635,0.27650502066875104,0.26995060711668795,0.39990118490228693,9.999000099990002e-05,7.09532095861481e-21,1.014431868964621,99,92,6,1,10000,10000,0.000999900009999
MovieLens-1M,itemknn,sampled_unseen_negatives_with_target,target_margin,sensitivity,rho025,signed_alignment_ndcg,loo,random,0.6559407467543675,0.6792485384692155,0.6115876990701502,0.698410459521136,9.999000099990002e-05,3.155443620884047e-28,3.0288175362283534,99,98,1,0,10000,10000,0.000999900009999
MovieLens-1M,itemknn,sampled_unseen_negatives_with_target,target_margin,sensitivity,rho025,signed_alignment_ndcg,greedy_cf,random,0.3218012832945112,0.34962955530884493,0.2621136874924012,0.3810298939993766,9.999000099990002e-05,8.222851373157007e-13,1.0649305199730872,99,84,15,0,10000,10000,0.000999900009999
MovieLens-1M,itemknn,sampled_unseen_negatives_with_target,target_margin,sensitivity,rho025,direction_accuracy,shapley_mc,lime,-0.08018921387178352,-0.06999999999999995,-0.08993886023599724,-0.07042310455153722,9.999000099990002e-05,1.6729224355531104e-42,-1.026482067247317,250,14,197,39,10000,10000,0.000999900009999
MovieLens-1M,itemknn,sampled_unseen_negatives_with_target,target_margin,sensitivity,rho025,direction_accuracy,shapley_mc,loo,-0.10464249888398496,-0.09999999999999998,-0.11468671441458439,-0.09469339484148463,9.999000099990002e-05,4.972700417992667e-56,-1.2804526886611043,250,4,207,39,10000,10000,0.000999900009999
MovieLens-1M,itemknn,sampled_unseen_negatives_with_target,target_margin,sensitivity,rho025,direction_accuracy,shapley_mc,greedy_cf,0.2842771839959147,0.29999999999999993,0.268200677882489,0.29983739662410175,9.999000099990002e-05,6.640866658129078e-65,2.226480660903441,250,242,5,3,10000,10000,0.000999900009999
MovieLens-1M,itemknn,sampled_unseen_negatives_with_target,target_margin,sensitivity,rho025,direction_accuracy,shapley_mc,random,0.3860749638081217,0.3899999999999999,0.3740987300619916,0.3980036273766653,9.999000099990002e-05,1.105429575052089e-75,3.992424801187518,250,250,0,0,10000,10000,0.000999900009999
MovieLens-1M,itemknn,sampled_unseen_negatives_with_target,target_margin,sensitivity,rho025,direction_accuracy,lime,loo,-0.024453285012201415,-0.010000000000000009,-0.029205553273352034,-0.019883094980870528,9.999000099990002e-05,6.591678161717244e-32,-0.6507311594474807,250,9,142,99,10000,10000,0.000999900009999
MovieLens-1M,itemknn,sampled_unseen_negatives_with_target,target_margin,sensitivity,rho025,direction_accuracy,lime,greedy_cf,0.3644663978676982,0.3642105263157895,0.34818760826772127,0.380596680239609,9.999000099990002e-05,1.1010078567518806e-72,2.7808633098361253,250,247,1,2,10000,10000,0.000999900009999
MovieLens-1M,itemknn,sampled_unseen_negatives_with_target,target_margin,sensitivity,rho025,direction_accuracy,lime,random,0.46626417767990525,0.47058823529411764,0.4581991679583746,0.4742479993221433,9.999000099990002e-05,1.105429575052089e-75,7.108539104671865,250,250,0,0,10000,10000,0.000999900009999
MovieLens-1M,itemknn,sampled_unseen_negatives_with_target,target_margin,sensitivity,rho025,direction_accuracy,loo,greedy_cf,0.3889196828798996,0.4,0.3733287764566015,0.4043781051469171,9.999000099990002e-05,4.421718300208356e-75,3.108027746249533,250,248,0,2,10000,10000,0.000999900009999
MovieLens-1M,itemknn,sampled_unseen_negatives_with_target,target_margin,sensitivity,rho025,direction_accuracy,loo,random,0.49071746269210664,0.49,0.48364187698206507,0.49768975063077614,9.999000099990002e-05,1.105429575052089e-75,8.640748263981365,250,250,0,0,10000,10000,0.000999900009999
MovieLens-1M,itemknn,sampled_unseen_negatives_with_target,target_margin,sensitivity,rho025,direction_accuracy,greedy_cf,random,0.10179777981220704,0.08999999999999997,0.08578848330762803,0.11828666643495822,9.999000099990002e-05,4.461198706473292e-20,0.7758330021419194,250,194,53,3,10000,10000,0.000999900009999
MovieLens-1M,itemknn,sampled_unseen_negatives_with_target,target_margin,sensitivity,rho025,direction_accuracy_ndcg,shapley_mc,lime,-0.0020009620009620015,0.0,-0.012318121693121693,0.00710600048100048,0.7121287871212879,1.0,-0.04020773571139746,99,8,9,82,10000,10000,1.0
MovieLens-1M,itemknn,sampled_unseen_negatives_with_target,target_margin,sensitivity,rho025,direction_accuracy_ndcg,shapley_mc,loo,-0.0037133237133237127,0.0,-0.015220157928491266,0.0067532667949334645,0.5294470552944706,0.803619384765625,-0.06753526233909532,99,7,9,83,10000,10000,1.0
MovieLens-1M,itemknn,sampled_unseen_negatives_with_target,target_margin,sensitivity,rho025,direction_accuracy_ndcg,shapley_mc,greedy_cf,0.21519913307792096,0.19999999999999996,0.15662258336500762,0.27223697094151644,9.999000099990002e-05,3.914123197106857e-10,0.7182852629801099,99,59,9,31,10000,10000,0.000999900009999
MovieLens-1M,itemknn,sampled_unseen_negatives_with_target,target_margin,sensitivity,rho025,direction_accuracy_ndcg,shapley_mc,random,0.4685212094303004,0.4714285714285714,0.43569724103057433,0.4995715468594256,9.999000099990002e-05,1.5622601366996918e-26,2.851977411176447,99,97,2,0,10000,10000,0.000999900009999
MovieLens-1M,itemknn,sampled_unseen_negatives_with_target,target_margin,sensitivity,rho025,direction_accuracy_ndcg,lime,loo,-0.0017123617123617112,0.0,-0.008277316818983485,0.005350649350649346,0.640935906409359,0.3876953125,-0.04861258168604963,99,4,8,87,10000,10000,1.0
MovieLens-1M,itemknn,sampled_unseen_negatives_with_target,target_margin,sensitivity,rho025,direction_accuracy_ndcg,lime,greedy_cf,0.21720009507888297,0.19999999999999996,0.15759809382536658,0.2757809541748935,9.999000099990002e-05,3.914123197106857e-10,0.7335325105912999,99,59,9,31,10000,10000,0.000999900009999
MovieLens-1M,itemknn,sampled_unseen_negatives_with_target,target_margin,sensitivity,rho025,direction_accuracy_ndcg,lime,random,0.47052217143126235,0.4833333333333333,0.4376495036949583,0.5014206273524455,9.999000099990002e-05,3.155443620884047e-28,2.8820114593784103,99,98,1,0,10000,10000,0.000999900009999
MovieLens-1M,itemknn,sampled_unseen_negatives_with_target,target_margin,sensitivity,rho025,direction_accuracy_ndcg,loo,greedy_cf,0.21891245679124466,0.19999999999999996,0.16169434311479766,0.27749230217033244,9.999000099990002e-05,2.2444496451277593e-10,0.7406574544833885,99,60,9,30,10000,10000,0.000999900009999
MovieLens-1M,itemknn,sampled_unseen_negatives_with_target,target_margin,sensitivity,rho025,direction_accuracy_ndcg,loo,random,0.4722345331436241,0.4833333333333333,0.4412577178713543,0.5017799620413257,9.999000099990002e-05,3.155443620884047e-28,3.015928374620374,99,98,1,0,10000,10000,0.000999900009999
MovieLens-1M,itemknn,sampled_unseen_negatives_with_target,target_margin,sensitivity,rho025,direction_accuracy_ndcg,greedy_cf,random,0.2533220763523794,0.25454545454545463,0.20184721591539778,0.3047656456898882,9.999000099990002e-05,1.2385312683552131e-11,0.9649192821596446,99,81,16,2,10000,10000,0.000999900009999
MovieLens-1M,itemknn,sampled_unseen_negatives_with_target,target_margin,sensitivity,rho025,top1_precision,shapley_mc,lime,-0.1328,0.0,-0.176,-0.09040000000000001,9.999000099990002e-05,1.8461183606763278e-08,-0.3873278025875986,250,20,74,156,10000,10000,0.000999900009999
MovieLens-1M,itemknn,sampled_unseen_negatives_with_target,target_margin,sensitivity,rho025,top1_precision,shapley_mc,loo,-0.21359999999999996,0.0,-0.26639999999999997,-0.1624,9.999000099990002e-05,3.673235528056121e-18,-0.5036074690202367,250,8,88,154,10000,10000,0.000999900009999
MovieLens-1M,itemknn,sampled_unseen_negatives_with_target,target_margin,sensitivity,rho025,top1_precision,shapley_mc,greedy_cf,0.6064,0.8,0.5496,0.6624000000000001,9.999000099990002e-05,6.431757703145298e-49,1.3416184492652852,250,173,2,75,10000,10000,0.000999900009999
MovieLens-1M,itemknn,sampled_unseen_negatives_with_target,target_margin,sensitivity,rho025,top1_precision,shapley_mc,random,0.6824,0.8,0.6287999999999999,0.7335999999999999,9.999000099990002e-05,2.856524927052611e-43,1.6363714950165407,250,203,15,32,10000,10000,0.000999900009999
MovieLens-1M,itemknn,sampled_unseen_negatives_with_target,target_margin,sensitivity,rho025,top1_precision,lime,loo,-0.08079999999999998,0.0,-0.116,-0.04639999999999999,9.999000099990002e-05,3.085035609438902e-08,-0.2850433618074637,250,9,51,190,10000,10000,0.000999900009999
MovieLens-1M,itemknn,sampled_unseen_negatives_with_target,target_margin,sensitivity,rho025,top1_precision,lime,greedy_cf,0.7392000000000001,1.0,0.6888000000000001,0.7864000000000001,9.999000099990002e-05,4.025513007866426e-60,1.8717389597841725,250,205,1,44,10000,10000,0.000999900009999
MovieLens-1M,itemknn,sampled_unseen_negatives_with_target,target_margin,sensitivity,rho025,top1_precision,lime,random,0.8152,1.0,0.776,0.8512000000000001,9.999000099990002e-05,1.441058186617505e-62,2.6809582820345783,250,234,5,11,10000,10000,0.000999900009999
MovieLens-1M,itemknn,sampled_unseen_negatives_with_target,target_margin,sensitivity,rho025,top1_precision,loo,greedy_cf,0.82,1.0,0.768,0.868,9.999000099990002e-05,2.022479965304871e-60,2.0746207879710807,250,206,1,43,10000,10000,0.000999900009999
MovieLens-1M,itemknn,sampled_unseen_negatives_with_target,target_margin,sensitivity,rho025,top1_precision,loo,random,0.896,1.0,0.8632000000000001,0.924,9.999000099990002e-05,7.89082115703587e-65,3.6150869362278626,250,237,4,9,10000,10000,0.000999900009999
MovieLens-1M,itemknn,sampled_unseen_negatives_with_target,target_margin,sensitivity,rho025,top1_precision,greedy_cf,random,0.076,0.0,0.032799999999999996,0.12079999999999999,0.0011998800119988001,0.03752953363441315,0.2108316717639127,250,32,52,166,10000,10000,0.0011998800119988001
MovieLens-1M,itemknn,sampled_unseen_negatives_with_target,target_margin,sensitivity,rho025,top3_precision,shapley_mc,lime,-0.10506666666666668,-0.06666666666666665,-0.124,-0.08693333333333333,9.999000099990002e-05,5.175862923123505e-22,-0.6980965525712663,250,19,132,99,10000,10000,0.000999900009999
MovieLens-1M,itemknn,sampled_unseen_negatives_with_target,target_margin,sensitivity,rho025,top3_precision,shapley_mc,loo,-0.17466666666666675,-0.13333333333333341,-0.19813333333333338,-0.15200000000000005,9.999000099990002e-05,8.205758237740989e-41,-0.9355369867798169,250,5,159,86,10000,10000,0.000999900009999
MovieLens-1M,itemknn,sampled_unseen_negatives_with_target,target_margin,sensitivity,rho025,top3_precision,shapley_mc,greedy_cf,0.5000000000000001,0.5999999999999999,0.4634666666666667,0.5365333333333333,9.999000099990002e-05,6.084901604001878e-60,1.6878463744995635,250,225,5,20,10000,10000,0.000999900009999
MovieLens-1M,itemknn,sampled_unseen_negatives_with_target,target_margin,sensitivity,rho025,top3_precision,shapley_mc,random,0.6506666666666666,0.6666666666666665,0.6255999999999999,0.6754666666666667,9.999000099990002e-05,1.105429575052089e-75,3.2172149965056134,250,250,0,0,10000,10000,0.000999900009999
MovieLens-1M,itemknn,sampled_unseen_negatives_with_target,target_margin,sensitivity,rho025,top3_precision,lime,loo,-0.06960000000000002,0.0,-0.0842666666666667,-0.055733333333333364,9.999000099990002e-05,3.593419195462753e-26,-0.6053868023263662,250,3,100,147,10000,10000,0.000999900009999
MovieLens-1M,itemknn,sampled_unseen_negatives_with_target,target_margin,sensitivity,rho025,top3_precision,lime,greedy_cf,0.6050666666666666,0.6666666666666667,0.5690666666666666,0.6405333333333333,9.999000099990002e-05,1.0044921461397742e-66,2.07374420124927,250,233,2,15,10000,10000,0.000999900009999
MovieLens-1M,itemknn,sampled_unseen_negatives_with_target,target_margin,sensitivity,rho025,top3_precision,lime,random,0.7557333333333334,0.8,0.7346666666666667,0.7762666666666667,9.999000099990002e-05,5.5271478752604446e-73,4.483514045559709,250,248,1,1,10000,10000,0.000999900009999
MovieLens-1M,itemknn,sampled_unseen_negatives_with_target,target_margin,sensitivity,rho025,top3_precision,loo,greedy_cf,0.6746666666666667,0.6666666666666667,0.6373333333333334,0.712,9.999000099990002e-05,7.24454326306137e-71,2.2260166932593655,250,234,0,16,10000,10000,0.000999900009999
MovieLens-1M,itemknn,sampled_unseen_negatives_with_target,target_margin,sensitivity,rho025,top3_precision,loo,random,0.8253333333333334,0.8666666666666667,0.8074666666666667,0.8408000000000002,9.999000099990002e-05,5.5271478752604446e-73,6.043422451220514,250,248,1,1,10000,10000,0.000999900009999
MovieLens-1M,itemknn,sampled_unseen_negatives_with_target,target_margin,sensitivity,rho025,top3_precision,greedy_cf,random,0.15066666666666667,0.1333333333333333,0.11386666666666666,0.188,9.999000099990002e-05,4.410233423687013e-05,0.5046374714520915,250,148,85,17,10000,10000,0.000999900009999
MovieLens-1M,itemknn,sampled_unseen_negatives_with_target,target_margin,sensitivity,rho025,top5_precision,shapley_mc,lime,-0.06938666666666665,0.0,-0.084588,-0.05445333333333333,9.999000099990002e-05,7.15959349419407e-13,-0.563076691987063,250,35,124,91,10000,10000,0.000999900009999
MovieLens-1M,itemknn,sampled_unseen_negatives_with_target,target_margin,sensitivity,rho025,top5_precision,shapley_mc,loo,-0.12746666666666664,-0.1200000000000001,-0.14543999999999999,-0.10927866666666668,9.999000099990002e-05,3.2450801290609794e-35,-0.8664977978988521,250,9,154,87,10000,10000,0.000999900009999
MovieLens-1M,itemknn,sampled_unseen_negatives_with_target,target_margin,sensitivity,rho025,top5_precision,shapley_mc,greedy_cf,0.4325333333333334,0.4,0.4,0.4651746666666667,9.999000099990002e-05,4.184537918316863e-60,1.628062580766985,250,230,6,14,10000,10000,0.000999900009999
MovieLens-1M,itemknn,sampled_unseen_negatives_with_target,target_margin,sensitivity,rho025,top5_precision,shapley_mc,random,0.5757866666666668,0.6,0.5549853333333333,0.5964813333333333,9.999000099990002e-05,1.105429575052089e-75,3.4467874639900833,250,250,0,0,10000,10000,0.000999900009999
MovieLens-1M,itemknn,sampled_unseen_negatives_with_target,target_margin,sensitivity,rho025,top5_precision,lime,loo,-0.05808,0.0,-0.06831999999999999,-0.048159999999999994,9.999000099990002e-05,6.501235288164661e-26,-0.7064380905785776,250,9,120,121,10000,10000,0.000999900009999
MovieLens-1M,itemknn,sampled_unseen_negatives_with_target,target_margin,sensitivity,rho025,top5_precision,lime,greedy_cf,0.50192,0.5199999999999999,0.46991999999999995,0.533924,9.999000099990002e-05,2.6082630986389487e-66,1.92174289111996,250,237,3,10,10000,10000,0.000999900009999
MovieLens-1M,itemknn,sampled_unseen_negatives_with_target,target_margin,sensitivity,rho025,top5_precision,lime,random,0.6451733333333333,0.6799999999999999,0.6264520000000001,0.66304,9.999000099990002e-05,3.468395834683434e-71,4.294802592135199,250,248,2,0,10000,10000,0.000999900009999
MovieLens-1M,itemknn,sampled_unseen_negatives_with_target,target_margin,sensitivity,rho025,top5_precision,loo,greedy_cf,0.56,0.6,0.5256000000000001,0.5936,9.999000099990002e-05,4.527839539413356e-72,2.025136160999609,250,238,0,12,10000,10000,0.000999900009999
MovieLens-1M,itemknn,sampled_unseen_negatives_with_target,target_margin,sensitivity,rho025,top5_precision,loo,random,0.7032533333333333,0.72,0.6858653333333334,0.7202159999999999,9.999000099990002e-05,3.468395834683434e-71,5.00057774686299,250,248,2,0,10000,10000,0.000999900009999
MovieLens-1M,itemknn,sampled_unseen_negatives_with_target,target_margin,sensitivity,rho025,top5_precision,greedy_cf,random,0.14325333333333334,0.16,0.11109200000000001,0.1757866666666667,9.999000099990002e-05,6.102259572900525e-10,0.5446170079971623,250,169,73,8,10000,10000,0.000999900009999
MovieLens-1M,itemknn,sampled_unseen_negatives_with_target,target_margin,sensitivity,rho025,joint_effect_primary,shapley_mc,lime,-6.999419060658124e-05,0.0,-0.00011156386981817048,-9.96335058887032e-06,9.999000099990002e-05,1.4522538371319374e-15,-0.1689686452434166,250,20,107,123,10000,10000,0.000999900009999
MovieLens-1M,itemknn,sampled_unseen_negatives_with_target,target_margin,sensitivity,rho025,joint_effect_primary,shapley_mc,loo,-7.89705118366749e-05,0.0,-0.00012135145508064519,-1.989024184640547e-05,9.999000099990002e-05,2.0703656210246182e-19,-0.18799260786802854,250,16,114,120,10000,10000,0.000999900009999
MovieLens-1M,itemknn,sampled_unseen_negatives_with_target,target_margin,sensitivity,rho025,joint_effect_primary,shapley_mc,greedy_cf,0.0032013612574532174,0.002958973736258058,0.002921253690047452,0.003488054071353784,9.999000099990002e-05,4.636507688359277e-69,1.4041860236541586,250,228,0,22,10000,10000,0.000999900009999
MovieLens-1M,itemknn,sampled_unseen_negatives_with_target,target_margin,sensitivity,rho025,joint_effect_primary,shapley_mc,random,0.003680812260420143,0.003563855256972498,0.0034754791515186254,0.003896190174264317,9.999000099990002e-05,1.105429575052089e-75,2.181219421299244,250,250,0,0,10000,10000,0.000999900009999
MovieLens-1M,itemknn,sampled_unseen_negatives_with_target,target_margin,sensitivity,rho025,joint_effect_primary,lime,loo,-8.976321230093644e-06,0.0,-1.5870574804811606e-05,-2.3865353923175425e-06,0.007999200079992,1.9730209111390334e-06,-0.16305492036914454,250,18,60,172,10000,10000,0.007999200079992
MovieLens-1M,itemknn,sampled_unseen_negatives_with_target,target_margin,sensitivity,rho025,joint_effect_primary,lime,greedy_cf,0.0032713554480597986,0.0030346019860188534,0.0030071206473058307,0.00354870763686752,9.999000099990002e-05,2.6775831900274823e-67,1.4957222808865498,250,229,1,20,10000,10000,0.000999900009999
MovieLens-1M,itemknn,sampled_unseen_negatives_with_target,target_margin,sensitivity,rho025,joint_effect_primary,lime,random,0.0037508064510267244,0.0036577860981154564,0.003562003731372537,0.00395170791466201,9.999000099990002e-05,1.105429575052089e-75,2.378798586670979,250,250,0,0,10000,10000,0.000999900009999
MovieLens-1M,itemknn,sampled_unseen_negatives_with_target,target_margin,sensitivity,rho025,joint_effect_primary,loo,greedy_cf,0.0032803317692898923,0.0030426826170608656,0.00300816919914046,0.0035560959066022416,9.999000099990002e-05,2.6775831900274823e-67,1.4982515749637508,250,229,1,20,10000,10000,0.000999900009999
MovieLens-1M,itemknn,sampled_unseen_negatives_with_target,target_margin,sensitivity,rho025,joint_effect_primary,loo,random,0.003759782772256818,0.00366648545659729,0.0035701666104916803,0.003960488138182508,9.999000099990002e-05,1.105429575052089e-75,2.3859509116018947,250,250,0,0,10000,10000,0.000999900009999
MovieLens-1M,itemknn,sampled_unseen_negatives_with_target,target_margin,sensitivity,rho025,joint_effect_primary,greedy_cf,random,0.00047945100296692606,0.00025353368793745723,0.00016364718199511565,0.0007905175242815561,0.0028997100289971,0.11366557945973885,0.18786489931321032,250,138,112,0,10000,10000,0.0057994200579942
MovieLens-1M,itemknn,sampled_unseen_negatives_with_target,target_margin,sensitivity,rho025,joint_effect_ndcg,shapley_mc,lime,-0.0007397482622822428,0.0,-0.004036218277601961,0.0026577313853925477,0.6973302669733027,0.6476058959960938,-0.027487593622005344,250,8,11,231,10000,10000,1.0
MovieLens-1M,itemknn,sampled_unseen_negatives_with_target,target_margin,sensitivity,rho025,joint_effect_ndcg,shapley_mc,loo,-0.0010353288927430978,0.0,-0.004457222596982572,0.002505726466635302,0.5914408559144085,0.359283447265625,-0.036818970286040656,250,7,12,231,10000,10000,1.0
MovieLens-1M,itemknn,sampled_unseen_negatives_with_target,target_margin,sensitivity,rho025,joint_effect_ndcg,shapley_mc,greedy_cf,0.05836170530196374,0.0,0.044022849902755956,0.07350151691825912,9.999000099990002e-05,3.091670257478196e-20,0.4866833128786093,250,71,1,178,10000,10000,0.000999900009999
MovieLens-1M,itemknn,sampled_unseen_negatives_with_target,target_margin,sensitivity,rho025,joint_effect_ndcg,shapley_mc,random,0.06414190266434908,0.0,0.05134242090398447,0.07785412608766451,9.999000099990002e-05,3.6281438664344504e-29,0.609522093624815,250,106,2,142,10000,10000,0.000999900009999
MovieLens-1M,itemknn,sampled_unseen_negatives_with_target,target_margin,sensitivity,rho025,joint_effect_ndcg,lime,loo,-0.0002955806304608549,0.0,-0.002229215482225446,0.0015500586215526995,0.5855414458554145,0.34375,-0.020116009239310603,250,3,7,240,10000,10000,1.0
MovieLens-1M,itemknn,sampled_unseen_negatives_with_target,target_margin,sensitivity,rho025,joint_effect_ndcg,lime,greedy_cf,0.05910145356424599,0.0,0.04433960877946967,0.07474585197108793,9.999000099990002e-05,3.091670257478196e-20,0.48069450500582916,250,71,1,178,10000,10000,0.000999900009999
MovieLens-1M,itemknn,sampled_unseen_negatives_with_target,target_margin,sensitivity,rho025,joint_effect_ndcg,lime,random,0.06488165092663133,0.0,0.05183703153932257,0.07858347844764982,9.999000099990002e-05,1.2944899305885702e-27,0.5944325373560523,250,105,3,142,10000,10000,0.000999900009999
MovieLens-1M,itemknn,sampled_unseen_negatives_with_target,target_margin,sensitivity,rho025,joint_effect_ndcg,loo,greedy_cf,0.059397034194706835,0.0,0.044423402940860585,0.07563142998383643,9.999000099990002e-05,3.091670257478196e-20,0.48124886846282555,250,71,1,178,10000,10000,0.000999900009999
MovieLens-1M,itemknn,sampled_unseen_negatives_with_target,target_margin,sensitivity,rho025,joint_effect_ndcg,loo,random,0.06517723155709217,0.0,0.05196328230814216,0.07934228574121854,9.999000099990002e-05,1.2944899305885702e-27,0.5944716946757956,250,105,3,142,10000,10000,0.000999900009999
MovieLens-1M,itemknn,sampled_unseen_negatives_with_target,target_margin,sensitivity,rho025,joint_effect_ndcg,greedy_cf,random,0.005780197362385341,0.0,-0.006139246595603969,0.01787634444634757,0.35156484351564843,0.27601389249250197,0.06003442460648726,250,57,45,148,10000,10000,1.0
MovieLens-1M,itemknn,sampled_unseen_negatives_with_target,target_margin,sensitivity,rho025,joint_effect_target_margin,shapley_mc,lime,-6.999419060658124e-05,0.0,-0.00011123774486805704,-1.1237476968218469e-05,0.00019998000199980003,1.4522538371319374e-15,-0.1689686452434166,250,20,107,123,10000,10000,0.000999900009999
MovieLens-1M,itemknn,sampled_unseen_negatives_with_target,target_margin,sensitivity,rho025,joint_effect_target_margin,shapley_mc,loo,-7.89705118366749e-05,0.0,-0.00012133306523135718,-1.9659753541272514e-05,9.999000099990002e-05,2.0703656210246182e-19,-0.18799260786802854,250,16,114,120,10000,10000,0.000999900009999
MovieLens-1M,itemknn,sampled_unseen_negatives_with_target,target_margin,sensitivity,rho025,joint_effect_target_margin,shapley_mc,greedy_cf,0.0032013612574532174,0.002958973736258058,0.0029244912607399955,0.0034914764199720145,9.999000099990002e-05,4.636507688359277e-69,1.4041860236541586,250,228,0,22,10000,10000,0.000999900009999
MovieLens-1M,itemknn,sampled_unseen_negatives_with_target,target_margin,sensitivity,rho025,joint_effect_target_margin,shapley_mc,random,0.003680812260420143,0.003563855256972498,0.0034790418353848897,0.0038895341805289473,9.999000099990002e-05,1.105429575052089e-75,2.181219421299244,250,250,0,0,10000,10000,0.000999900009999
MovieLens-1M,itemknn,sampled_unseen_negatives_with_target,target_margin,sensitivity,rho025,joint_effect_target_margin,lime,loo,-8.976321230093644e-06,0.0,-1.585500124447485e-05,-2.2307407158290437e-06,0.009099090090990901,1.9730209111390334e-06,-0.16305492036914454,250,18,60,172,10000,10000,0.009099090090990901
MovieLens-1M,itemknn,sampled_unseen_negatives_with_target,target_margin,sensitivity,rho025,joint_effect_target_margin,lime,greedy_cf,0.0032713554480597986,0.0030346019860188534,0.003008838767540285,0.0035457227908755693,9.999000099990002e-05,2.6775831900274823e-67,1.4957222808865498,250,229,1,20,10000,10000,0.000999900009999
MovieLens-1M,itemknn,sampled_unseen_negatives_with_target,target_margin,sensitivity,rho025,joint_effect_target_margin,lime,random,0.0037508064510267244,0.0036577860981154564,0.0035645528630704275,0.003950983061080076,9.999000099990002e-05,1.105429575052089e-75,2.378798586670979,250,250,0,0,10000,10000,0.000999900009999
MovieLens-1M,itemknn,sampled_unseen_negatives_with_target,target_margin,sensitivity,rho025,joint_effect_target_margin,loo,greedy_cf,0.0032803317692898923,0.0030426826170608656,0.003009211043462068,0.0035590741362465286,9.999000099990002e-05,2.6775831900274823e-67,1.4982515749637508,250,229,1,20,10000,10000,0.000999900009999
MovieLens-1M,itemknn,sampled_unseen_negatives_with_target,target_margin,sensitivity,rho025,joint_effect_target_margin,loo,random,0.003759782772256818,0.00366648545659729,0.0035659734881796313,0.0039602915269832855,9.999000099990002e-05,1.105429575052089e-75,2.3859509116018947,250,250,0,0,10000,10000,0.000999900009999
MovieLens-1M,itemknn,sampled_unseen_negatives_with_target,target_margin,sensitivity,rho025,joint_effect_target_margin,greedy_cf,random,0.00047945100296692606,0.00025353368793745723,0.00016411389215375988,0.0007907894703085795,0.0024997500249975004,0.11366557945973885,0.18786489931321032,250,138,112,0,10000,10000,0.004999500049995001
MovieLens-1M,itemknn,sampled_unseen_negatives_with_target,target_margin,sensitivity,rho025,intervention_success,shapley_mc,lime,0.004,0.0,0.0,0.012,1.0,1.0,0.0632455532033676,250,1,0,249,10000,10000,1.0
MovieLens-1M,itemknn,sampled_unseen_negatives_with_target,target_margin,sensitivity,rho025,intervention_success,shapley_mc,loo,0.004,0.0,0.0,0.012,1.0,1.0,0.0632455532033676,250,1,0,249,10000,10000,1.0
MovieLens-1M,itemknn,sampled_unseen_negatives_with_target,target_margin,sensitivity,rho025,intervention_success,shapley_mc,greedy_cf,0.5,0.5,0.44,0.564,9.999000099990002e-05,4.70197740328915e-38,0.9979979959899719,250,125,0,125,10000,10000,0.000999900009999
MovieLens-1M,itemknn,sampled_unseen_negatives_with_target,target_margin,sensitivity,rho025,intervention_success,shapley_mc,random,0.5312,0.6,0.504,0.5591999999999999,9.999000099990002e-05,8.843436600416711e-75,2.386488215190905,250,247,0,3,10000,10000,0.000999900009999
MovieLens-1M,itemknn,sampled_unseen_negatives_with_target,target_margin,sensitivity,rho025,intervention_success,lime,loo,0.0,0.0,0.0,0.0,1.0,1.0,0.0,250,0,0,250,10000,10000,1.0
MovieLens-1M,itemknn,sampled_unseen_negatives_with_target,target_margin,sensitivity,rho025,intervention_success,lime,greedy_cf,0.496,0.0,0.436,0.56,9.999000099990002e-05,9.4039548065783e-38,0.9900456939911796,250,124,0,126,10000,10000,0.000999900009999
MovieLens-1M,itemknn,sampled_unseen_negatives_with_target,target_margin,sensitivity,rho025,intervention_success,lime,random,0.5272,0.6,0.4992,0.5552,9.999000099990002e-05,2.1931722769033444e-72,2.3257029897600154,250,246,1,3,10000,10000,0.000999900009999
MovieLens-1M,itemknn,sampled_unseen_negatives_with_target,target_margin,sensitivity,rho025,intervention_success,loo,greedy_cf,0.496,0.0,0.436,0.556,9.999000099990002e-05,9.4039548065783e-38,0.9900456939911796,250,124,0,126,10000,10000,0.000999900009999
MovieLens-1M,itemknn,sampled_unseen_negatives_with_target,target_margin,sensitivity,rho025,intervention_success,loo,random,0.5272,0.6,0.4992,0.556,9.999000099990002e-05,2.1931722769033444e-72,2.3257029897600154,250,246,1,3,10000,10000,0.000999900009999
MovieLens-1M,itemknn,sampled_unseen_negatives_with_target,target_margin,sensitivity,rho025,intervention_success,greedy_cf,random,0.03119999999999999,0.09999999999999998,-0.04,0.1008,0.39746025397460255,0.8483609021957906,0.054758323196873834,250,125,121,4,10000,10000,1.0
MovieLens-1M,itemknn,sampled_unseen_negatives_with_target,target_margin,sensitivity,rho025,abstention,shapley_mc,lime,-0.004,0.0,-0.012,0.0,1.0,1.0,-0.0632455532033676,250,0,1,249,10000,10000,1.0
MovieLens-1M,itemknn,sampled_unseen_negatives_with_target,target_margin,sensitivity,rho025,abstention,shapley_mc,loo,-0.004,0.0,-0.012,0.0,1.0,1.0,-0.0632455532033676,250,0,1,249,10000,10000,1.0
MovieLens-1M,itemknn,sampled_unseen_negatives_with_target,target_margin,sensitivity,rho025,abstention,shapley_mc,greedy_cf,0.0,0.0,0.0,0.0,1.0,1.0,0.0,250,0,0,250,10000,10000,1.0
MovieLens-1M,itemknn,sampled_unseen_negatives_with_target,target_margin,sensitivity,rho025,abstention,shapley_mc,random,-0.0008,0.0,-0.0024000000000000002,0.0,1.0,1.0,-0.06324555320336757,250,0,1,249,10000,10000,1.0
MovieLens-1M,itemknn,sampled_unseen_negatives_with_target,target_margin,sensitivity,rho025,abstention,lime,loo,0.0,0.0,0.0,0.0,1.0,1.0,0.0,250,0,0,250,10000,10000,1.0
MovieLens-1M,itemknn,sampled_unseen_negatives_with_target,target_margin,sensitivity,rho025,abstention,lime,greedy_cf,0.004,0.0,0.0,0.012,1.0,1.0,0.0632455532033676,250,1,0,249,10000,10000,1.0
MovieLens-1M,itemknn,sampled_unseen_negatives_with_target,target_margin,sensitivity,rho025,abstention,lime,random,0.0032,0.0,0.0,0.009600000000000001,1.0,1.0,0.06324555320336757,250,1,0,249,10000,10000,1.0
MovieLens-1M,itemknn,sampled_unseen_negatives_with_target,target_margin,sensitivity,rho025,abstention,loo,greedy_cf,0.004,0.0,0.0,0.012,1.0,1.0,0.0632455532033676,250,1,0,249,10000,10000,1.0
MovieLens-1M,itemknn,sampled_unseen_negatives_with_target,target_margin,sensitivity,rho025,abstention,loo,random,0.0032,0.0,0.0,0.009600000000000001,1.0,1.0,0.06324555320336757,250,1,0,249,10000,10000,1.0
MovieLens-1M,itemknn,sampled_unseen_negatives_with_target,target_margin,sensitivity,rho025,abstention,greedy_cf,random,-0.0008,0.0,-0.0024000000000000002,0.0,1.0,1.0,-0.06324555320336757,250,0,1,249,10000,10000,1.0
MovieLens-1M,itemknn,sampled_unseen_negatives_with_target,target_margin,sensitivity,rho025,joint_regret_primary,shapley_mc,lime,6.999419060658124e-05,0.0,1.1429527061398903e-05,0.00011170975503865269,9.999000099990002e-05,1.4522538371319374e-15,0.1689686452434166,250,107,20,123,10000,10000,0.000999900009999
MovieLens-1M,itemknn,sampled_unseen_negatives_with_target,target_margin,sensitivity,rho025,joint_regret_primary,shapley_mc,loo,7.89705118366749e-05,0.0,1.963027598516216e-05,0.00012261019586851219,9.999000099990002e-05,2.0703656210246182e-19,0.18799260786802854,250,114,16,120,10000,10000,0.000999900009999
MovieLens-1M,itemknn,sampled_unseen_negatives_with_target,target_margin,sensitivity,rho025,joint_regret_primary,shapley_mc,greedy_cf,-0.003201361257453217,-0.002958973736258058,-0.0034877107439986524,-0.0029281018189210774,9.999000099990002e-05,4.636507688359277e-69,-1.4041860236541586,250,0,228,22,10000,10000,0.000999900009999
MovieLens-1M,itemknn,sampled_unseen_negatives_with_target,target_margin,sensitivity,rho025,joint_regret_primary,shapley_mc,random,-0.003680812260420143,-0.003563855256972498,-0.003893342322251445,-0.003474444867393806,9.999000099990002e-05,1.105429575052089e-75,-2.1812194212992444,250,0,250,0,10000,10000,0.000999900009999
MovieLens-1M,itemknn,sampled_unseen_negatives_with_target,target_margin,sensitivity,rho025,joint_regret_primary,lime,loo,8.976321230093642e-06,0.0,2.411395130932932e-06,1.580755533972071e-05,0.007899210078992101,1.9730209111390334e-06,0.1630549203691445,250,60,18,172,10000,10000,0.007899210078992101
MovieLens-1M,itemknn,sampled_unseen_negatives_with_target,target_margin,sensitivity,rho025,joint_regret_primary,lime,greedy_cf,-0.003271355448059798,-0.0030346019860188534,-0.0035457531017575776,-0.0030041107016997707,9.999000099990002e-05,2.6775831900274823e-67,-1.49572228088655,250,1,229,20,10000,10000,0.000999900009999
MovieLens-1M,itemknn,sampled_unseen_negatives_with_target,target_margin,sensitivity,rho025,joint_regret_primary,lime,random,-0.0037508064510267244,-0.0036577860981154564,-0.003953188097241392,-0.003558437360002236,9.999000099990002e-05,1.105429575052089e-75,-2.3787985866709795,250,0,250,0,10000,10000,0.000999900009999
MovieLens-1M,itemknn,sampled_unseen_negatives_with_target,target_margin,sensitivity,rho025,joint_regret_primary,loo,greedy_cf,-0.003280331769289892,-0.0030426826170608656,-0.0035612814662444353,-0.0030104490853665716,9.999000099990002e-05,2.6775831900274823e-67,-1.4982515749637508,250,1,229,20,10000,10000,0.000999900009999
MovieLens-1M,itemknn,sampled_unseen_negatives_with_target,target_margin,sensitivity,rho025,joint_regret_primary,loo,random,-0.003759782772256818,-0.00366648545659729,-0.00396225044297576,-0.0035714996844512627,9.999000099990002e-05,1.105429575052089e-75,-2.385950911601895,250,0,250,0,10000,10000,0.000999900009999
MovieLens-1M,itemknn,sampled_unseen_negatives_with_target,target_margin,sensitivity,rho025,joint_regret_primary,greedy_cf,random,-0.000479451002966926,-0.00025353368793745723,-0.0007992800595620403,-0.00016906251259049264,0.0022997700229977,0.11366557945973885,-0.1878648993132103,250,112,138,0,10000,10000,0.0045995400459954
MovieLens-1M,itemknn,sampled_unseen_negatives_with_target,target_margin,sensitivity,rho025,normalized_regret_primary,shapley_mc,lime,0.030610735469540906,0.0,0.017230332569484585,0.043241736032767944,9.999000099990002e-05,1.4522538371319374e-15,0.29067416561072085,250,107,20,123,10000,10000,0.000999900009999
MovieLens-1M,itemknn,sampled_unseen_negatives_with_target,target_margin,sensitivity,rho025,normalized_regret_primary,shapley_mc,loo,0.03305276280471858,0.0,0.019000690905194396,0.04661603601799497,9.999000099990002e-05,2.0703656210246182e-19,0.3029451577209415,250,114,16,120,10000,10000,0.000999900009999
MovieLens-1M,itemknn,sampled_unseen_negatives_with_target,target_margin,sensitivity,rho025,normalized_regret_primary,shapley_mc,greedy_cf,-0.9615711218565639,-0.9251758930991745,-1.0335187151071228,-0.8868758048186048,9.999000099990002e-05,4.636507688359277e-69,-1.6268661139164613,250,0,228,22,10000,10000,0.000999900009999
MovieLens-1M,itemknn,sampled_unseen_negatives_with_target,target_margin,sensitivity,rho025,normalized_regret_primary,shapley_mc,random,-1.015790176278262,-0.9998250084758972,-1.0473257684893655,-0.9846901937929624,9.999000099990002e-05,1.105429575052089e-75,-4.014704745075679,250,0,250,0,10000,10000,0.000999900009999
MovieLens-1M,itemknn,sampled_unseen_negatives_with_target,target_margin,sensitivity,rho025,normalized_regret_primary,lime,loo,0.002442027335177679,0.0,-0.0006914458532153033,0.005493256172353663,0.133986601339866,1.9730209111390334e-06,0.09632943492608012,250,60,18,172,10000,10000,0.267973202679732
MovieLens-1M,itemknn,sampled_unseen_negatives_with_target,target_margin,sensitivity,rho025,normalized_regret_primary,lime,greedy_cf,-0.9921818573261049,-0.9993353397360627,-1.0650505819146843,-0.9199519863773529,9.999000099990002e-05,2.6775831900274823e-67,-1.6778161674434358,250,1,229,20,10000,10000,0.000999900009999
MovieLens-1M,itemknn,sampled_unseen_negatives_with_target,target_margin,sensitivity,rho025,normalized_regret_primary,lime,random,-1.046400911747803,-1.0211839290043203,-1.0757202363950311,-1.018201400412593,9.999000099990002e-05,1.105429575052089e-75,-4.502658414947924,250,0,250,0,10000,10000,0.000999900009999
MovieLens-1M,itemknn,sampled_unseen_negatives_with_target,target_margin,sensitivity,rho025,normalized_regret_primary,loo,greedy_cf,-0.9946238846612827,-0.9906736885771117,-1.0683071189353295,-0.9222833480673834,9.999000099990002e-05,2.6775831900274823e-67,-1.6784064031951083,250,1,229,20,10000,10000,0.000999900009999
MovieLens-1M,itemknn,sampled_unseen_negatives_with_target,target_margin,sensitivity,rho025,normalized_regret_primary,loo,random,-1.0488429390829808,-1.0211839290043203,-1.0777724040841874,-1.0204378964964689,9.999000099990002e-05,1.105429575052089e-75,-4.5332787165370245,250,0,250,0,10000,10000,0.000999900009999
MovieLens-1M,itemknn,sampled_unseen_negatives_with_target,target_margin,sensitivity,rho025,normalized_regret_primary,greedy_cf,random,-0.05421905442169822,-0.07443153825813759,-0.13217815787705212,0.023402003521579607,0.1775822417758224,0.11366557945973885,-0.08680246234812883,250,112,138,0,10000,10000,0.267973202679732
MovieLens-1M,itemknn,sampled_unseen_negatives_with_target,target_margin,sensitivity,rho025,joint_regret_ndcg,shapley_mc,lime,0.0007397482622822426,0.0,-0.0027952299764297766,0.004047989561635221,0.686031396860314,0.6476058959960938,0.027487593622005337,250,11,8,231,10000,10000,1.0
MovieLens-1M,itemknn,sampled_unseen_negatives_with_target,target_margin,sensitivity,rho025,joint_regret_ndcg,shapley_mc,loo,0.0010353288927430978,0.0,-0.0025331242104741276,0.004416072728915579,0.5936406359364064,0.359283447265625,0.036818970286040656,250,12,7,231,10000,10000,1.0
MovieLens-1M,itemknn,sampled_unseen_negatives_with_target,target_margin,sensitivity,rho025,joint_regret_ndcg,shapley_mc,greedy_cf,-0.05836170530196374,0.0,-0.07381404944923818,-0.044010046039473304,9.999000099990002e-05,3.091670257478196e-20,-0.4866833128786093,250,1,71,178,10000,10000,0.000999900009999
MovieLens-1M,itemknn,sampled_unseen_negatives_with_target,target_margin,sensitivity,rho025,joint_regret_ndcg,shapley_mc,random,-0.06414190266434908,0.0,-0.0775223924069748,-0.05163953809295656,9.999000099990002e-05,3.6281438664344504e-29,-0.609522093624815,250,2,106,142,10000,10000,0.000999900009999
MovieLens-1M,itemknn,sampled_unseen_negatives_with_target,target_margin,sensitivity,rho025,joint_regret_ndcg,lime,loo,0.00029558063046085506,0.0,-0.0015644388475187882,0.002267960715990581,0.5808419158084192,0.34375,0.020116009239310617,250,7,3,240,10000,10000,1.0
MovieLens-1M,itemknn,sampled_unseen_negatives_with_target,target_margin,sensitivity,rho025,joint_regret_ndcg,lime,greedy_cf,-0.05910145356424598,0.0,-0.07496436168443857,-0.04451597130748481,9.999000099990002e-05,3.091670257478196e-20,-0.4806945050058291,250,1,71,178,10000,10000,0.000999900009999
MovieLens-1M,itemknn,sampled_unseen_negatives_with_target,target_margin,sensitivity,rho025,joint_regret_ndcg,lime,random,-0.06488165092663133,0.0,-0.07881474306919174,-0.05193244797278232,9.999000099990002e-05,1.2944899305885702e-27,-0.5944325373560523,250,3,105,142,10000,10000,0.000999900009999
MovieLens-1M,itemknn,sampled_unseen_negatives_with_target,target_margin,sensitivity,rho025,joint_regret_ndcg,loo,greedy_cf,-0.059397034194706835,0.0,-0.07502483925257598,-0.04467515477771562,9.999000099990002e-05,3.091670257478196e-20,-0.48124886846282555,250,1,71,178,10000,10000,0.000999900009999
MovieLens-1M,itemknn,sampled_unseen_negatives_with_target,target_margin,sensitivity,rho025,joint_regret_ndcg,loo,random,-0.06517723155709217,0.0,-0.07950218466674566,-0.05202420807706326,9.999000099990002e-05,1.2944899305885702e-27,-0.5944716946757955,250,3,105,142,10000,10000,0.000999900009999
MovieLens-1M,itemknn,sampled_unseen_negatives_with_target,target_margin,sensitivity,rho025,joint_regret_ndcg,greedy_cf,random,-0.005780197362385342,0.0,-0.017767022461104048,0.006037219461389878,0.34526547345265474,0.27601389249250197,-0.06003442460648727,250,45,57,148,10000,10000,1.0
MovieLens-1M,itemknn,sampled_unseen_negatives_with_target,target_margin,sensitivity,rho025,normalized_regret_ndcg,shapley_mc,lime,0.012628379859745307,0.0,-0.019944329557584267,0.04401949039521595,0.44415558444155584,0.6476058959960938,0.07896794784737586,98,11,8,79,10000,10000,0.7703229677032297
MovieLens-1M,itemknn,sampled_unseen_negatives_with_target,target_margin,sensitivity,rho025,normalized_regret_ndcg,shapley_mc,loo,0.025033296957057777,0.0,-0.01233697735506776,0.06251132647139328,0.19888011198880112,0.359283447265625,0.13290724939748585,98,12,7,79,10000,10000,0.7703229677032297
MovieLens-1M,itemknn,sampled_unseen_negatives_with_target,target_margin,sensitivity,rho025,normalized_regret_ndcg,shapley_mc,greedy_cf,-0.8295853544083934,-0.7691952168643181,-1.1247057495706858,-0.6023904029438087,9.999000099990002e-05,4.675621868843738e-19,-0.6232423213694133,98,1,67,30,10000,10000,0.000999900009999
MovieLens-1M,itemknn,sampled_unseen_negatives_with_target,target_margin,sensitivity,rho025,normalized_regret_ndcg,shapley_mc,random,-1.089658104428198,-0.8,-1.4241262978342892,-0.8376965663534044,9.999000099990002e-05,1.1755920753965606e-25,-0.7176781034220784,98,2,94,2,10000,10000,0.000999900009999
MovieLens-1M,itemknn,sampled_unseen_negatives_with_target,target_margin,sensitivity,rho025,normalized_regret_ndcg,lime,loo,0.012404917097312469,0.0,-0.004535214319834029,0.03233701840528046,0.2243775622437756,0.34375,0.13034093633631882,98,7,3,88,10000,10000,0.7703229677032297
MovieLens-1M,itemknn,sampled_unseen_negatives_with_target,target_margin,sensitivity,rho025,normalized_regret_ndcg,lime,greedy_cf,-0.8422137342681387,-0.779325495742917,-1.1365910798957606,-0.6115364341147732,9.999000099990002e-05,4.675621868843738e-19,-0.6263808974610616,98,1,67,30,10000,10000,0.000999900009999
MovieLens-1M,itemknn,sampled_unseen_negatives_with_target,target_margin,sensitivity,rho025,normalized_regret_ndcg,lime,random,-1.1022864842879432,-0.8,-1.4370552532541694,-0.8465799446190407,9.999000099990002e-05,3.7243574839549574e-24,-0.7204976720602397,98,3,93,2,10000,10000,0.000999900009999
MovieLens-1M,itemknn,sampled_unseen_negatives_with_target,target_margin,sensitivity,rho025,normalized_regret_ndcg,loo,greedy_cf,-0.8546186513654512,-0.8188528296399042,-1.153229521375189,-0.6223174162441019,9.999000099990002e-05,4.675621868843738e-19,-0.6359922388313105,98,1,67,30,10000,10000,0.000999900009999
MovieLens-1M,itemknn,sampled_unseen_negatives_with_target,target_margin,sensitivity,rho025,normalized_regret_ndcg,loo,random,-1.1146914013852558,-0.8123433612228221,-1.45612110746917,-0.8588619770887788,9.999000099990002e-05,3.7243574839549574e-24,-0.7279190909267115,98,3,93,2,10000,10000,0.000999900009999
MovieLens-1M,itemknn,sampled_unseen_negatives_with_target,target_margin,sensitivity,rho025,normalized_regret_ndcg,greedy_cf,random,-0.2600727500198047,0.0,-0.657175790019153,0.08559996776062649,0.19258074192580743,0.5942882951469399,-0.13642588685607093,98,41,47,10,10000,10000,0.7703229677032297
MovieLens-1M,itemknn,sampled_unseen_negatives_with_target,target_margin,sensitivity,rho025,intervention_success_ndcg,shapley_mc,lime,0.0008000000000000003,0.0,-0.007199999999999999,0.009600000000000001,1.0,1.0,0.012624797094617756,250,1,1,248,10000,10000,1.0
MovieLens-1M,itemknn,sampled_unseen_negatives_with_target,target_margin,sensitivity,rho025,intervention_success_ndcg,shapley_mc,loo,-0.0015999999999999996,0.0,-0.0112,0.007200000000000001,1.0,1.0,-0.021654712043163177,250,1,2,247,10000,10000,1.0
MovieLens-1M,itemknn,sampled_unseen_negatives_with_target,target_margin,sensitivity,rho025,intervention_success_ndcg,shapley_mc,greedy_cf,0.21439999999999998,0.0,0.1648,0.2680199999999997,9.999000099990002e-05,8.049116928532385e-16,0.5131434929431409,250,56,1,193,10000,10000,0.000999900009999
MovieLens-1M,itemknn,sampled_unseen_negatives_with_target,target_margin,sensitivity,rho025,intervention_success_ndcg,shapley_mc,random,0.264,0.0,0.21680000000000002,0.31120000000000003,9.999000099990002e-05,1.7282743364816433e-24,0.6865707540091963,250,90,2,158,10000,10000,0.000999900009999
MovieLens-1M,itemknn,sampled_unseen_negatives_with_target,target_margin,sensitivity,rho025,intervention_success_ndcg,lime,loo,-0.0024,0.0,-0.007199999999999999,0.0,1.0,1.0,-0.06324555320336758,250,0,1,249,10000,10000,1.0
MovieLens-1M,itemknn,sampled_unseen_negatives_with_target,target_margin,sensitivity,rho025,intervention_success_ndcg,lime,greedy_cf,0.21359999999999998,0.0,0.16319999999999998,0.2656,9.999000099990002e-05,1.582067810090848e-15,0.5095575393880198,250,55,1,194,10000,10000,0.000999900009999
MovieLens-1M,itemknn,sampled_unseen_negatives_with_target,target_margin,sensitivity,rho025,intervention_success_ndcg,lime,random,0.2632,0.0,0.2152,0.312,9.999000099990002e-05,5.244963240504083e-23,0.6758670665647522,250,89,3,158,10000,10000,0.000999900009999
MovieLens-1M,itemknn,sampled_unseen_negatives_with_target,target_margin,sensitivity,rho025,intervention_success_ndcg,loo,greedy_cf,0.216,0.0,0.164,0.268,9.999000099990002e-05,1.582067810090848e-15,0.5118882614448002,250,55,1,194,10000,10000,0.000999900009999
MovieLens-1M,itemknn,sampled_unseen_negatives_with_target,target_margin,sensitivity,rho025,intervention_success_ndcg,loo,random,0.2656,0.0,0.21919999999999998,0.31360000000000005,9.999000099990002e-05,5.244963240504083e-23,0.677357872884545,250,89,3,158,10000,10000,0.000999900009999
MovieLens-1M,itemknn,sampled_unseen_negatives_with_target,target_margin,sensitivity,rho025,intervention_success_ndcg,greedy_cf,random,0.0496,0.0,0.010399999999999996,0.0896,0.0156984301569843,1.0,0.15437354732058017,250,35,36,179,10000,10000,0.0627937206279372
MovieLens-1M,profile,full_unseen_catalogue,target_margin,full_catalogue,full_catalogue,aia,shapley_mc,lime,-0.17131676179341815,-0.1584962406015037,-0.18288166732751251,-0.16070528344720297,9.999000099990002e-05,1.105429575052089e-75,-1.9159149000240254,250,0,250,0,10000,10000,0.000999900009999
MovieLens-1M,profile,full_unseen_catalogue,target_margin,full_catalogue,full_catalogue,aia,shapley_mc,loo,-0.18940044263270278,-0.1733834586466167,-0.2017114474070821,-0.17830873096356695,9.999000099990002e-05,1.105429575052089e-75,-2.033313476702103,250,0,250,0,10000,10000,0.000999900009999
MovieLens-1M,profile,full_unseen_catalogue,target_margin,full_catalogue,full_catalogue,aia,shapley_mc,greedy_cf,0.5157686862363642,0.5263157894736843,0.49490403938115546,0.5374076893349169,9.999000099990002e-05,3.468395834683434e-71,3.0443302572332986,250,248,2,0,10000,10000,0.000999900009999
MovieLens-1M,profile,full_unseen_catalogue,target_margin,full_catalogue,full_catalogue,aia,shapley_mc,random,0.8060113963229752,0.8204511278195488,0.7886051331331208,0.8228472242813945,9.999000099990002e-05,1.105429575052089e-75,5.702587654229476,250,250,0,0,10000,10000,0.000999900009999
MovieLens-1M,profile,full_unseen_catalogue,target_margin,full_catalogue,full_catalogue,aia,lime,loo,-0.01808368083928463,-0.012932330827067795,-0.0212006625350914,-0.01545070347763698,9.999000099990002e-05,4.421718300208356e-75,-0.774790296184742,250,0,248,2,10000,10000,0.000999900009999
MovieLens-1M,profile,full_unseen_catalogue,target_margin,full_catalogue,full_catalogue,aia,lime,greedy_cf,0.6870854480297823,0.670827067669173,0.6670416687017832,0.7070758971786727,9.999000099990002e-05,1.105429575052089e-75,4.232687141721583,250,250,0,0,10000,10000,0.000999900009999
MovieLens-1M,profile,full_unseen_catalogue,target_margin,full_catalogue,full_catalogue,aia,lime,random,0.9773281581163933,0.990375939849624,0.9631254828896592,0.9912199237449856,9.999000099990002e-05,1.105429575052089e-75,8.511738304545045,250,250,0,0,10000,10000,0.000999900009999
MovieLens-1M,profile,full_unseen_catalogue,target_margin,full_catalogue,full_catalogue,aia,loo,greedy_cf,0.705169128869067,0.6833429728166571,0.6860600233223948,0.7244823442264651,9.999000099990002e-05,1.105429575052089e-75,4.575585577732455,250,250,0,0,10000,10000,0.000999900009999
MovieLens-1M,profile,full_unseen_catalogue,target_margin,full_catalogue,full_catalogue,aia,loo,random,0.9954118389556781,1.0027067669172933,0.9817932985074781,1.0088825839501057,9.999000099990002e-05,1.105429575052089e-75,9.128637747256576,250,250,0,0,10000,10000,0.000999900009999
MovieLens-1M,profile,full_unseen_catalogue,target_margin,full_catalogue,full_catalogue,aia,greedy_cf,random,0.290242710086611,0.30616541353383453,0.26744500462901394,0.31228069636606937,9.999000099990002e-05,2.5252663870669353e-58,1.6079262848896578,250,240,10,0,10000,10000,0.000999900009999
MovieLens-1M,profile,full_unseen_catalogue,target_margin,full_catalogue,full_catalogue,aia_ndcg,shapley_mc,lime,-0.0073897719697579856,-0.03311330892662609,-0.07663272291555055,0.07622311400073883,1.0,1.0,-0.07782797352625054,4,1,2,1,10000,10000,1.0
MovieLens-1M,profile,full_unseen_catalogue,target_margin,full_catalogue,full_catalogue,aia_ndcg,shapley_mc,loo,-0.017200965876301405,-0.0331133089266261,-0.07000959368719042,0.05152000498491231,0.6282371762823717,0.625,-0.23464252013181033,4,1,3,0,10000,10000,1.0
MovieLens-1M,profile,full_unseen_catalogue,target_margin,full_catalogue,full_catalogue,aia_ndcg,shapley_mc,greedy_cf,-0.18446879193976928,-0.2127938220794283,-0.2913943138961001,-0.05824065578956207,0.24847515248475152,0.625,-1.2762143189446866,4,1,3,0,10000,10000,1.0
MovieLens-1M,profile,full_unseen_catalogue,target_margin,full_catalogue,full_catalogue,aia_ndcg,shapley_mc,random,0.09281585934669899,0.18783148481170558,-0.19962033878409832,0.2948701801362872,0.6252374762523748,0.625,0.3026000395262034,4,3,1,0,10000,10000,1.0
MovieLens-1M,profile,full_unseen_catalogue,target_margin,full_catalogue,full_catalogue,aia_ndcg,lime,loo,-0.00981119390654342,-0.00946094540760746,-0.029433581719630238,0.009460945407607446,0.5074492550744926,1.0,-0.39284706935535046,4,1,2,1,10000,10000,1.0
MovieLens-1M,profile,full_unseen_catalogue,target_margin,full_catalogue,full_catalogue,aia_ndcg,lime,greedy_cf,-0.1770790199700113,-0.1441996968246671,-0.2698345423173991,-0.10628314003284695,0.1257874212578742,0.125,-1.7400446331787283,4,0,4,0,10000,10000,1.0
MovieLens-1M,profile,full_unseen_catalogue,target_margin,full_catalogue,full_catalogue,aia_ndcg,lime,random,0.10020563131645699,0.125978305835671,-0.13434121780071162,0.32798348906291325,0.6239376062393761,0.625,0.34259801165138537,4,3,1,0,10000,10000,1.0
MovieLens-1M,profile,full_unseen_catalogue,target_margin,full_catalogue,full_catalogue,aia_ndcg,loo,greedy_cf,-0.16726782606346788,-0.14562204457148517,-0.256354298079397,-0.09612169762736758,0.12788721127887212,0.125,-1.6893394072548213,4,0,4,0,10000,10000,1.0
MovieLens-1M,profile,full_unseen_catalogue,target_margin,full_catalogue,full_catalogue,aia_ndcg,loo,random,0.1100168252230004,0.15506163905636527,-0.1296107450969079,0.32798348906291325,0.35836416358364165,0.625,0.38504523354401193,4,3,1,0,10000,10000,1.0
MovieLens-1M,profile,full_unseen_catalogue,target_margin,full_catalogue,full_catalogue,aia_ndcg,greedy_cf,random,0.2772846512864683,0.3142603543336374,0.016627470394667804,0.5379418321782687,0.2465753424657534,0.625,0.8842087905901764,4,3,1,0,10000,10000,1.0
MovieLens-1M,profile,full_unseen_catalogue,target_margin,full_catalogue,full_catalogue,faithfulness_alignment,shapley_mc,lime,-0.17861036348584336,-0.16075187969924815,-0.1911962742881473,-0.1666119327184683,9.999000099990002e-05,1.105429575052089e-75,-1.8007588912193666,250,0,250,0,10000,10000,0.000999900009999
MovieLens-1M,profile,full_unseen_catalogue,target_margin,full_catalogue,full_catalogue,faithfulness_alignment,shapley_mc,loo,-0.19725111322114425,-0.17443609022556394,-0.2110447981456109,-0.18440167071679614,9.999000099990002e-05,1.105429575052089e-75,-1.8169019209425639,250,0,250,0,10000,10000,0.000999900009999
MovieLens-1M,profile,full_unseen_catalogue,target_margin,full_catalogue,full_catalogue,faithfulness_alignment,shapley_mc,greedy_cf,0.5120222062973145,0.5257142857142856,0.4900436109942689,0.5338261821589143,9.999000099990002e-05,3.6166777508175347e-64,2.8658299101247793,250,244,6,0,10000,10000,0.000999900009999
MovieLens-1M,profile,full_unseen_catalogue,target_margin,full_catalogue,full_catalogue,faithfulness_alignment,shapley_mc,random,0.8027386959995628,0.81593984962406,0.783929022095036,0.820941558480735,9.999000099990002e-05,1.105429575052089e-75,5.411421237058769,250,250,0,0,10000,10000,0.000999900009999
MovieLens-1M,profile,full_unseen_catalogue,target_margin,full_catalogue,full_catalogue,faithfulness_alignment,lime,loo,-0.018640749735300898,-0.01323308270676693,-0.021644046039100286,-0.015962717505404882,9.999000099990002e-05,4.421718300208356e-75,-0.8130870838787593,250,0,248,2,10000,10000,0.000999900009999
MovieLens-1M,profile,full_unseen_catalogue,target_margin,full_catalogue,full_catalogue,faithfulness_alignment,lime,greedy_cf,0.6906325697831579,0.6708270676691729,0.6720030150757393,0.7099552576262744,9.999000099990002e-05,1.105429575052089e-75,4.4456309852828015,250,250,0,0,10000,10000,0.000999900009999
MovieLens-1M,profile,full_unseen_catalogue,target_margin,full_catalogue,full_catalogue,faithfulness_alignment,lime,random,0.9813490594854061,0.9888721804511278,0.9676993385505104,0.995282309247512,9.999000099990002e-05,1.105429575052089e-75,8.800464622992822,250,250,0,0,10000,10000,0.000999900009999
MovieLens-1M,profile,full_unseen_catalogue,target_margin,full_catalogue,full_catalogue,faithfulness_alignment,loo,greedy_cf,0.709273319518459,0.6833082706766918,0.6913955211104684,0.7277503214252208,9.999000099990002e-05,1.105429575052089e-75,4.765832107458833,250,250,0,0,10000,10000,0.000999900009999
MovieLens-1M,profile,full_unseen_catalogue,target_margin,full_catalogue,full_catalogue,faithfulness_alignment,loo,random,0.9999898092207071,1.0036226930963772,0.9864583367700411,1.0133789766647183,9.999000099990002e-05,1.105429575052089e-75,9.146705721855435,250,250,0,0,10000,10000,0.000999900009999
MovieLens-1M,profile,full_unseen_catalogue,target_margin,full_catalogue,full_catalogue,faithfulness_alignment,greedy_cf,random,0.29071648970224817,0.30556390977443604,0.2684511698600676,0.31302827831559565,9.999000099990002e-05,2.5252663870669353e-58,1.5889767786657696,250,240,10,0,10000,10000,0.000999900009999
MovieLens-1M,profile,full_unseen_catalogue,target_margin,full_catalogue,full_catalogue,actionability_gap,shapley_mc,lime,0.00729360169242522,0.0,0.0034930582132006263,0.011867164191845305,9.999000099990002e-05,7.692818848583552e-05,0.21050023575094087,250,76,34,140,10000,10000,0.000999900009999
MovieLens-1M,profile,full_unseen_catalogue,target_margin,full_catalogue,full_catalogue,actionability_gap,shapley_mc,loo,0.007850670588441494,0.0,0.003941781130634077,0.01262238394474463,9.999000099990002e-05,1.7300043785001778e-06,0.22111507941304642,250,82,31,137,10000,10000,0.000999900009999
MovieLens-1M,profile,full_unseen_catalogue,target_margin,full_catalogue,full_catalogue,actionability_gap,shapley_mc,greedy_cf,0.0037464799390495972,0.0,0.0015109224258713417,0.006392830869337059,0.0012998700129987,0.3337051161974391,0.18782378695790805,250,59,48,143,10000,10000,0.0064993500649935
MovieLens-1M,profile,full_unseen_catalogue,target_margin,full_catalogue,full_catalogue,actionability_gap,shapley_mc,random,0.0032727003234123966,0.0,0.0007819436347965769,0.006552067173796276,0.017698230176982303,0.44366950120234894,0.13778227386979786,250,59,50,141,10000,10000,0.0547945205479452
MovieLens-1M,profile,full_unseen_catalogue,target_margin,full_catalogue,full_catalogue,actionability_gap,lime,loo,0.0005570688960162737,0.0,-0.00010883595352015418,0.0012440602380076173,0.11018898110188981,0.00010959860355569963,0.10312874078952661,250,72,32,146,10000,10000,0.22037796220377961
MovieLens-1M,profile,full_unseen_catalogue,target_margin,full_catalogue,full_catalogue,actionability_gap,lime,greedy_cf,-0.003547121753375622,0.0,-0.006145527202931228,-0.0014769608719453914,9.999000099990002e-05,0.00032583856112748064,-0.1891307391559748,250,35,73,142,10000,10000,0.000999900009999
MovieLens-1M,profile,full_unseen_catalogue,target_margin,full_catalogue,full_catalogue,actionability_gap,lime,random,-0.004020901369012822,0.0,-0.007785183503287217,-0.0009972719360103253,0.0136986301369863,0.5046848075879908,-0.1477569586753909,250,51,59,140,10000,10000,0.0547945205479452
MovieLens-1M,profile,full_unseen_catalogue,target_margin,full_catalogue,full_catalogue,actionability_gap,loo,greedy_cf,-0.004104190649391897,0.0,-0.0066286533265496215,-0.0020498341776902245,9.999000099990002e-05,2.8606566040931814e-07,-0.219618233768896,250,30,85,135,10000,10000,0.000999900009999
MovieLens-1M,profile,full_unseen_catalogue,target_margin,full_catalogue,full_catalogue,actionability_gap,loo,random,-0.004577970265029096,0.0,-0.008085683944022965,-0.001751810550130991,0.0008999100089991,0.014964671136824379,-0.176812631240316,250,44,71,135,10000,10000,0.0053994600539946005
MovieLens-1M,profile,full_unseen_catalogue,target_margin,full_catalogue,full_catalogue,actionability_gap,greedy_cf,random,-0.00047377961563720015,0.0,-0.0033072086752257007,0.001974199802261722,0.7519248075192481,0.027850888125662245,-0.02227238463933078,250,67,43,140,10000,10000,0.7519248075192481
MovieLens-1M,profile,full_unseen_catalogue,target_margin,full_catalogue,full_catalogue,signed_alignment,shapley_mc,lime,-0.01597581799005947,-0.003302486986697384,-0.021962786151928555,-0.010882651090395662,9.999000099990002e-05,6.8372124138166376e-12,-0.3624528392660489,250,68,174,8,10000,10000,0.000999900009999
MovieLens-1M,profile,full_unseen_catalogue,target_margin,full_catalogue,full_catalogue,signed_alignment,shapley_mc,loo,-0.024883250495634456,-0.009924812030075225,-0.031156804362304426,-0.019424791135077567,9.999000099990002e-05,2.210859150104178e-75,-0.5198490323079914,250,0,249,1,10000,10000,0.000999900009999
MovieLens-1M,profile,full_unseen_catalogue,target_margin,full_catalogue,full_catalogue,signed_alignment,shapley_mc,greedy_cf,0.3547662532101541,0.3231578947368421,0.33647056849445706,0.3750310954319158,9.999000099990002e-05,2.7746282333807432e-73,2.244888026434216,250,249,1,0,10000,10000,0.000999900009999
MovieLens-1M,profile,full_unseen_catalogue,target_margin,full_catalogue,full_catalogue,signed_alignment,shapley_mc,random,0.9875981409302771,0.9799248120300752,0.9743550002072231,1.0009080189021504,9.999000099990002e-05,1.105429575052089e-75,9.248254068440596,250,250,0,0,10000,10000,0.000999900009999
MovieLens-1M,profile,full_unseen_catalogue,target_margin,full_catalogue,full_catalogue,signed_alignment,lime,loo,-0.008907432505574983,-0.007105526052894384,-0.01003569559233343,-0.007922483596383045,9.999000099990002e-05,3.5373746401666845e-74,-1.0502435921363544,250,0,245,5,10000,10000,0.000999900009999
MovieLens-1M,profile,full_unseen_catalogue,target_margin,full_catalogue,full_catalogue,signed_alignment,lime,greedy_cf,0.3707420712002136,0.3315789473684211,0.3513512105438421,0.3923835322855679,9.999000099990002e-05,1.105429575052089e-75,2.2526233306008225,250,250,0,0,10000,10000,0.000999900009999
MovieLens-1M,profile,full_unseen_catalogue,target_margin,full_catalogue,full_catalogue,signed_alignment,lime,random,1.0035739589203365,0.994436090225564,0.9905629027025605,1.0167440677939192,9.999000099990002e-05,1.105429575052089e-75,9.55577075673808,250,250,0,0,10000,10000,0.000999900009999
MovieLens-1M,profile,full_unseen_catalogue,target_margin,full_catalogue,full_catalogue,signed_alignment,loo,greedy_cf,0.37964950370578854,0.34,0.360164911593051,0.4013522276438732,9.999000099990002e-05,1.105429575052089e-75,2.303989243976634,250,250,0,0,10000,10000,0.000999900009999
MovieLens-1M,profile,full_unseen_catalogue,target_margin,full_catalogue,full_catalogue,signed_alignment,loo,random,1.0124813914259114,1.0030075187969925,0.9996575807448486,1.0256281504424367,9.999000099990002e-05,1.105429575052089e-75,9.703612504586573,250,250,0,0,10000,10000,0.000999900009999
MovieLens-1M,profile,full_unseen_catalogue,target_margin,full_catalogue,full_catalogue,signed_alignment,greedy_cf,random,0.632831887720123,0.6484033613445378,0.6087530799778138,0.6556485073528123,9.999000099990002e-05,2.878954254955859e-69,3.2479552605406337,250,247,3,0,10000,10000,0.000999900009999
MovieLens-1M,profile,full_unseen_catalogue,target_margin,full_catalogue,full_catalogue,signed_alignment_ndcg,shapley_mc,lime,-0.013475232490070668,-0.017489519572533863,-0.07095709055705593,0.04802091265937779,0.7488251174882512,1.0,-0.18945555226707078,4,1,2,1,10000,10000,1.0
MovieLens-1M,profile,full_unseen_catalogue,target_margin,full_catalogue,full_catalogue,signed_alignment_ndcg,shapley_mc,loo,-0.014968240258457735,-0.020475535109307996,-0.07095709055705593,0.04652790489099072,0.7462253774622538,1.0,-0.20850749249245068,4,1,2,1,10000,10000,1.0
MovieLens-1M,profile,full_unseen_catalogue,target_margin,full_catalogue,full_catalogue,signed_alignment_ndcg,shapley_mc,greedy_cf,0.2763709175489051,0.2901642124560082,0.1504276296518538,0.38935522598981176,0.12788721127887212,0.125,1.842812838033744,4,4,0,0,10000,10000,1.0
MovieLens-1M,profile,full_unseen_catalogue,target_margin,full_catalogue,full_catalogue,signed_alignment_ndcg,shapley_mc,random,0.37338863302609737,0.2904961128722197,0.05397715211238249,0.7492540874565836,0.24367563243675633,0.625,0.8660235908009976,4,3,1,0,10000,10000,1.0
MovieLens-1M,profile,full_unseen_catalogue,target_margin,full_catalogue,full_catalogue,signed_alignment_ndcg,lime,loo,-0.0014930077683870668,0.0,-0.0044790233051612005,0.0,1.0,1.0,-0.5,4,0,1,3,10000,10000,1.0
MovieLens-1M,profile,full_unseen_catalogue,target_margin,full_catalogue,full_catalogue,signed_alignment_ndcg,lime,greedy_cf,0.2898461500389758,0.26980995039811223,0.13395747832919064,0.46577102138962445,0.1254874512548745,0.125,1.5798902507846189,4,4,0,0,10000,10000,1.0
MovieLens-1M,profile,full_unseen_catalogue,target_margin,full_catalogue,full_catalogue,signed_alignment_ndcg,lime,random,0.386863865516168,0.337800839910257,0.02365002630384405,0.799140730334403,0.25537446255374463,0.625,0.8425971788234268,4,3,1,0,10000,10000,1.0
MovieLens-1M,profile,full_unseen_catalogue,target_margin,full_catalogue,full_catalogue,signed_alignment_ndcg,loo,greedy_cf,0.29133915780736286,0.27279596593488636,0.1354504860975777,0.46577102138962445,0.12368763123687632,0.125,1.5892406934942063,4,4,0,0,10000,10000,1.0
MovieLens-1M,profile,full_unseen_catalogue,target_margin,full_catalogue,full_catalogue,signed_alignment_ndcg,loo,random,0.38835687328455504,0.337800839910257,0.02365002630384405,0.8036197536395643,0.250974902509749,0.625,0.8410907846818736,4,3,1,0,10000,10000,1.0
MovieLens-1M,profile,full_unseen_catalogue,target_margin,full_catalogue,full_catalogue,signed_alignment_ndcg,greedy_cf,random,0.09701771547719226,0.027918490230417703,-0.33537807387742924,0.5294135048318138,0.7563243675632437,1.0,0.18587704147871856,4,2,2,0,10000,10000,1.0
MovieLens-1M,profile,full_unseen_catalogue,target_margin,full_catalogue,full_catalogue,direction_accuracy,shapley_mc,lime,-0.08001526262179513,-0.0799999999999999,-0.08611476362414676,-0.07400525813780305,9.999000099990002e-05,6.914307364461858e-67,-1.6436585117685525,250,4,244,2,10000,10000,0.000999900009999
MovieLens-1M,profile,full_unseen_catalogue,target_margin,full_catalogue,full_catalogue,direction_accuracy,shapley_mc,loo,-0.092221412120731,-0.09000000000000008,-0.0982642883580128,-0.08617825894367069,9.999000099990002e-05,1.105429575052089e-75,-1.9109349022388353,250,0,250,0,10000,10000,0.000999900009999
MovieLens-1M,profile,full_unseen_catalogue,target_margin,full_catalogue,full_catalogue,direction_accuracy,shapley_mc,greedy_cf,0.3763651061253847,0.38,0.3655004911711096,0.3868018303407119,9.999000099990002e-05,1.105429575052089e-75,4.272320322876824,250,250,0,0,10000,10000,0.000999900009999
MovieLens-1M,profile,full_unseen_catalogue,target_margin,full_catalogue,full_catalogue,direction_accuracy,shapley_mc,random,0.41589564174731364,0.41000000000000014,0.4074544652559343,0.4242095061282886,9.999000099990002e-05,1.105429575052089e-75,6.079710031297058,250,250,0,0,10000,10000,0.000999900009999
MovieLens-1M,profile,full_unseen_catalogue,target_margin,full_catalogue,full_catalogue,direction_accuracy,lime,loo,-0.01220614949893586,-0.010000000000000009,-0.013957556410823423,-0.010534489164086672,9.999000099990002e-05,4.760049405558679e-43,-0.8843094197717168,250,3,158,89,10000,10000,0.000999900009999
MovieLens-1M,profile,full_unseen_catalogue,target_margin,full_catalogue,full_catalogue,direction_accuracy,lime,greedy_cf,0.4563803687471799,0.45000000000000007,0.4447464177346561,0.4680195184645076,9.999000099990002e-05,1.105429575052089e-75,4.956892616256564,250,250,0,0,10000,10000,0.000999900009999
MovieLens-1M,profile,full_unseen_catalogue,target_margin,full_catalogue,full_catalogue,direction_accuracy,lime,random,0.49591090436910873,0.49000000000000005,0.4888729531704106,0.503087982888027,9.999000099990002e-05,1.105429575052089e-75,8.757581955545362,250,250,0,0,10000,10000,0.000999900009999
MovieLens-1M,profile,full_unseen_catalogue,target_margin,full_catalogue,full_catalogue,direction_accuracy,loo,greedy_cf,0.4685865182461158,0.47,0.45776590654091354,0.4793918864834855,9.999000099990002e-05,1.105429575052089e-75,5.362055586576801,250,250,0,0,10000,10000,0.000999900009999
MovieLens-1M,profile,full_unseen_catalogue,target_margin,full_catalogue,full_catalogue,direction_accuracy,loo,random,0.5081170538680445,0.5,0.5016046232642487,0.5147488009793785,9.999000099990002e-05,1.105429575052089e-75,9.495236819379748,250,250,0,0,10000,10000,0.000999900009999
MovieLens-1M,profile,full_unseen_catalogue,target_margin,full_catalogue,full_catalogue,direction_accuracy,greedy_cf,random,0.039530535621928806,0.040000000000000036,0.02700974757844494,0.052264914089866096,9.999000099990002e-05,5.029248091151471e-07,0.38650607365137724,250,162,83,5,10000,10000,0.000999900009999
MovieLens-1M,profile,full_unseen_catalogue,target_margin,full_catalogue,full_catalogue,direction_accuracy_ndcg,shapley_mc,lime,-0.20833333333333334,-0.16666666666666669,-0.41666666666666674,0.0,0.49675032496750327,0.5,-0.8333333333333334,4,0,2,2,10000,10000,1.0
MovieLens-1M,profile,full_unseen_catalogue,target_margin,full_catalogue,full_catalogue,direction_accuracy_ndcg,shapley_mc,loo,-0.20833333333333334,-0.16666666666666669,-0.41666666666666674,0.0,0.5066493350664933,0.5,-0.8333333333333334,4,0,2,2,10000,10000,1.0
MovieLens-1M,profile,full_unseen_catalogue,target_margin,full_catalogue,full_catalogue,direction_accuracy_ndcg,shapley_mc,greedy_cf,0.14583333333333337,0.12500000000000006,0.0,0.29166666666666674,0.5048495150484952,0.5,0.8488746876271654,4,2,0,2,10000,10000,1.0
MovieLens-1M,profile,full_unseen_catalogue,target_margin,full_catalogue,full_catalogue,direction_accuracy_ndcg,shapley_mc,random,0.1354166666666667,0.04166666666666674,-0.1041666666666666,0.46875,0.7505249475052495,1.0,0.3953334449242932,4,2,1,1,10000,10000,1.0
MovieLens-1M,profile,full_unseen_catalogue,target_margin,full_catalogue,full_catalogue,direction_accuracy_ndcg,lime,loo,0.0,0.0,0.0,0.0,1.0,1.0,0.0,4,0,0,4,10000,10000,1.0
MovieLens-1M,profile,full_unseen_catalogue,target_margin,full_catalogue,full_catalogue,direction_accuracy_ndcg,lime,greedy_cf,0.35416666666666674,0.37500000000000006,0.125,0.5833333333333334,0.25417458254174585,0.25,1.2142857142857146,4,3,0,1,10000,10000,1.0
MovieLens-1M,profile,full_unseen_catalogue,target_margin,full_catalogue,full_catalogue,direction_accuracy_ndcg,lime,random,0.34375000000000006,0.33333333333333337,0.1250000000000001,0.5625,0.1227877212278772,0.125,1.322470920734531,4,4,0,0,10000,10000,1.0
MovieLens-1M,profile,full_unseen_catalogue,target_margin,full_catalogue,full_catalogue,direction_accuracy_ndcg,loo,greedy_cf,0.35416666666666674,0.37500000000000006,0.125,0.5833333333333334,0.24347565243475652,0.25,1.2142857142857146,4,3,0,1,10000,10000,1.0
MovieLens-1M,profile,full_unseen_catalogue,target_margin,full_catalogue,full_catalogue,direction_accuracy_ndcg,loo,random,0.34375000000000006,0.33333333333333337,0.1250000000000001,0.5625,0.1272872712728727,0.125,1.322470920734531,4,4,0,0,10000,10000,1.0
MovieLens-1M,profile,full_unseen_catalogue,target_margin,full_catalogue,full_catalogue,direction_accuracy_ndcg,greedy_cf,random,-0.010416666666666657,-0.08333333333333331,-0.375,0.42708333333333337,1.0,1.0,-0.022075539284417377,4,1,2,1,10000,10000,1.0
MovieLens-1M,profile,full_unseen_catalogue,target_margin,full_catalogue,full_catalogue,top1_precision,shapley_mc,lime,-0.056,0.0,-0.0728,-0.039999999999999994,9.999000099990002e-05,4.2705216207923607e-11,-0.4243684258820498,250,7,58,185,10000,10000,0.000999900009999
MovieLens-1M,profile,full_unseen_catalogue,target_margin,full_catalogue,full_catalogue,top1_precision,shapley_mc,loo,-0.07039999999999999,0.0,-0.08879999999999998,-0.053599999999999995,9.999000099990002e-05,1.3877787807814457e-17,-0.4852515263647262,250,1,62,187,10000,10000,0.000999900009999
MovieLens-1M,profile,full_unseen_catalogue,target_margin,full_catalogue,full_catalogue,top1_precision,shapley_mc,greedy_cf,0.5912000000000001,0.6,0.5544,0.6264199999999998,9.999000099990002e-05,2.3182538441796384e-69,2.0137834356422446,250,229,0,21,10000,10000,0.000999900009999
MovieLens-1M,profile,full_unseen_catalogue,target_margin,full_catalogue,full_catalogue,top1_precision,shapley_mc,random,0.872,1.0,0.8512000000000001,0.8936,9.999000099990002e-05,1.105429575052089e-75,5.077498740920798,250,250,0,0,10000,10000,0.000999900009999
MovieLens-1M,profile,full_unseen_catalogue,target_margin,full_catalogue,full_catalogue,top1_precision,lime,loo,-0.014399999999999998,0.0,-0.023199999999999995,-0.0063999999999999994,0.000999900009999,0.0008554458618164062,-0.2198588795166953,250,3,19,228,10000,10000,0.000999900009999
MovieLens-1M,profile,full_unseen_catalogue,target_margin,full_catalogue,full_catalogue,top1_precision,lime,greedy_cf,0.6472,0.8,0.6088000000000001,0.6855999999999999,9.999000099990002e-05,5.795634610449096e-70,2.1038875415971825,250,231,0,19,10000,10000,0.000999900009999
MovieLens-1M,profile,full_unseen_catalogue,target_margin,full_catalogue,full_catalogue,top1_precision,lime,random,0.928,1.0,0.9144,0.9416,9.999000099990002e-05,1.105429575052089e-75,8.420865996260964,250,250,0,0,10000,10000,0.000999900009999
MovieLens-1M,profile,full_unseen_catalogue,target_margin,full_catalogue,full_catalogue,top1_precision,loo,greedy_cf,0.6615999999999999,0.8,0.6216,0.7008,9.999000099990002e-05,1.1591269220898192e-69,2.077556212475144,250,230,0,20,10000,10000,0.000999900009999
MovieLens-1M,profile,full_unseen_catalogue,target_margin,full_catalogue,full_catalogue,top1_precision,loo,random,0.9424000000000001,1.0,0.9296,0.9544,9.999000099990002e-05,1.105429575052089e-75,9.499533548224724,250,250,0,0,10000,10000,0.000999900009999
MovieLens-1M,profile,full_unseen_catalogue,target_margin,full_catalogue,full_catalogue,top1_precision,greedy_cf,random,0.2808,0.2,0.2416,0.32080000000000003,9.999000099990002e-05,1.0293288050049546e-28,0.8675164443755948,250,159,19,72,10000,10000,0.000999900009999
MovieLens-1M,profile,full_unseen_catalogue,target_margin,full_catalogue,full_catalogue,top3_precision,shapley_mc,lime,-0.01813333333333333,0.0,-0.027733333333333342,-0.009866666666666668,0.00019998000199980003,0.00015615831700632914,-0.24884113464948485,250,30,68,152,10000,10000,0.000999900009999
MovieLens-1M,profile,full_unseen_catalogue,target_margin,full_catalogue,full_catalogue,top3_precision,shapley_mc,loo,-0.03813333333333335,0.0,-0.04800000000000003,-0.029066666666666685,9.999000099990002e-05,8.758241741061071e-23,-0.49447074181394196,250,4,92,154,10000,10000,0.000999900009999
MovieLens-1M,profile,full_unseen_catalogue,target_margin,full_catalogue,full_catalogue,top3_precision,shapley_mc,greedy_cf,0.3248,0.33333333333333337,0.30773333333333336,0.3429333333333333,9.999000099990002e-05,1.7686873200833423e-74,2.247666331728248,250,246,0,4,10000,10000,0.000999900009999
MovieLens-1M,profile,full_unseen_catalogue,target_margin,full_catalogue,full_catalogue,top3_precision,shapley_mc,random,0.7912,0.8,0.7741333333333333,0.8074666666666667,9.999000099990002e-05,1.105429575052089e-75,5.856187508335538,250,250,0,0,10000,10000,0.000999900009999
MovieLens-1M,profile,full_unseen_catalogue,target_margin,full_catalogue,full_catalogue,top3_precision,lime,loo,-0.020000000000000014,0.0,-0.025066666666666685,-0.014933333333333347,9.999000099990002e-05,7.255748219519502e-14,-0.4819003831442879,250,6,66,178,10000,10000,0.000999900009999
MovieLens-1M,profile,full_unseen_catalogue,target_margin,full_catalogue,full_catalogue,top3_precision,lime,greedy_cf,0.3429333333333333,0.33333333333333337,0.3242666666666667,0.36240000000000006,9.999000099990002e-05,8.843436600416711e-75,2.23685630510649,250,247,0,3,10000,10000,0.000999900009999
MovieLens-1M,profile,full_unseen_catalogue,target_margin,full_catalogue,full_catalogue,top3_precision,lime,random,0.8093333333333333,0.8,0.7944,0.8237333333333333,9.999000099990002e-05,1.105429575052089e-75,6.912091486867237,250,250,0,0,10000,10000,0.000999900009999
MovieLens-1M,profile,full_unseen_catalogue,target_margin,full_catalogue,full_catalogue,top3_precision,loo,greedy_cf,0.3629333333333334,0.33333333333333337,0.34320000000000006,0.38320000000000004,9.999000099990002e-05,8.843436600416711e-75,2.2783023838853134,250,247,0,3,10000,10000,0.000999900009999
MovieLens-1M,profile,full_unseen_catalogue,target_margin,full_catalogue,full_catalogue,top3_precision,loo,random,0.8293333333333334,0.8666666666666667,0.8149333333333334,0.8426666666666668,9.999000099990002e-05,1.105429575052089e-75,7.338121325976131,250,250,0,0,10000,10000,0.000999900009999
MovieLens-1M,profile,full_unseen_catalogue,target_margin,full_catalogue,full_catalogue,top3_precision,greedy_cf,random,0.4664,0.4666666666666667,0.4431999999999999,0.4885333333333333,9.999000099990002e-05,1.3606490240718945e-66,2.5386578318202035,250,243,4,3,10000,10000,0.000999900009999
MovieLens-1M,profile,full_unseen_catalogue,target_margin,full_catalogue,full_catalogue,top5_precision,shapley_mc,lime,-0.008799999999999999,0.0,-0.015839999999999996,-0.002560000000000007,0.0072992700729927005,0.023216360221353722,-0.16421664573144687,250,48,74,128,10000,10000,0.0072992700729927005
MovieLens-1M,profile,full_unseen_catalogue,target_margin,full_catalogue,full_catalogue,top5_precision,shapley_mc,loo,-0.03296000000000002,0.0,-0.04048000000000001,-0.026240000000000013,9.999000099990002e-05,4.014360227832145e-33,-0.5711559637654959,250,3,124,123,10000,10000,0.000999900009999
MovieLens-1M,profile,full_unseen_catalogue,target_margin,full_catalogue,full_catalogue,top5_precision,shapley_mc,greedy_cf,0.23487999999999998,0.19999999999999996,0.21855999999999998,0.2512039999999999,9.999000099990002e-05,1.4149498560666738e-73,1.7486165829553564,250,243,0,7,10000,10000,0.000999900009999
MovieLens-1M,profile,full_unseen_catalogue,target_margin,full_catalogue,full_catalogue,top5_precision,shapley_mc,random,0.6865066666666666,0.72,0.6708786666666666,0.7018133333333333,9.999000099990002e-05,1.105429575052089e-75,5.488080243534027,250,250,0,0,10000,10000,0.000999900009999
MovieLens-1M,profile,full_unseen_catalogue,target_margin,full_catalogue,full_catalogue,top5_precision,lime,loo,-0.024160000000000015,0.0,-0.028320000000000015,-0.02016000000000001,9.999000099990002e-05,4.352601674315153e-32,-0.7447061943676656,250,1,111,138,10000,10000,0.000999900009999
MovieLens-1M,profile,full_unseen_catalogue,target_margin,full_catalogue,full_catalogue,top5_precision,lime,greedy_cf,0.24367999999999995,0.20000000000000007,0.22719999999999999,0.26143999999999995,9.999000099990002e-05,1.4149498560666738e-73,1.736411075355046,250,243,0,7,10000,10000,0.000999900009999
MovieLens-1M,profile,full_unseen_catalogue,target_margin,full_catalogue,full_catalogue,top5_precision,lime,random,0.6953066666666666,0.72,0.68064,0.7091199999999999,9.999000099990002e-05,1.105429575052089e-75,5.923611062912952,250,250,0,0,10000,10000,0.000999900009999
MovieLens-1M,profile,full_unseen_catalogue,target_margin,full_catalogue,full_catalogue,top5_precision,loo,greedy_cf,0.26784,0.24,0.25071999999999994,0.28624,9.999000099990002e-05,7.074749280333369e-74,1.8497519881277107,250,244,0,6,10000,10000,0.000999900009999
MovieLens-1M,profile,full_unseen_catalogue,target_margin,full_catalogue,full_catalogue,top5_precision,loo,random,0.7194666666666666,0.72,0.7046933333333333,0.733228,9.999000099990002e-05,1.105429575052089e-75,6.274152872408665,250,250,0,0,10000,10000,0.000999900009999
MovieLens-1M,profile,full_unseen_catalogue,target_margin,full_catalogue,full_catalogue,top5_precision,greedy_cf,random,0.45162666666666673,0.48000000000000004,0.43135866666666667,0.4713066666666667,9.999000099990002e-05,3.388465780268134e-65,2.834553456755697,250,243,5,2,10000,10000,0.000999900009999
MovieLens-1M,profile,full_unseen_catalogue,target_margin,full_catalogue,full_catalogue,joint_effect_primary,shapley_mc,lime,-1.9262150814583904e-05,0.0,-3.153394539318134e-05,-1.0645608696488754e-05,9.999000099990002e-05,3.8083949050165733e-10,-0.2235993179184441,250,13,68,169,10000,10000,0.000999900009999
MovieLens-1M,profile,full_unseen_catalogue,target_margin,full_catalogue,full_catalogue,joint_effect_primary,shapley_mc,loo,-2.0759392149471907e-05,0.0,-3.298594771833216e-05,-1.1946945425076484e-05,9.999000099990002e-05,1.0458871665120482e-20,-0.23918193557849463,250,2,77,171,10000,10000,0.000999900009999
MovieLens-1M,profile,full_unseen_catalogue,target_margin,full_catalogue,full_catalogue,joint_effect_primary,shapley_mc,greedy_cf,0.002811636555885985,0.0024447221631682618,0.0025944187153271884,0.0030400071442600275,9.999000099990002e-05,7.074749280333369e-74,1.5780719620623158,250,244,0,6,10000,10000,0.000999900009999
MovieLens-1M,profile,full_unseen_catalogue,target_margin,full_catalogue,full_catalogue,joint_effect_primary,shapley_mc,random,0.007188498528437105,0.0062154159252854006,0.006634546633911561,0.007765816444034877,9.999000099990002e-05,1.105429575052089e-75,1.5762328610270426,250,250,0,0,10000,10000,0.000999900009999
MovieLens-1M,profile,full_unseen_catalogue,target_margin,full_catalogue,full_catalogue,joint_effect_primary,lime,loo,-1.497241334888003e-06,0.0,-2.462257937011562e-06,-5.053736511736151e-07,0.00039996000399960006,1.8570244719740003e-07,-0.19107752997159602,250,4,36,210,10000,10000,0.000999900009999
MovieLens-1M,profile,full_unseen_catalogue,target_margin,full_catalogue,full_catalogue,joint_effect_primary,lime,greedy_cf,0.0028308987067005693,0.0024587530485225273,0.0026162006495855407,0.0030559474674132932,9.999000099990002e-05,7.074749280333369e-74,1.5771846475166131,250,244,0,6,10000,10000,0.000999900009999
MovieLens-1M,profile,full_unseen_catalogue,target_margin,full_catalogue,full_catalogue,joint_effect_primary,lime,random,0.00720776067925169,0.0062154159252854006,0.00665814962875971,0.007797662853586611,9.999000099990002e-05,1.105429575052089e-75,1.573804732334162,250,250,0,0,10000,10000,0.000999900009999
MovieLens-1M,profile,full_unseen_catalogue,target_margin,full_catalogue,full_catalogue,joint_effect_primary,loo,greedy_cf,0.0028323959480354567,0.002464178647396503,0.0026108073948936795,0.0030610058392373483,9.999000099990002e-05,7.074749280333369e-74,1.577828627836534,250,244,0,6,10000,10000,0.000999900009999
MovieLens-1M,profile,full_unseen_catalogue,target_margin,full_catalogue,full_catalogue,joint_effect_primary,loo,random,0.007209257920586577,0.0062154159252854006,0.006659591331878686,0.007795625621874502,9.999000099990002e-05,1.105429575052089e-75,1.5740954772233804,250,250,0,0,10000,10000,0.000999900009999
MovieLens-1M,profile,full_unseen_catalogue,target_margin,full_catalogue,full_catalogue,joint_effect_primary,greedy_cf,random,0.0043768619725511205,0.003154449933311848,0.0038486837048300653,0.004927947631171816,9.999000099990002e-05,2.0367281879018056e-54,1.0065257431484729,250,237,13,0,10000,10000,0.000999900009999
MovieLens-1M,profile,full_unseen_catalogue,target_margin,full_catalogue,full_catalogue,joint_effect_ndcg,shapley_mc,lime,0.0,0.0,0.0,0.0,1.0,1.0,0.0,250,0,0,250,10000,10000,1.0
MovieLens-1M,profile,full_unseen_catalogue,target_margin,full_catalogue,full_catalogue,joint_effect_ndcg,shapley_mc,loo,-3.505900067108114e-05,0.0,-0.00010517700201324343,0.0,1.0,1.0,-0.0632455532033676,250,0,1,249,10000,10000,1.0
MovieLens-1M,profile,full_unseen_catalogue,target_margin,full_catalogue,full_catalogue,joint_effect_ndcg,shapley_mc,greedy_cf,-0.0001179624756499062,0.0,-0.0006586965824918498,0.00026163777147988936,1.0,1.0,-0.030203393964036755,250,2,1,247,10000,10000,1.0
MovieLens-1M,profile,full_unseen_catalogue,target_margin,full_catalogue,full_catalogue,joint_effect_ndcg,shapley_mc,random,0.00013368913827460855,0.0,0.0,0.0003456086612825401,0.501949805019498,0.5,0.08834032213031434,250,2,0,248,10000,10000,1.0
MovieLens-1M,profile,full_unseen_catalogue,target_margin,full_catalogue,full_catalogue,joint_effect_ndcg,lime,loo,-3.505900067108114e-05,0.0,-0.00010517700201324343,0.0,1.0,1.0,-0.0632455532033676,250,0,1,249,10000,10000,1.0
MovieLens-1M,profile,full_unseen_catalogue,target_margin,full_catalogue,full_catalogue,joint_effect_ndcg,lime,greedy_cf,-0.0001179624756499062,0.0,-0.0006937555831629309,0.00026163777147988936,1.0,1.0,-0.030203393964036755,250,2,1,247,10000,10000,1.0
MovieLens-1M,profile,full_unseen_catalogue,target_margin,full_catalogue,full_catalogue,joint_effect_ndcg,lime,random,0.00013368913827460855,0.0,0.0,0.0003456086612825401,0.49065093490650935,0.5,0.08834032213031434,250,2,0,248,10000,10000,1.0
MovieLens-1M,profile,full_unseen_catalogue,target_margin,full_catalogue,full_catalogue,joint_effect_ndcg,loo,greedy_cf,-8.290347497882506e-05,0.0,-0.0006586965824918498,0.0003398681562132123,1.0,1.0,-0.020138954856991208,250,2,1,247,10000,10000,1.0
MovieLens-1M,profile,full_unseen_catalogue,target_margin,full_catalogue,full_catalogue,joint_effect_ndcg,loo,random,0.00016874813894568968,0.0,0.0,0.00045315754161761646,0.49465053494650535,0.5,0.08474646590167988,250,2,0,248,10000,10000,1.0
MovieLens-1M,profile,full_unseen_catalogue,target_margin,full_catalogue,full_catalogue,joint_effect_ndcg,greedy_cf,random,0.0002516516139245147,0.0,0.0,0.0007345550889033398,0.49875012498750126,0.5,0.06858260099904846,250,2,0,248,10000,10000,1.0
MovieLens-1M,profile,full_unseen_catalogue,target_margin,full_catalogue,full_catalogue,joint_effect_target_margin,shapley_mc,lime,-1.9262150814583904e-05,0.0,-3.163174295156993e-05,-1.0747878350855777e-05,9.999000099990002e-05,3.8083949050165733e-10,-0.2235993179184441,250,13,68,169,10000,10000,0.000999900009999
MovieLens-1M,profile,full_unseen_catalogue,target_margin,full_catalogue,full_catalogue,joint_effect_target_margin,shapley_mc,loo,-2.0759392149471907e-05,0.0,-3.341840793868835e-05,-1.2125910891341398e-05,9.999000099990002e-05,1.0458871665120482e-20,-0.23918193557849463,250,2,77,171,10000,10000,0.000999900009999
MovieLens-1M,profile,full_unseen_catalogue,target_margin,full_catalogue,full_catalogue,joint_effect_target_margin,shapley_mc,greedy_cf,0.002811636555885985,0.0024447221631682618,0.0025951668265656604,0.0030333300279033752,9.999000099990002e-05,7.074749280333369e-74,1.5780719620623158,250,244,0,6,10000,10000,0.000999900009999
MovieLens-1M,profile,full_unseen_catalogue,target_margin,full_catalogue,full_catalogue,joint_effect_target_margin,shapley_mc,random,0.007188498528437105,0.0062154159252854006,0.006639129378867281,0.007766402392128057,9.999000099990002e-05,1.105429575052089e-75,1.5762328610270426,250,250,0,0,10000,10000,0.000999900009999
MovieLens-1M,profile,full_unseen_catalogue,target_margin,full_catalogue,full_catalogue,joint_effect_target_margin,lime,loo,-1.497241334888003e-06,0.0,-2.4564834367456136e-06,-4.731620272680448e-07,0.0008999100089991,1.8570244719740003e-07,-0.19107752997159602,250,4,36,210,10000,10000,0.000999900009999
MovieLens-1M,profile,full_unseen_catalogue,target_margin,full_catalogue,full_catalogue,joint_effect_target_margin,lime,greedy_cf,0.0028308987067005693,0.0024587530485225273,0.0026070044697078486,0.0030611696142948015,9.999000099990002e-05,7.074749280333369e-74,1.5771846475166131,250,244,0,6,10000,10000,0.000999900009999
MovieLens-1M,profile,full_unseen_catalogue,target_margin,full_catalogue,full_catalogue,joint_effect_target_margin,lime,random,0.00720776067925169,0.0062154159252854006,0.006653067208312774,0.0077834984100990405,9.999000099990002e-05,1.105429575052089e-75,1.573804732334162,250,250,0,0,10000,10000,0.000999900009999
MovieLens-1M,profile,full_unseen_catalogue,target_margin,full_catalogue,full_catalogue,joint_effect_target_margin,loo,greedy_cf,0.0028323959480354567,0.002464178647396503,0.0026191817392778784,0.003056140090744257,9.999000099990002e-05,7.074749280333369e-74,1.577828627836534,250,244,0,6,10000,10000,0.000999900009999
MovieLens-1M,profile,full_unseen_catalogue,target_margin,full_catalogue,full_catalogue,joint_effect_target_margin,loo,random,0.007209257920586577,0.0062154159252854006,0.00664652729196701,0.007793305395805172,9.999000099990002e-05,1.105429575052089e-75,1.5740954772233804,250,250,0,0,10000,10000,0.000999900009999
MovieLens-1M,profile,full_unseen_catalogue,target_margin,full_catalogue,full_catalogue,joint_effect_target_margin,greedy_cf,random,0.0043768619725511205,0.003154449933311848,0.0038474969896050565,0.0049258644914445685,9.999000099990002e-05,2.0367281879018056e-54,1.0065257431484729,250,237,13,0,10000,10000,0.000999900009999
MovieLens-1M,profile,full_unseen_catalogue,target_margin,full_catalogue,full_catalogue,intervention_success,shapley_mc,lime,-0.0023999999999999994,0.0,-0.005599999999999999,0.0,0.24687531246875313,0.25,-0.10998711739064186,250,0,3,247,10000,10000,0.7406259374062594
MovieLens-1M,profile,full_unseen_catalogue,target_margin,full_catalogue,full_catalogue,intervention_success,shapley_mc,loo,-0.0023999999999999994,0.0,-0.005599999999999999,0.0,0.2502749725027497,0.25,-0.10998711739064186,250,0,3,247,10000,10000,0.7406259374062594
MovieLens-1M,profile,full_unseen_catalogue,target_margin,full_catalogue,full_catalogue,intervention_success,shapley_mc,greedy_cf,0.051199999999999996,0.0,0.032799999999999996,0.0712,9.999000099990002e-05,1.1641532182693481e-10,0.33476118024189333,250,34,0,216,10000,10000,0.000999900009999
MovieLens-1M,profile,full_unseen_catalogue,target_margin,full_catalogue,full_catalogue,intervention_success,shapley_mc,random,0.5943999999999999,0.6,0.5671999999999999,0.6215999999999999,9.999000099990002e-05,4.421718300208356e-75,2.7313779097650874,250,248,0,2,10000,10000,0.000999900009999
MovieLens-1M,profile,full_unseen_catalogue,target_margin,full_catalogue,full_catalogue,intervention_success,lime,loo,0.0,0.0,0.0,0.0,1.0,1.0,0.0,250,0,0,250,10000,10000,1.0
MovieLens-1M,profile,full_unseen_catalogue,target_margin,full_catalogue,full_catalogue,intervention_success,lime,greedy_cf,0.053599999999999995,0.0,0.0352,0.0744,9.999000099990002e-05,1.1641532182693481e-10,0.3418427027800607,250,34,0,216,10000,10000,0.000999900009999
MovieLens-1M,profile,full_unseen_catalogue,target_margin,full_catalogue,full_catalogue,intervention_success,lime,random,0.5968,0.6,0.5695999999999999,0.624,9.999000099990002e-05,4.421718300208356e-75,2.7558442279539537,250,248,0,2,10000,10000,0.000999900009999
MovieLens-1M,profile,full_unseen_catalogue,target_margin,full_catalogue,full_catalogue,intervention_success,loo,greedy_cf,0.053599999999999995,0.0,0.0352,0.07440000000000001,9.999000099990002e-05,1.1641532182693481e-10,0.3418427027800607,250,34,0,216,10000,10000,0.000999900009999
MovieLens-1M,profile,full_unseen_catalogue,target_margin,full_catalogue,full_catalogue,intervention_success,loo,random,0.5968,0.6,0.5696,0.624,9.999000099990002e-05,4.421718300208356e-75,2.7558442279539537,250,248,0,2,10000,10000,0.000999900009999
MovieLens-1M,profile,full_unseen_catalogue,target_margin,full_catalogue,full_catalogue,intervention_success,greedy_cf,random,0.5431999999999999,0.6,0.508,0.5768,9.999000099990002e-05,7.89082115703587e-65,1.9793334455490206,250,237,4,9,10000,10000,0.000999900009999
MovieLens-1M,profile,full_unseen_catalogue,target_margin,full_catalogue,full_catalogue,abstention,shapley_mc,lime,-0.0008,0.0,-0.0024000000000000002,0.0,1.0,1.0,-0.06324555320336757,250,0,1,249,10000,10000,1.0
MovieLens-1M,profile,full_unseen_catalogue,target_margin,full_catalogue,full_catalogue,abstention,shapley_mc,loo,-0.0008,0.0,-0.0024000000000000002,0.0,1.0,1.0,-0.06324555320336757,250,0,1,249,10000,10000,1.0
MovieLens-1M,profile,full_unseen_catalogue,target_margin,full_catalogue,full_catalogue,abstention,shapley_mc,greedy_cf,0.0,0.0,0.0,0.0,1.0,1.0,0.0,250,0,0,250,10000,10000,1.0
MovieLens-1M,profile,full_unseen_catalogue,target_margin,full_catalogue,full_catalogue,abstention,shapley_mc,random,-0.0008,0.0,-0.0024000000000000002,0.0,1.0,1.0,-0.06324555320336757,250,0,1,249,10000,10000,1.0
MovieLens-1M,profile,full_unseen_catalogue,target_margin,full_catalogue,full_catalogue,abstention,lime,loo,0.0,0.0,0.0,0.0,1.0,1.0,0.0,250,0,0,250,10000,10000,1.0
MovieLens-1M,profile,full_unseen_catalogue,target_margin,full_catalogue,full_catalogue,abstention,lime,greedy_cf,0.0008,0.0,0.0,0.0024000000000000002,1.0,1.0,0.06324555320336757,250,1,0,249,10000,10000,1.0
MovieLens-1M,profile,full_unseen_catalogue,target_margin,full_catalogue,full_catalogue,abstention,lime,random,0.0,0.0,-0.0024000000000000002,0.0024000000000000002,1.0,1.0,0.0,250,1,1,248,10000,10000,1.0
MovieLens-1M,profile,full_unseen_catalogue,target_margin,full_catalogue,full_catalogue,abstention,loo,greedy_cf,0.0008,0.0,0.0,0.0024000000000000002,1.0,1.0,0.06324555320336757,250,1,0,249,10000,10000,1.0
MovieLens-1M,profile,full_unseen_catalogue,target_margin,full_catalogue,full_catalogue,abstention,loo,random,0.0,0.0,-0.0024000000000000002,0.0024000000000000002,1.0,1.0,0.0,250,1,1,248,10000,10000,1.0
MovieLens-1M,profile,full_unseen_catalogue,target_margin,full_catalogue,full_catalogue,abstention,greedy_cf,random,-0.0008,0.0,-0.0024000000000000002,0.0,1.0,1.0,-0.06324555320336757,250,0,1,249,10000,10000,1.0
MovieLens-1M,profile,full_unseen_catalogue,target_margin,full_catalogue,full_catalogue,joint_regret_primary,shapley_mc,lime,1.926215081458356e-05,0.0,1.0653568277505153e-05,3.172896695222124e-05,9.999000099990002e-05,3.8083949050165733e-10,0.22359931791844356,250,68,13,169,10000,10000,0.000999900009999
MovieLens-1M,profile,full_unseen_catalogue,target_margin,full_catalogue,full_catalogue,joint_regret_primary,shapley_mc,loo,2.0759392149471443e-05,0.0,1.179477173123298e-05,3.321212951106595e-05,9.999000099990002e-05,1.0458871665120482e-20,0.23918193557849285,250,77,2,171,10000,10000,0.000999900009999
MovieLens-1M,profile,full_unseen_catalogue,target_margin,full_catalogue,full_catalogue,joint_regret_primary,shapley_mc,greedy_cf,-0.002811636555885983,-0.0024447221631682505,-0.00303156570665305,-0.0025952053959138926,9.999000099990002e-05,7.074749280333369e-74,-1.5780719620623156,250,0,244,6,10000,10000,0.000999900009999
MovieLens-1M,profile,full_unseen_catalogue,target_margin,full_catalogue,full_catalogue,joint_regret_primary,shapley_mc,random,-0.007188498528437102,-0.0062154159252854006,-0.00776092064760152,-0.006633027221187059,9.999000099990002e-05,1.105429575052089e-75,-1.5762328610270422,250,0,250,0,10000,10000,0.000999900009999
MovieLens-1M,profile,full_unseen_catalogue,target_margin,full_catalogue,full_catalogue,joint_regret_primary,lime,loo,1.4972413348878888e-06,0.0,5.128779127646278e-07,2.456805226395074e-06,0.0007999200079992001,1.8570244719740003e-07,0.1910775299715938,250,36,4,210,10000,10000,0.000999900009999
MovieLens-1M,profile,full_unseen_catalogue,target_margin,full_catalogue,full_catalogue,joint_regret_primary,lime,greedy_cf,-0.002830898706700566,-0.002458753048522516,-0.003056704637256814,-0.0026110557469303636,9.999000099990002e-05,7.074749280333369e-74,-1.5771846475166127,250,0,244,6,10000,10000,0.000999900009999
MovieLens-1M,profile,full_unseen_catalogue,target_margin,full_catalogue,full_catalogue,joint_regret_primary,lime,random,-0.007207760679251686,-0.0062154159252854006,-0.007774545530289878,-0.0066428388035585755,9.999000099990002e-05,1.105429575052089e-75,-1.5738047323341613,250,0,250,0,10000,10000,0.000999900009999
MovieLens-1M,profile,full_unseen_catalogue,target_margin,full_catalogue,full_catalogue,joint_regret_primary,loo,greedy_cf,-0.002832395948035454,-0.0024641786473964923,-0.003057745917249387,-0.002614303712034612,9.999000099990002e-05,7.074749280333369e-74,-1.577828627836534,250,0,244,6,10000,10000,0.000999900009999
MovieLens-1M,profile,full_unseen_catalogue,target_margin,full_catalogue,full_catalogue,joint_regret_primary,loo,random,-0.007209257920586573,-0.0062154159252854006,-0.007782543813236334,-0.006645714076934593,9.999000099990002e-05,1.105429575052089e-75,-1.5740954772233795,250,0,250,0,10000,10000,0.000999900009999
MovieLens-1M,profile,full_unseen_catalogue,target_margin,full_catalogue,full_catalogue,joint_regret_primary,greedy_cf,random,-0.004376861972551119,-0.003154449933311831,-0.004929600336107224,-0.0038546568382310346,9.999000099990002e-05,2.0367281879018056e-54,-1.0065257431484727,250,13,237,0,10000,10000,0.000999900009999
MovieLens-1M,profile,full_unseen_catalogue,target_margin,full_catalogue,full_catalogue,normalized_regret_primary,shapley_mc,lime,0.017428927549789613,0.0,0.006698196388174302,0.03259296483572139,9.999000099990002e-05,3.8083949050165733e-10,0.16399419808540056,250,68,13,169,10000,10000,0.000999900009999
MovieLens-1M,profile,full_unseen_catalogue,target_margin,full_catalogue,full_catalogue,normalized_regret_primary,shapley_mc,loo,0.01821220120648983,0.0,0.007451595365614108,0.03286630632770183,9.999000099990002e-05,1.0458871665120482e-20,0.1732947070272431,250,77,2,171,10000,10000,0.000999900009999
MovieLens-1M,profile,full_unseen_catalogue,target_margin,full_catalogue,full_catalogue,normalized_regret_primary,shapley_mc,greedy_cf,-0.4852849669359765,-0.4701166413740652,-0.5156457800711816,-0.4554690230178366,9.999000099990002e-05,7.074749280333369e-74,-1.9718043248818153,250,0,244,6,10000,10000,0.000999900009999
MovieLens-1M,profile,full_unseen_catalogue,target_margin,full_catalogue,full_catalogue,normalized_regret_primary,shapley_mc,random,-1.0001500461174018,-1.0137140833891956,-1.0196791090550095,-0.9808739719758112,9.999000099990002e-05,1.105429575052089e-75,-6.429912994276724,250,0,250,0,10000,10000,0.000999900009999
MovieLens-1M,profile,full_unseen_catalogue,target_margin,full_catalogue,full_catalogue,normalized_regret_primary,lime,loo,0.0007832736567002194,0.0,-0.00028766446842058756,0.0019557661960189583,0.18788121187881213,1.8570244719740003e-07,0.08751565356223094,250,36,4,210,10000,10000,0.18788121187881213
MovieLens-1M,profile,full_unseen_catalogue,target_margin,full_catalogue,full_catalogue,normalized_regret_primary,lime,greedy_cf,-0.5027138944857662,-0.4701166413740652,-0.5392589954138721,-0.468561540240377,9.999000099990002e-05,7.074749280333369e-74,-1.7471545550226812,250,0,244,6,10000,10000,0.000999900009999
MovieLens-1M,profile,full_unseen_catalogue,target_margin,full_catalogue,full_catalogue,normalized_regret_primary,lime,random,-1.0175789736671912,-1.0190801624560701,-1.0389413041698008,-0.9970633998234544,9.999000099990002e-05,1.105429575052089e-75,-6.0108148165054125,250,0,250,0,10000,10000,0.000999900009999
MovieLens-1M,profile,full_unseen_catalogue,target_margin,full_catalogue,full_catalogue,normalized_regret_primary,loo,greedy_cf,-0.5034971681424664,-0.4701166413740652,-0.5392064834690611,-0.46893023971219194,9.999000099990002e-05,7.074749280333369e-74,-1.7536895862303405,250,0,244,6,10000,10000,0.000999900009999
MovieLens-1M,profile,full_unseen_catalogue,target_margin,full_catalogue,full_catalogue,normalized_regret_primary,loo,random,-1.0183622473238916,-1.0212635695004288,-1.0394769633192638,-0.9979872377506751,9.999000099990002e-05,1.105429575052089e-75,-6.063909483703624,250,0,250,0,10000,10000,0.000999900009999
MovieLens-1M,profile,full_unseen_catalogue,target_margin,full_catalogue,full_catalogue,normalized_regret_primary,greedy_cf,random,-0.514865079181425,-0.5287344505615806,-0.5511736811786181,-0.4783455604601645,9.999000099990002e-05,2.0367281879018056e-54,-1.7106175477175485,250,13,237,0,10000,10000,0.000999900009999
MovieLens-1M,profile,full_unseen_catalogue,target_margin,full_catalogue,full_catalogue,joint_regret_ndcg,shapley_mc,lime,0.0,0.0,0.0,0.0,1.0,1.0,0.0,250,0,0,250,10000,10000,1.0
MovieLens-1M,profile,full_unseen_catalogue,target_margin,full_catalogue,full_catalogue,joint_regret_ndcg,shapley_mc,loo,3.505900067108114e-05,0.0,0.0,0.00010517700201324343,1.0,1.0,0.0632455532033676,250,1,0,249,10000,10000,1.0
MovieLens-1M,profile,full_unseen_catalogue,target_margin,full_catalogue,full_catalogue,joint_regret_ndcg,shapley_mc,greedy_cf,0.00011796247564990619,0.0,-0.0002616377714798894,0.0006937555831629309,1.0,1.0,0.03020339396403675,250,1,2,247,10000,10000,1.0
MovieLens-1M,profile,full_unseen_catalogue,target_margin,full_catalogue,full_catalogue,joint_regret_ndcg,shapley_mc,random,-0.00013368913827460855,0.0,-0.0003456086612825401,0.0,0.49895010498950104,0.5,-0.08834032213031433,250,0,2,248,10000,10000,1.0
MovieLens-1M,profile,full_unseen_catalogue,target_margin,full_catalogue,full_catalogue,joint_regret_ndcg,lime,loo,3.505900067108114e-05,0.0,0.0,0.00010517700201324343,1.0,1.0,0.0632455532033676,250,1,0,249,10000,10000,1.0
MovieLens-1M,profile,full_unseen_catalogue,target_margin,full_catalogue,full_catalogue,joint_regret_ndcg,lime,greedy_cf,0.00011796247564990619,0.0,-0.0002616377714798894,0.0006937555831629309,1.0,1.0,0.03020339396403675,250,1,2,247,10000,10000,1.0
MovieLens-1M,profile,full_unseen_catalogue,target_margin,full_catalogue,full_catalogue,joint_regret_ndcg,lime,random,-0.00013368913827460855,0.0,-0.0003456086612825401,0.0,0.49765023497650235,0.5,-0.08834032213031433,250,0,2,248,10000,10000,1.0
MovieLens-1M,profile,full_unseen_catalogue,target_margin,full_catalogue,full_catalogue,joint_regret_ndcg,loo,greedy_cf,8.290347497882503e-05,0.0,-0.00033986815621321235,0.0006633696727373519,1.0,1.0,0.0201389548569912,250,1,2,247,10000,10000,1.0
MovieLens-1M,profile,full_unseen_catalogue,target_margin,full_catalogue,full_catalogue,joint_regret_ndcg,loo,random,-0.00016874813894568968,0.0,-0.0004507856632957835,0.0,0.5112488751124887,0.5,-0.08474646590167985,250,0,2,248,10000,10000,1.0
MovieLens-1M,profile,full_unseen_catalogue,target_margin,full_catalogue,full_catalogue,joint_regret_ndcg,greedy_cf,random,-0.0002516516139245147,0.0,-0.0007345550889033398,0.0,0.5011498850114988,0.5,-0.06858260099904846,250,0,2,248,10000,10000,1.0
MovieLens-1M,profile,full_unseen_catalogue,target_margin,full_catalogue,full_catalogue,intervention_success_ndcg,shapley_mc,lime,0.0,0.0,0.0,0.0,1.0,1.0,0.0,250,0,0,250,10000,10000,1.0
MovieLens-1M,profile,full_unseen_catalogue,target_margin,full_catalogue,full_catalogue,intervention_success_ndcg,shapley_mc,loo,0.0,0.0,0.0,0.0,1.0,1.0,0.0,250,0,0,250,10000,10000,1.0
MovieLens-1M,profile,full_unseen_catalogue,target_margin,full_catalogue,full_catalogue,intervention_success_ndcg,shapley_mc,greedy_cf,0.0,0.0,0.0,0.0,1.0,1.0,0.0,250,0,0,250,10000,10000,1.0
MovieLens-1M,profile,full_unseen_catalogue,target_margin,full_catalogue,full_catalogue,intervention_success_ndcg,shapley_mc,random,0.0008,0.0,0.0,0.0024000000000000002,1.0,1.0,0.06324555320336758,250,1,0,249,10000,10000,1.0
MovieLens-1M,profile,full_unseen_catalogue,target_margin,full_catalogue,full_catalogue,intervention_success_ndcg,lime,loo,0.0,0.0,0.0,0.0,1.0,1.0,0.0,250,0,0,250,10000,10000,1.0
MovieLens-1M,profile,full_unseen_catalogue,target_margin,full_catalogue,full_catalogue,intervention_success_ndcg,lime,greedy_cf,0.0,0.0,0.0,0.0,1.0,1.0,0.0,250,0,0,250,10000,10000,1.0
MovieLens-1M,profile,full_unseen_catalogue,target_margin,full_catalogue,full_catalogue,intervention_success_ndcg,lime,random,0.0008,0.0,0.0,0.0024000000000000002,1.0,1.0,0.06324555320336758,250,1,0,249,10000,10000,1.0
MovieLens-1M,profile,full_unseen_catalogue,target_margin,full_catalogue,full_catalogue,intervention_success_ndcg,loo,greedy_cf,0.0,0.0,0.0,0.0,1.0,1.0,0.0,250,0,0,250,10000,10000,1.0
MovieLens-1M,profile,full_unseen_catalogue,target_margin,full_catalogue,full_catalogue,intervention_success_ndcg,loo,random,0.0008,0.0,0.0,0.0024000000000000002,1.0,1.0,0.06324555320336758,250,1,0,249,10000,10000,1.0
MovieLens-1M,profile,full_unseen_catalogue,target_margin,full_catalogue,full_catalogue,intervention_success_ndcg,greedy_cf,random,0.0008,0.0,0.0,0.0024000000000000002,1.0,1.0,0.06324555320336758,250,1,0,249,10000,10000,1.0
MovieLens-1M,profile,sampled_unseen_negatives_with_target,target_margin,primary,primary,aia,shapley_mc,lime,-0.18583733529112784,-0.1780451127819549,-0.19080607819876202,-0.18083175457991438,9.999000099990002e-05,3.7330544740128755e-298,-2.283755241910187,1000,1,998,1,10000,10000,0.000999900009999
MovieLens-1M,profile,sampled_unseen_negatives_with_target,target_margin,primary,primary,aia,shapley_mc,loo,-0.20613328576480286,-0.19819548872180465,-0.21139010448181852,-0.20110308057705972,9.999000099990002e-05,3.7330544740128755e-301,-2.489691218189823,1000,0,999,1,10000,10000,0.000999900009999
MovieLens-1M,profile,sampled_unseen_negatives_with_target,target_margin,primary,primary,aia,shapley_mc,greedy_cf,0.47096344286260694,0.4430075187969925,0.4583674955175113,0.48351052270162753,9.999000099990002e-05,3.0799406977664228e-288,2.2824667655518356,1000,994,5,1,10000,10000,0.000999900009999
MovieLens-1M,profile,sampled_unseen_negatives_with_target,target_margin,primary,primary,aia,shapley_mc,random,0.7871303157781331,0.795187969924812,0.7782822149464312,0.7959810055126761,9.999000099990002e-05,1.8665272370064378e-301,5.562005358632286,1000,1000,0,0,10000,10000,0.000999900009999
MovieLens-1M,profile,sampled_unseen_negatives_with_target,target_margin,primary,primary,aia,lime,loo,-0.020295950473675,-0.014135338345864668,-0.021524211468356275,-0.01914265849398286,9.999000099990002e-05,7.645295562778369e-298,-1.0501782979598362,1000,0,988,12,10000,10000,0.000999900009999
MovieLens-1M,profile,sampled_unseen_negatives_with_target,target_margin,primary,primary,aia,lime,greedy_cf,0.6568007781537346,0.6150375939849622,0.6449136024517278,0.6689984719520674,9.999000099990002e-05,1.8665272370064378e-301,3.3352653470074536,1000,1000,0,0,10000,10000,0.000999900009999
MovieLens-1M,profile,sampled_unseen_negatives_with_target,target_margin,primary,primary,aia,lime,random,0.9729676510692609,0.9739849624060148,0.9658254348387678,0.9801009612161573,9.999000099990002e-05,1.8665272370064378e-301,8.467399060227699,1000,1000,0,0,10000,10000,0.000999900009999
MovieLens-1M,profile,sampled_unseen_negatives_with_target,target_margin,primary,primary,aia,loo,greedy_cf,0.6770967286274098,0.6356921716054844,0.6655348077772331,0.6892327723376985,9.999000099990002e-05,1.8665272370064378e-301,3.5148704370234474,1000,1000,0,0,10000,10000,0.000999900009999
MovieLens-1M,profile,sampled_unseen_negatives_with_target,target_margin,primary,primary,aia,loo,random,0.9932636015429359,0.9963909774436088,0.9863404586087287,1.000280977804574,9.999000099990002e-05,1.8665272370064378e-301,8.853483341086646,1000,1000,0,0,10000,10000,0.000999900009999
MovieLens-1M,profile,sampled_unseen_negatives_with_target,target_margin,primary,primary,aia,greedy_cf,random,0.31616687291552614,0.34676691729323306,0.30235578865033313,0.32992710068981584,9.999000099990002e-05,4.0295859769053684e-172,1.4455977218407745,1000,910,89,1,10000,10000,0.000999900009999
MovieLens-1M,profile,sampled_unseen_negatives_with_target,target_margin,primary,primary,aia_ndcg,shapley_mc,lime,0.01769662418298508,0.0,-0.0017245777594163557,0.03706135951950683,0.0786921307869213,0.10058395491285077,0.10673412633931911,281,139,112,30,10000,10000,0.23607639236076391
MovieLens-1M,profile,sampled_unseen_negatives_with_target,target_margin,primary,primary,aia_ndcg,shapley_mc,loo,0.012370777479667286,0.00013217997238468282,-0.0058345399446913014,0.0311311173172787,0.2004799520047995,0.21565006963665598,0.07697230863675451,281,141,120,20,10000,10000,0.23607639236076391
MovieLens-1M,profile,sampled_unseen_negatives_with_target,target_margin,primary,primary,aia_ndcg,shapley_mc,greedy_cf,0.049606327324672746,0.0400500939457407,0.02290654158651084,0.0764742082745788,0.0004999500049995,0.0038717878800243826,0.215803198907363,281,157,109,15,10000,10000,0.0029997000299970002
MovieLens-1M,profile,sampled_unseen_negatives_with_target,target_margin,primary,primary,aia_ndcg,shapley_mc,random,0.1363798326416882,0.130066495428618,0.09625726226984788,0.17485236732523168,9.999000099990002e-05,2.0199309020563643e-09,0.41133754675996015,281,186,87,8,10000,10000,0.000999900009999
MovieLens-1M,profile,sampled_unseen_negatives_with_target,target_margin,primary,primary,aia_ndcg,lime,loo,-0.005325846703317797,0.0,-0.011423371778217591,0.0005749259797239416,0.08709129087091291,0.16637942032321046,-0.10253437299060328,281,94,115,72,10000,10000,0.23607639236076391
MovieLens-1M,profile,sampled_unseen_negatives_with_target,target_margin,primary,primary,aia_ndcg,lime,greedy_cf,0.031909703141687666,0.018159619982693553,0.003099956222162909,0.06112402355977555,0.0336966303369663,0.12515357836208,0.12743966575470844,281,146,120,15,10000,10000,0.1347865213478652
MovieLens-1M,profile,sampled_unseen_negatives_with_target,target_margin,primary,primary,aia_ndcg,lime,random,0.11868320845870313,0.12649864968552077,0.07847904302041434,0.1575531002602459,9.999000099990002e-05,4.3303394643966364e-09,0.3548491506831357,281,185,88,8,10000,10000,0.000999900009999
MovieLens-1M,profile,sampled_unseen_negatives_with_target,target_margin,primary,primary,aia_ndcg,loo,greedy_cf,0.03723554984500546,0.02890366565080399,0.008761887254053429,0.06633553039752588,0.014898510148985102,0.0661607949194662,0.14865795965622075,281,149,118,14,10000,10000,0.07449255074492551
MovieLens-1M,profile,sampled_unseen_negatives_with_target,target_margin,primary,primary,aia_ndcg,loo,random,0.12400905516202095,0.1382292557361967,0.08402725346132399,0.1621125846311048,9.999000099990002e-05,1.6986145942482743e-09,0.37585808894929773,281,188,88,5,10000,10000,0.000999900009999
MovieLens-1M,profile,sampled_unseen_negatives_with_target,target_margin,primary,primary,aia_ndcg,greedy_cf,random,0.08677350531701547,0.11180339887498947,0.04822245144426377,0.12413176350992268,9.999000099990002e-05,5.413147105997633e-05,0.26771060183454487,281,173,105,3,10000,10000,0.000999900009999
MovieLens-1M,profile,sampled_unseen_negatives_with_target,target_margin,primary,primary,faithfulness_alignment,shapley_mc,lime,-0.19925116847548732,-0.1905263157894736,-0.20489309989172333,-0.19368175386301006,9.999000099990002e-05,3.7330544740128755e-301,-2.1853107775352125,1000,0,999,1,10000,10000,0.000999900009999
MovieLens-1M,profile,sampled_unseen_negatives_with_target,target_margin,primary,primary,faithfulness_alignment,shapley_mc,loo,-0.22047140593668466,-0.2093675364882795,-0.2265391171154697,-0.21459762509033803,9.999000099990002e-05,3.7330544740128755e-301,-2.271154659489093,1000,0,999,1,10000,10000,0.000999900009999
MovieLens-1M,profile,sampled_unseen_negatives_with_target,target_margin,primary,primary,faithfulness_alignment,shapley_mc,greedy_cf,0.46535283720407555,0.44165413533834574,0.45211170655221966,0.47839592180793916,9.999000099990002e-05,9.002801686397925e-282,2.1690831374385486,1000,991,8,1,10000,10000,0.000999900009999
MovieLens-1M,profile,sampled_unseen_negatives_with_target,target_margin,primary,primary,faithfulness_alignment,shapley_mc,random,0.7795392462284876,0.7894736842105263,0.7703594293589537,0.7887668270576172,9.999000099990002e-05,9.341987486489591e-296,5.244980858829025,1000,998,2,0,10000,10000,0.000999900009999
MovieLens-1M,profile,sampled_unseen_negatives_with_target,target_margin,primary,primary,faithfulness_alignment,lime,loo,-0.021220237461197285,-0.015037593984962405,-0.022502010935401096,-0.019991603811436314,9.999000099990002e-05,9.556619453472961e-299,-1.0686707412262673,1000,0,991,9,10000,10000,0.000999900009999
MovieLens-1M,profile,sampled_unseen_negatives_with_target,target_margin,primary,primary,faithfulness_alignment,lime,greedy_cf,0.6646040056795629,0.6204511278195488,0.6528136243327106,0.676535314776168,9.999000099990002e-05,1.8665272370064378e-301,3.492308674817299,1000,1000,0,0,10000,10000,0.000999900009999
MovieLens-1M,profile,sampled_unseen_negatives_with_target,target_margin,primary,primary,faithfulness_alignment,lime,random,0.978790414703975,0.9780451127819549,0.9720361046584993,0.9855113179236913,9.999000099990002e-05,1.8665272370064378e-301,8.883628100643335,1000,1000,0,0,10000,10000,0.000999900009999
MovieLens-1M,profile,sampled_unseen_negatives_with_target,target_margin,primary,primary,faithfulness_alignment,loo,greedy_cf,0.6858242431407603,0.6416541353383458,0.6746006476740494,0.6974882265531166,9.999000099990002e-05,1.8665272370064378e-301,3.6699865134009286,1000,1000,0,0,10000,10000,0.000999900009999
MovieLens-1M,profile,sampled_unseen_negatives_with_target,target_margin,primary,primary,faithfulness_alignment,loo,random,1.0000106521651724,1.0,0.9932246172832586,1.0067932336926488,9.999000099990002e-05,1.8665272370064378e-301,9.163781811186134,1000,1000,0,0,10000,10000,0.000999900009999
MovieLens-1M,profile,sampled_unseen_negatives_with_target,target_margin,primary,primary,faithfulness_alignment,greedy_cf,random,0.31418640902441214,0.34606516290726813,0.30056719793789805,0.32767543121880705,9.999000099990002e-05,4.0295859769053684e-172,1.4481223576458744,1000,910,89,1,10000,10000,0.000999900009999
MovieLens-1M,profile,sampled_unseen_negatives_with_target,target_margin,primary,primary,actionability_gap,shapley_mc,lime,0.0134138331843595,0.002406015037593967,0.011067194482632946,0.016137472774258765,9.999000099990002e-05,2.699397792571994e-70,0.32985776202558176,1000,624,148,228,10000,10000,0.000999900009999
MovieLens-1M,profile,sampled_unseen_negatives_with_target,target_margin,primary,primary,actionability_gap,shapley_mc,loo,0.014338120171881805,0.003007518796992459,0.011941192285655542,0.017120459571130647,9.999000099990002e-05,1.1778713530434937e-96,0.339249288215164,1000,675,116,209,10000,10000,0.000999900009999
MovieLens-1M,profile,sampled_unseen_negatives_with_target,target_margin,primary,primary,actionability_gap,shapley_mc,greedy_cf,0.005610605658531356,0.0,0.0039161334768173,0.007679686827620263,9.999000099990002e-05,9.755653738528857e-09,0.1850162545687384,1000,467,307,226,10000,10000,0.000999900009999
MovieLens-1M,profile,sampled_unseen_negatives_with_target,target_margin,primary,primary,actionability_gap,shapley_mc,random,0.0075910695496454,0.0006015037593985189,0.005988492333131265,0.009324242463032319,9.999000099990002e-05,1.6220159914009759e-21,0.2848395097960553,1000,524,259,217,10000,10000,0.000999900009999
MovieLens-1M,profile,sampled_unseen_negatives_with_target,target_margin,primary,primary,actionability_gap,lime,loo,0.000924286987522307,2.222614453595284e-17,0.0005632533320652744,0.0013144712577154783,9.999000099990002e-05,1.0318298204632129e-24,0.14985342481546857,1000,512,234,254,10000,10000,0.000999900009999
MovieLens-1M,profile,sampled_unseen_negatives_with_target,target_margin,primary,primary,actionability_gap,lime,greedy_cf,-0.007803227525828143,-0.0013184957457403278,-0.009136313005621828,-0.006546854564810833,9.999000099990002e-05,2.723315795099113e-43,-0.37126293746344274,1000,199,576,225,10000,10000,0.000999900009999
MovieLens-1M,profile,sampled_unseen_negatives_with_target,target_margin,primary,primary,actionability_gap,lime,random,-0.005822763634714098,0.0,-0.007346088218669874,-0.004462335502990303,9.999000099990002e-05,4.8751000152024465e-08,-0.24951044706622555,1000,314,467,219,10000,10000,0.000999900009999
MovieLens-1M,profile,sampled_unseen_negatives_with_target,target_margin,primary,primary,actionability_gap,loo,greedy_cf,-0.008727514513350451,-0.0018045112781954892,-0.010041234012504546,-0.007444331859059437,9.999000099990002e-05,4.038329135508772e-56,-0.40892641328857166,1000,178,610,212,10000,10000,0.000999900009999
MovieLens-1M,profile,sampled_unseen_negatives_with_target,target_margin,primary,primary,actionability_gap,loo,random,-0.006747050622236407,-1.1102230246251565e-16,-0.008365944865634906,-0.005380454555764178,9.999000099990002e-05,5.715272660899888e-17,-0.2754167955540102,1000,279,514,207,10000,10000,0.000999900009999
MovieLens-1M,profile,sampled_unseen_negatives_with_target,target_margin,primary,primary,actionability_gap,greedy_cf,random,0.001980463891114046,0.0,0.0006729230796293484,0.003209692062323641,0.0028997100289971,6.242024087773281e-06,0.09410720579495271,1000,454,327,219,10000,10000,0.0028997100289971
MovieLens-1M,profile,sampled_unseen_negatives_with_target,target_margin,primary,primary,signed_alignment,shapley_mc,lime,-0.027040366985955237,-0.01630211893369793,-0.029012034143874713,-0.025135277863777103,9.999000099990002e-05,1.6420178093517454e-178,-0.8599835818420949,1000,81,911,8,10000,10000,0.000999900009999
MovieLens-1M,profile,sampled_unseen_negatives_with_target,target_margin,primary,primary,signed_alignment,shapley_mc,loo,-0.03539714765111057,-0.023245614035087847,-0.037532037367946885,-0.03325597056233248,9.999000099990002e-05,1.1886045445256996e-296,-1.032699323290377,1000,1,993,6,10000,10000,0.000999900009999
MovieLens-1M,profile,sampled_unseen_negatives_with_target,target_margin,primary,primary,signed_alignment,shapley_mc,greedy_cf,0.4984238150085209,0.35609022556390985,0.47558419090055964,0.5218719638117301,9.999000099990002e-05,1.8665272370064378e-301,1.3474076812026277,1000,1000,0,0,10000,10000,0.000999900009999
MovieLens-1M,profile,sampled_unseen_negatives_with_target,target_margin,primary,primary,signed_alignment,shapley_mc,random,0.9633590571141962,0.9635942798171899,0.9563763866396761,0.970250605816526,9.999000099990002e-05,1.8665272370064378e-301,8.536235363789123,1000,1000,0,0,10000,10000,0.000999900009999
MovieLens-1M,profile,sampled_unseen_negatives_with_target,target_margin,primary,primary,signed_alignment,lime,loo,-0.008356780665155336,-0.006917293233082766,-0.008781572771397907,-0.00794915322744856,9.999000099990002e-05,4.85237897853547e-286,-1.2283576576901707,1000,3,973,24,10000,10000,0.000999900009999
MovieLens-1M,profile,sampled_unseen_negatives_with_target,target_margin,primary,primary,signed_alignment,lime,greedy_cf,0.5254641819944761,0.38947368421052625,0.5024810670258535,0.5480288915470495,9.999000099990002e-05,1.8665272370064378e-301,1.4281186441832303,1000,1000,0,0,10000,10000,0.000999900009999
MovieLens-1M,profile,sampled_unseen_negatives_with_target,target_margin,primary,primary,signed_alignment,lime,random,0.9903994241001517,0.990187232787852,0.9837335549789478,0.9969685603710015,9.999000099990002e-05,1.8665272370064378e-301,9.23484488798896,1000,1000,0,0,10000,10000,0.000999900009999
MovieLens-1M,profile,sampled_unseen_negatives_with_target,target_margin,primary,primary,signed_alignment,loo,greedy_cf,0.5338209626596315,0.3964097744360902,0.5109897854386327,0.5567020027458351,9.999000099990002e-05,1.8665272370064378e-301,1.451121617754706,1000,1000,0,0,10000,10000,0.000999900009999
MovieLens-1M,profile,sampled_unseen_negatives_with_target,target_margin,primary,primary,signed_alignment,loo,random,0.9987562047653069,0.9986466165413534,0.9920595138664225,1.0053598611887338,9.999000099990002e-05,1.8665272370064378e-301,9.328814180755582,1000,1000,0,0,10000,10000,0.000999900009999
MovieLens-1M,profile,sampled_unseen_negatives_with_target,target_margin,primary,primary,signed_alignment,greedy_cf,random,0.46493524210567544,0.5803007518796992,0.4409358714906095,0.48837687235674543,9.999000099990002e-05,3.533030553609705e-139,1.2195556814445938,1000,875,125,0,10000,10000,0.000999900009999
MovieLens-1M,profile,sampled_unseen_negatives_with_target,target_margin,primary,primary,signed_alignment_ndcg,shapley_mc,lime,0.016139903566327954,0.0,0.0073211187792603565,0.02537870802377072,0.0004999500049995,0.002734243747079899,0.21061489306232378,281,131,86,64,10000,10000,0.0011998800119988001
MovieLens-1M,profile,sampled_unseen_negatives_with_target,target_margin,primary,primary,signed_alignment_ndcg,shapley_mc,loo,0.016930223419189025,0.0,0.007548816368889296,0.026669765478611565,0.00039996000399960006,0.01113394009895684,0.20670392309401484,281,132,93,56,10000,10000,0.0011998800119988001
MovieLens-1M,profile,sampled_unseen_negatives_with_target,target_margin,primary,primary,signed_alignment_ndcg,shapley_mc,greedy_cf,0.18377727710405298,0.16803361008336118,0.1570155560590195,0.21032556975918695,9.999000099990002e-05,2.8315839192727235e-34,0.795042523045729,281,226,37,18,10000,10000,0.000999900009999
MovieLens-1M,profile,sampled_unseen_negatives_with_target,target_margin,primary,primary,signed_alignment_ndcg,shapley_mc,random,0.35309149239426185,0.3580716060087416,0.3136719721163458,0.3921085064633269,9.999000099990002e-05,3.409381106156876e-41,1.0452584328745722,281,245,33,3,10000,10000,0.000999900009999
MovieLens-1M,profile,sampled_unseen_negatives_with_target,target_margin,primary,primary,signed_alignment_ndcg,lime,loo,0.0007903198528610726,0.0,-0.0027750566422260815,0.004281446376521124,0.6575342465753424,0.4976293702234113,0.026571732038932105,281,93,83,105,10000,10000,0.6575342465753424
MovieLens-1M,profile,sampled_unseen_negatives_with_target,target_margin,primary,primary,signed_alignment_ndcg,lime,greedy_cf,0.16763737353772504,0.13509735076262547,0.14085269056994393,0.19602745239104738,9.999000099990002e-05,3.591931491766208e-28,0.716798309234667,281,219,46,16,10000,10000,0.000999900009999
MovieLens-1M,profile,sampled_unseen_negatives_with_target,target_margin,primary,primary,signed_alignment_ndcg,lime,random,0.33695158882793386,0.34258206795208107,0.2967558004830651,0.3767260583818606,9.999000099990002e-05,1.4706658602217003e-36,0.9804700624706334,281,238,38,5,10000,10000,0.000999900009999
MovieLens-1M,profile,sampled_unseen_negatives_with_target,target_margin,primary,primary,signed_alignment_ndcg,loo,greedy_cf,0.16684705368486397,0.13693063937629152,0.13983371083632692,0.19488425819947272,9.999000099990002e-05,9.199205270934452e-26,0.7075541957534461,281,216,50,15,10000,10000,0.000999900009999
MovieLens-1M,profile,sampled_unseen_negatives_with_target,target_margin,primary,primary,signed_alignment_ndcg,loo,random,0.33616126897507276,0.3240820629906955,0.29610101379733167,0.3764353749418856,9.999000099990002e-05,3.0501122339987976e-36,0.980800278931667,281,239,39,3,10000,10000,0.000999900009999
MovieLens-1M,profile,sampled_unseen_negatives_with_target,target_margin,primary,primary,signed_alignment_ndcg,greedy_cf,random,0.16931421529020882,0.1809657630572587,0.1295506513840665,0.20841108330661062,9.999000099990002e-05,9.923620586283107e-13,0.4888265862524848,281,195,78,8,10000,10000,0.000999900009999
MovieLens-1M,profile,sampled_unseen_negatives_with_target,target_margin,primary,primary,direction_accuracy,shapley_mc,lime,-0.08820569450329513,-0.08000000000000007,-0.09107839485815183,-0.08539805716997573,9.999000099990002e-05,6.116236450222695e-297,-1.9392594281586362,1000,0,985,15,10000,10000,0.000999900009999
MovieLens-1M,profile,sampled_unseen_negatives_with_target,target_margin,primary,primary,direction_accuracy,shapley_mc,loo,-0.10359391000210662,-0.09999999999999998,-0.1063862388813457,-0.10084140750963004,9.999000099990002e-05,2.9864435792103004e-300,-2.3201927130849875,1000,0,996,4,10000,10000,0.000999900009999
MovieLens-1M,profile,sampled_unseen_negatives_with_target,target_margin,primary,primary,direction_accuracy,shapley_mc,greedy_cf,0.3380072600541873,0.34999999999999987,0.3318553547435752,0.34405089815490664,9.999000099990002e-05,6.203141958377715e-293,3.457475859589213,1000,996,3,1,10000,10000,0.000999900009999
MovieLens-1M,profile,sampled_unseen_negatives_with_target,target_margin,primary,primary,direction_accuracy,shapley_mc,random,0.3924400947607604,0.3900000000000002,0.3882276196476382,0.3965750946818489,9.999000099990002e-05,1.8665272370064378e-301,5.749620540364401,1000,1000,0,0,10000,10000,0.000999900009999
MovieLens-1M,profile,sampled_unseen_negatives_with_target,target_margin,primary,primary,direction_accuracy,lime,loo,-0.015388215498811463,-0.010000000000000009,-0.016356052014054902,-0.01443901493200641,9.999000099990002e-05,9.450193725616794e-191,-0.9913256238860547,1000,10,695,295,10000,10000,0.000999900009999
MovieLens-1M,profile,sampled_unseen_negatives_with_target,target_margin,primary,primary,direction_accuracy,lime,greedy_cf,0.4262129545574825,0.43000000000000005,0.42027946835510976,0.43216202130761827,9.999000099990002e-05,1.8665272370064378e-301,4.466407717747043,1000,1000,0,0,10000,10000,0.000999900009999
MovieLens-1M,profile,sampled_unseen_negatives_with_target,target_margin,primary,primary,direction_accuracy,lime,random,0.4806457892640555,0.48,0.4772155390700631,0.4841567179139445,9.999000099990002e-05,1.8665272370064378e-301,8.482674812803262,1000,1000,0,0,10000,10000,0.000999900009999
MovieLens-1M,profile,sampled_unseen_negatives_with_target,target_margin,primary,primary,direction_accuracy,loo,greedy_cf,0.4416011700562939,0.44999999999999996,0.4359879529792318,0.44717658799409227,9.999000099990002e-05,1.8665272370064378e-301,4.871432799700177,1000,1000,0,0,10000,10000,0.000999900009999
MovieLens-1M,profile,sampled_unseen_negatives_with_target,target_margin,primary,primary,direction_accuracy,loo,random,0.496034004762867,0.49403508771929827,0.4926678707473297,0.4993783477568827,9.999000099990002e-05,1.8665272370064378e-301,9.157850396902278,1000,1000,0,0,10000,10000,0.000999900009999
MovieLens-1M,profile,sampled_unseen_negatives_with_target,target_margin,primary,primary,direction_accuracy,greedy_cf,random,0.0544328347065731,0.050000000000000044,0.0480282719624287,0.06057786728465462,9.999000099990002e-05,5.384085428536156e-37,0.5296637003818414,1000,680,289,31,10000,10000,0.000999900009999
MovieLens-1M,profile,sampled_unseen_negatives_with_target,target_margin,primary,primary,direction_accuracy_ndcg,shapley_mc,lime,0.030870651180861564,0.0,0.011141933771019095,0.05090037554860861,0.0038996100389961006,0.005925206606743137,0.17911314002531797,281,80,48,153,10000,10000,0.011698830116988301
MovieLens-1M,profile,sampled_unseen_negatives_with_target,target_margin,primary,primary,direction_accuracy_ndcg,shapley_mc,loo,0.027595281649866115,0.0,0.0073938317275204935,0.04843784584302299,0.007599240075992401,0.001557201762774584,0.15774706239185002,281,76,41,164,10000,10000,0.015198480151984802
MovieLens-1M,profile,sampled_unseen_negatives_with_target,target_margin,primary,primary,direction_accuracy_ndcg,shapley_mc,greedy_cf,0.14174443947902707,0.0,0.10297406376797208,0.1800694318592908,9.999000099990002e-05,1.6364554313405143e-10,0.43796256613342543,281,140,52,89,10000,10000,0.000999900009999
MovieLens-1M,profile,sampled_unseen_negatives_with_target,target_margin,primary,primary,direction_accuracy_ndcg,shapley_mc,random,0.28264445745932554,0.25,0.23779990547195384,0.32717816252157234,9.999000099990002e-05,4.562798521855989e-34,0.7490926209600579,281,201,27,53,10000,10000,0.000999900009999
MovieLens-1M,profile,sampled_unseen_negatives_with_target,target_margin,primary,primary,direction_accuracy_ndcg,lime,loo,-0.0032753695309954466,0.0,-0.00965843182656821,0.0023006682967334265,0.29547045295470453,1.0,-0.06411423088986934,281,22,23,236,10000,10000,0.29547045295470453
MovieLens-1M,profile,sampled_unseen_negatives_with_target,target_margin,primary,primary,direction_accuracy_ndcg,lime,greedy_cf,0.11087378829816552,0.0,0.06678968864189061,0.1550377557162346,9.999000099990002e-05,2.2530245105886897e-05,0.29188513685153855,281,136,74,71,10000,10000,0.000999900009999
MovieLens-1M,profile,sampled_unseen_negatives_with_target,target_margin,primary,primary,direction_accuracy_ndcg,lime,random,0.251773806278464,0.25,0.20632283416523,0.29640965574056427,9.999000099990002e-05,1.4611178490600146e-26,0.6503556446042238,281,186,34,61,10000,10000,0.000999900009999
MovieLens-1M,profile,sampled_unseen_negatives_with_target,target_margin,primary,primary,direction_accuracy_ndcg,loo,greedy_cf,0.11414915782916096,0.0,0.06937574289015767,0.15821385375753966,9.999000099990002e-05,8.158993046976242e-06,0.30541554856401343,281,137,72,72,10000,10000,0.000999900009999
MovieLens-1M,profile,sampled_unseen_negatives_with_target,target_margin,primary,primary,direction_accuracy_ndcg,loo,random,0.2550491758094594,0.25,0.21008634457211298,0.2982920038812531,9.999000099990002e-05,7.300791075671818e-25,0.6651121058768531,281,185,37,59,10000,10000,0.000999900009999
MovieLens-1M,profile,sampled_unseen_negatives_with_target,target_margin,primary,primary,direction_accuracy_ndcg,greedy_cf,random,0.1409000179802985,0.1071428571428571,0.09015709883769074,0.19364285626858893,9.999000099990002e-05,4.234657583913016e-06,0.3202844182217773,281,153,82,46,10000,10000,0.000999900009999
MovieLens-1M,profile,sampled_unseen_negatives_with_target,target_margin,primary,primary,top1_precision,shapley_mc,lime,-0.0654,0.0,-0.07519999999999999,-0.056,9.999000099990002e-05,3.928874710490944e-36,-0.4198254332508763,1000,64,293,643,10000,10000,0.000999900009999
MovieLens-1M,profile,sampled_unseen_negatives_with_target,target_margin,primary,primary,top1_precision,shapley_mc,loo,-0.10419999999999999,0.0,-0.11479999999999999,-0.09399500000000005,9.999000099990002e-05,1.2813676127874018e-95,-0.6234907205133509,1000,10,370,620,10000,10000,0.000999900009999
MovieLens-1M,profile,sampled_unseen_negatives_with_target,target_margin,primary,primary,top1_precision,shapley_mc,greedy_cf,0.5873999999999999,0.6,0.5702,0.6044,9.999000099990002e-05,4.9408361745629204e-287,2.141508083664078,1000,961,1,38,10000,10000,0.000999900009999
MovieLens-1M,profile,sampled_unseen_negatives_with_target,target_margin,primary,primary,top1_precision,shapley_mc,random,0.8284000000000001,0.8,0.8160000000000001,0.8408000000000001,9.999000099990002e-05,1.4932217896051502e-300,4.195173494346274,1000,997,0,3,10000,10000,0.000999900009999
MovieLens-1M,profile,sampled_unseen_negatives_with_target,target_margin,primary,primary,top1_precision,lime,loo,-0.038799999999999994,0.0,-0.0452,-0.032799999999999996,9.999000099990002e-05,8.749729821970673e-38,-0.3844648596257163,1000,11,170,819,10000,10000,0.000999900009999
MovieLens-1M,profile,sampled_unseen_negatives_with_target,target_margin,primary,primary,top1_precision,lime,greedy_cf,0.6527999999999999,0.6000000000000001,0.636,0.6692,9.999000099990002e-05,1.6033346880071782e-291,2.3703258675722956,1000,967,0,33,10000,10000,0.000999900009999
MovieLens-1M,profile,sampled_unseen_negatives_with_target,target_margin,primary,primary,top1_precision,lime,random,0.8937999999999999,1.0,0.8848,0.9026000000000002,9.999000099990002e-05,3.7330544740128755e-301,6.106612732702819,1000,999,0,1,10000,10000,0.000999900009999
MovieLens-1M,profile,sampled_unseen_negatives_with_target,target_margin,primary,primary,top1_precision,loo,greedy_cf,0.6916,0.8,0.6741949999999999,0.7094,9.999000099990002e-05,4.008336720017946e-292,2.4328859971807173,1000,969,0,31,10000,10000,0.000999900009999
MovieLens-1M,profile,sampled_unseen_negatives_with_target,target_margin,primary,primary,top1_precision,loo,random,0.9326,1.0,0.9254000000000001,0.9398000000000001,9.999000099990002e-05,3.7330544740128755e-301,8.023348750506702,1000,999,0,1,10000,10000,0.000999900009999
MovieLens-1M,profile,sampled_unseen_negatives_with_target,target_margin,primary,primary,top1_precision,greedy_cf,random,0.241,0.2,0.2222,0.25980000000000003,9.999000099990002e-05,1.2335030583387087e-100,0.7985120545960338,1000,610,82,308,10000,10000,0.000999900009999
MovieLens-1M,profile,sampled_unseen_negatives_with_target,target_margin,primary,primary,top3_precision,shapley_mc,lime,-0.04673333333333335,0.0,-0.05186666666666667,-0.04160000000000001,9.999000099990002e-05,9.122921150856831e-67,-0.5650400323950968,1000,80,464,456,10000,10000,0.000999900009999
MovieLens-1M,profile,sampled_unseen_negatives_with_target,target_margin,primary,primary,top3_precision,shapley_mc,loo,-0.0798666666666667,-0.06666666666666676,-0.0858666666666667,-0.07400000000000002,9.999000099990002e-05,1.4384664281730624e-164,-0.8394196367540874,1000,6,585,409,10000,10000,0.000999900009999
MovieLens-1M,profile,sampled_unseen_negatives_with_target,target_margin,primary,primary,top3_precision,shapley_mc,greedy_cf,0.3842,0.33333333333333326,0.37,0.3990683333333333,9.999000099990002e-05,2.446494580089078e-296,1.6222896528404045,1000,983,0,17,10000,10000,0.000999900009999
MovieLens-1M,profile,sampled_unseen_negatives_with_target,target_margin,primary,primary,top3_precision,shapley_mc,random,0.7396666666666667,0.7333333333333334,0.7302666666666666,0.7488666666666667,9.999000099990002e-05,1.8665272370064378e-301,4.935730665769542,1000,1000,0,0,10000,10000,0.000999900009999
MovieLens-1M,profile,sampled_unseen_negatives_with_target,target_margin,primary,primary,top3_precision,lime,loo,-0.033133333333333355,0.0,-0.036466666666666696,-0.029800000000000024,9.999000099990002e-05,3.692187258715907e-89,-0.6059787634435526,1000,14,364,622,10000,10000,0.000999900009999
MovieLens-1M,profile,sampled_unseen_negatives_with_target,target_margin,primary,primary,top3_precision,lime,greedy_cf,0.43093333333333333,0.33333333333333337,0.4162666666666667,0.4465333333333333,9.999000099990002e-05,3.0581182251113476e-297,1.7664832889303779,1000,986,0,14,10000,10000,0.000999900009999
MovieLens-1M,profile,sampled_unseen_negatives_with_target,target_margin,primary,primary,top3_precision,lime,random,0.7864000000000001,0.8,0.7778649999999999,0.7946666666666667,9.999000099990002e-05,1.8665272370064378e-301,5.795649524113219,1000,1000,0,0,10000,10000,0.000999900009999
MovieLens-1M,profile,sampled_unseen_negatives_with_target,target_margin,primary,primary,top3_precision,loo,greedy_cf,0.46406666666666674,0.4,0.4484,0.4802666666666667,9.999000099990002e-05,3.0581182251113476e-297,1.7999381561641987,1000,986,0,14,10000,10000,0.000999900009999
MovieLens-1M,profile,sampled_unseen_negatives_with_target,target_margin,primary,primary,top3_precision,loo,random,0.8195333333333334,0.8,0.8114666666666667,0.8274000000000001,9.999000099990002e-05,1.8665272370064378e-301,6.439042341291523,1000,1000,0,0,10000,10000,0.000999900009999
MovieLens-1M,profile,sampled_unseen_negatives_with_target,target_margin,primary,primary,top3_precision,greedy_cf,random,0.35546666666666665,0.4,0.33846666666666664,0.3719333333333333,9.999000099990002e-05,8.954040513674811e-135,1.3003102681555487,1000,847,121,32,10000,10000,0.000999900009999
MovieLens-1M,profile,sampled_unseen_negatives_with_target,target_margin,primary,primary,top5_precision,shapley_mc,lime,-0.03919999999999999,-0.039999999999999925,-0.04336099999999998,-0.03523999999999999,9.999000099990002e-05,1.7068195574629983e-61,-0.5965970422865952,1000,122,530,348,10000,10000,0.000999900009999
MovieLens-1M,profile,sampled_unseen_negatives_with_target,target_margin,primary,primary,top5_precision,shapley_mc,loo,-0.06763999999999999,-0.040000000000000036,-0.07196100000000001,-0.06332,9.999000099990002e-05,2.752087069792007e-204,-0.9637561102926901,1000,3,700,297,10000,10000,0.000999900009999
MovieLens-1M,profile,sampled_unseen_negatives_with_target,target_margin,primary,primary,top5_precision,shapley_mc,greedy_cf,0.31728,0.24,0.30228,0.33292099999999997,9.999000099990002e-05,1.4694535614243144e-281,1.2968336905501765,1000,965,4,31,10000,10000,0.000999900009999
MovieLens-1M,profile,sampled_unseen_negatives_with_target,target_margin,primary,primary,top5_precision,shapley_mc,random,0.6408366666666666,0.6400000000000001,0.6324331666666667,0.6491734166666667,9.999000099990002e-05,3.7330544740128755e-301,4.6959145740213835,1000,999,0,1,10000,10000,0.000999900009999
MovieLens-1M,profile,sampled_unseen_negatives_with_target,target_margin,primary,primary,top5_precision,lime,loo,-0.028440000000000007,0.0,-0.030720000000000004,-0.02616000000000001,9.999000099990002e-05,2.483892596271762e-118,-0.7595029730832641,1000,20,490,490,10000,10000,0.000999900009999
MovieLens-1M,profile,sampled_unseen_negatives_with_target,target_margin,primary,primary,top5_precision,lime,greedy_cf,0.35648,0.28,0.341,0.372481,9.999000099990002e-05,3.704072810376012e-282,1.4010653482779347,1000,967,4,29,10000,10000,0.000999900009999
MovieLens-1M,profile,sampled_unseen_negatives_with_target,target_margin,primary,primary,top5_precision,lime,random,0.6800366666666666,0.72,0.6714898333333333,0.6880700833333333,9.999000099990002e-05,7.466108948025751e-301,5.183972587097747,1000,998,0,2,10000,10000,0.000999900009999
MovieLens-1M,profile,sampled_unseen_negatives_with_target,target_margin,primary,primary,top5_precision,loo,greedy_cf,0.38492,0.31999999999999995,0.36912,0.401121,9.999000099990002e-05,1.1870989821587147e-287,1.4721986595018632,1000,971,2,27,10000,10000,0.000999900009999
MovieLens-1M,profile,sampled_unseen_negatives_with_target,target_margin,primary,primary,top5_precision,loo,random,0.7084766666666666,0.72,0.7003864999999999,0.71642675,9.999000099990002e-05,3.7330544740128755e-301,5.394707177176743,1000,999,0,1,10000,10000,0.000999900009999
MovieLens-1M,profile,sampled_unseen_negatives_with_target,target_margin,primary,primary,top5_precision,greedy_cf,random,0.32355666666666666,0.39999999999999997,0.30704991666666664,0.33966775,9.999000099990002e-05,2.5577639525112967e-126,1.2437813108822113,1000,855,139,6,10000,10000,0.000999900009999
MovieLens-1M,profile,sampled_unseen_negatives_with_target,target_margin,primary,primary,joint_effect_primary,shapley_mc,lime,-9.165551040248056e-06,0.0,-1.0530650330431155e-05,-7.880850291936118e-06,9.999000099990002e-05,8.670022469255701e-56,-0.42233392444020634,1000,95,448,457,10000,10000,0.000999900009999
MovieLens-1M,profile,sampled_unseen_negatives_with_target,target_margin,primary,primary,joint_effect_primary,shapley_mc,loo,-1.1224530098420286e-05,-1.1575785504147184e-06,-1.2588757416009083e-05,-9.874749142069116e-06,9.999000099990002e-05,1.4372593158179402e-128,-0.5140425928366955,1000,18,518,464,10000,10000,0.000999900009999
MovieLens-1M,profile,sampled_unseen_negatives_with_target,target_margin,primary,primary,joint_effect_primary,shapley_mc,greedy_cf,0.0012955398738132336,0.0008162553759387849,0.0011980708459912823,0.0013986317075785494,9.999000099990002e-05,4.778309726736481e-299,0.7928669622653444,1000,992,0,8,10000,10000,0.000999900009999
MovieLens-1M,profile,sampled_unseen_negatives_with_target,target_margin,primary,primary,joint_effect_primary,shapley_mc,random,0.0023473013771470523,0.0017475886195604529,0.0022173930506647625,0.0024833639496654784,9.999000099990002e-05,1.8665272370064378e-301,1.0816392134615,1000,1000,0,0,10000,10000,0.000999900009999
MovieLens-1M,profile,sampled_unseen_negatives_with_target,target_margin,primary,primary,joint_effect_primary,lime,loo,-2.058979058172231e-06,0.0,-2.4967962578783645e-06,-1.6591296183937011e-06,9.999000099990002e-05,7.218467301665132e-48,-0.3035095709299118,1000,35,277,688,10000,10000,0.000999900009999
MovieLens-1M,profile,sampled_unseen_negatives_with_target,target_margin,primary,primary,joint_effect_primary,lime,greedy_cf,0.0013047054248534816,0.0008203532693574657,0.0012065353103925982,0.0014084761316451157,9.999000099990002e-05,4.778309726736481e-299,0.7999188970258783,1000,992,0,8,10000,10000,0.000999900009999
MovieLens-1M,profile,sampled_unseen_negatives_with_target,target_margin,primary,primary,joint_effect_primary,lime,random,0.0023564669281873002,0.0017504254768295425,0.002228494213882758,0.0024958914757361042,9.999000099990002e-05,1.8665272370064378e-301,1.0881711903629145,1000,1000,0,0,10000,10000,0.000999900009999
MovieLens-1M,profile,sampled_unseen_negatives_with_target,target_margin,primary,primary,joint_effect_primary,loo,greedy_cf,0.0013067644039116537,0.0008224326361659596,0.0012097667189858974,0.0014104520212610556,9.999000099990002e-05,4.778309726736481e-299,0.8005295785592977,1000,992,0,8,10000,10000,0.000999900009999
MovieLens-1M,profile,sampled_unseen_negatives_with_target,target_margin,primary,primary,joint_effect_primary,loo,random,0.002358525907245472,0.0017505567145614854,0.002228246499964923,0.0024945640828943566,9.999000099990002e-05,1.8665272370064378e-301,1.089141047675534,1000,1000,0,0,10000,10000,0.000999900009999
MovieLens-1M,profile,sampled_unseen_negatives_with_target,target_margin,primary,primary,joint_effect_primary,greedy_cf,random,0.0010517615033338184,0.0007027979128442219,0.0009346940185186464,0.0011734446396591276,9.999000099990002e-05,2.6005280862694676e-84,0.539480154547163,1000,798,202,0,10000,10000,0.000999900009999
MovieLens-1M,profile,sampled_unseen_negatives_with_target,target_margin,primary,primary,joint_effect_ndcg,shapley_mc,lime,-0.00035031688086157296,0.0,-0.0007850434919618152,6.506454723921104e-05,0.11148885111488852,0.5831321542611763,-0.051086321134871715,1000,24,29,947,10000,10000,0.3344665533446656
MovieLens-1M,profile,sampled_unseen_negatives_with_target,target_margin,primary,primary,joint_effect_ndcg,shapley_mc,loo,0.00010396110108572934,0.0,-0.0003391460610866664,0.0005576151093006438,0.6488351164883511,0.5189580031896519,0.014528985373051629,1000,33,27,940,10000,10000,0.6488351164883511
MovieLens-1M,profile,sampled_unseen_negatives_with_target,target_margin,primary,primary,joint_effect_ndcg,shapley_mc,greedy_cf,0.004694530593481207,0.0,0.003437557068055853,0.006056147497989339,9.999000099990002e-05,3.474729849319795e-24,0.22098674882585484,1000,153,24,823,10000,10000,0.000999900009999
MovieLens-1M,profile,sampled_unseen_negatives_with_target,target_margin,primary,primary,joint_effect_ndcg,shapley_mc,random,0.005391653209069916,0.0,0.004061129856359775,0.006726125385616359,9.999000099990002e-05,1.5299368708099277e-21,0.2466910697645995,1000,180,42,778,10000,10000,0.000999900009999
MovieLens-1M,profile,sampled_unseen_negatives_with_target,target_margin,primary,primary,joint_effect_ndcg,lime,loo,0.0004542779819473023,0.0,8.619091209526137e-05,0.0008689115612562791,0.022497750224977502,0.10775214433670044,0.0710514161264842,1000,17,8,975,10000,10000,0.08999100089991001
MovieLens-1M,profile,sampled_unseen_negatives_with_target,target_margin,primary,primary,joint_effect_ndcg,lime,greedy_cf,0.00504484747434278,0.0,0.003747490488089911,0.006403173480279917,9.999000099990002e-05,2.5636386452508263e-26,0.23511764976650895,1000,157,22,821,10000,10000,0.000999900009999
MovieLens-1M,profile,sampled_unseen_negatives_with_target,target_margin,primary,primary,joint_effect_ndcg,lime,random,0.00574197008993149,0.0,0.004429385626416845,0.007143123591793971,9.999000099990002e-05,2.984707954938208e-23,0.26317528766933385,1000,186,41,773,10000,10000,0.000999900009999
MovieLens-1M,profile,sampled_unseen_negatives_with_target,target_margin,primary,primary,joint_effect_ndcg,loo,greedy_cf,0.004590569492395478,0.0,0.003330771013862218,0.005941459601632044,9.999000099990002e-05,6.0142623008524104e-24,0.22071125313315107,1000,152,24,824,10000,10000,0.000999900009999
MovieLens-1M,profile,sampled_unseen_negatives_with_target,target_margin,primary,primary,joint_effect_ndcg,loo,random,0.005287692107984187,0.0,0.003996690840108827,0.006619328855915246,9.999000099990002e-05,9.39002117711371e-22,0.25132600038214065,1000,183,43,774,10000,10000,0.000999900009999
MovieLens-1M,profile,sampled_unseen_negatives_with_target,target_margin,primary,primary,joint_effect_ndcg,greedy_cf,random,0.0006971226155887102,0.0,-0.0004916618366439293,0.0018796410742658886,0.23757624237576241,0.883771236928979,0.036691522798788186,1000,95,92,813,10000,10000,0.47515248475152483
MovieLens-1M,profile,sampled_unseen_negatives_with_target,target_margin,primary,primary,joint_effect_target_margin,shapley_mc,lime,-9.165551040248056e-06,0.0,-1.0564794652694215e-05,-7.808712610461236e-06,9.999000099990002e-05,8.670022469255701e-56,-0.42233392444020634,1000,95,448,457,10000,10000,0.000999900009999
MovieLens-1M,profile,sampled_unseen_negatives_with_target,target_margin,primary,primary,joint_effect_target_margin,shapley_mc,loo,-1.1224530098420286e-05,-1.1575785504147184e-06,-1.2576956371390516e-05,-9.896102669056841e-06,9.999000099990002e-05,1.4372593158179402e-128,-0.5140425928366955,1000,18,518,464,10000,10000,0.000999900009999
MovieLens-1M,profile,sampled_unseen_negatives_with_target,target_margin,primary,primary,joint_effect_target_margin,shapley_mc,greedy_cf,0.0012955398738132336,0.0008162553759387849,0.001199657209909461,0.0014007745564972613,9.999000099990002e-05,4.778309726736481e-299,0.7928669622653444,1000,992,0,8,10000,10000,0.000999900009999
MovieLens-1M,profile,sampled_unseen_negatives_with_target,target_margin,primary,primary,joint_effect_target_margin,shapley_mc,random,0.0023473013771470523,0.0017475886195604529,0.0022175932730585587,0.0024798718822554564,9.999000099990002e-05,1.8665272370064378e-301,1.0816392134615,1000,1000,0,0,10000,10000,0.000999900009999
MovieLens-1M,profile,sampled_unseen_negatives_with_target,target_margin,primary,primary,joint_effect_target_margin,lime,loo,-2.058979058172231e-06,0.0,-2.505690458838168e-06,-1.666466717122369e-06,9.999000099990002e-05,7.218467301665132e-48,-0.3035095709299118,1000,35,277,688,10000,10000,0.000999900009999
MovieLens-1M,profile,sampled_unseen_negatives_with_target,target_margin,primary,primary,joint_effect_target_margin,lime,greedy_cf,0.0013047054248534816,0.0008203532693574657,0.0012075918230932347,0.0014099790186769864,9.999000099990002e-05,4.778309726736481e-299,0.7999188970258783,1000,992,0,8,10000,10000,0.000999900009999
MovieLens-1M,profile,sampled_unseen_negatives_with_target,target_margin,primary,primary,joint_effect_target_margin,lime,random,0.0023564669281873002,0.0017504254768295425,0.0022275610160876415,0.002491844955369435,9.999000099990002e-05,1.8665272370064378e-301,1.0881711903629145,1000,1000,0,0,10000,10000,0.000999900009999
MovieLens-1M,profile,sampled_unseen_negatives_with_target,target_margin,primary,primary,joint_effect_target_margin,loo,greedy_cf,0.0013067644039116537,0.0008224326361659596,0.0012110374988429369,0.0014141574661013416,9.999000099990002e-05,4.778309726736481e-299,0.8005295785592977,1000,992,0,8,10000,10000,0.000999900009999
MovieLens-1M,profile,sampled_unseen_negatives_with_target,target_margin,primary,primary,joint_effect_target_margin,loo,random,0.002358525907245472,0.0017505567145614854,0.00222642153072656,0.0024977904684753438,9.999000099990002e-05,1.8665272370064378e-301,1.089141047675534,1000,1000,0,0,10000,10000,0.000999900009999
MovieLens-1M,profile,sampled_unseen_negatives_with_target,target_margin,primary,primary,joint_effect_target_margin,greedy_cf,random,0.0010517615033338184,0.0007027979128442219,0.0009306195457306805,0.0011740296192082696,9.999000099990002e-05,2.6005280862694676e-84,0.539480154547163,1000,798,202,0,10000,10000,0.000999900009999
MovieLens-1M,profile,sampled_unseen_negatives_with_target,target_margin,primary,primary,intervention_success,shapley_mc,lime,0.0,0.0,-0.0005999999999999998,0.0005999999999999998,1.0,1.0,0.0,1000,1,1,998,10000,10000,1.0
MovieLens-1M,profile,sampled_unseen_negatives_with_target,target_margin,primary,primary,intervention_success,shapley_mc,loo,-0.00019999999999999996,0.0,-0.0005999999999999998,0.0,1.0,1.0,-0.03162277660168379,1000,0,1,999,10000,10000,1.0
MovieLens-1M,profile,sampled_unseen_negatives_with_target,target_margin,primary,primary,intervention_success,shapley_mc,greedy_cf,0.231,0.0,0.20980000000000001,0.2524,9.999000099990002e-05,6.05092486695206e-123,0.6775527003186607,1000,407,0,593,10000,10000,0.000999900009999
MovieLens-1M,profile,sampled_unseen_negatives_with_target,target_margin,primary,primary,intervention_success,shapley_mc,random,0.5492,0.6,0.5347949999999999,0.5634000000000001,9.999000099990002e-05,9.785978320356312e-296,2.376782124104143,1000,981,0,19,10000,10000,0.000999900009999
MovieLens-1M,profile,sampled_unseen_negatives_with_target,target_margin,primary,primary,intervention_success,lime,loo,-0.00019999999999999996,0.0,-0.0005999999999999998,0.0,1.0,1.0,-0.03162277660168379,1000,0,1,999,10000,10000,1.0
MovieLens-1M,profile,sampled_unseen_negatives_with_target,target_margin,primary,primary,intervention_success,lime,greedy_cf,0.231,0.0,0.21,0.2522,9.999000099990002e-05,6.05092486695206e-123,0.6777862204146242,1000,407,0,593,10000,10000,0.000999900009999
MovieLens-1M,profile,sampled_unseen_negatives_with_target,target_margin,primary,primary,intervention_success,lime,random,0.5492,0.6,0.5347999999999999,0.5636049999999999,9.999000099990002e-05,9.785978320356312e-296,2.376782124104143,1000,981,0,19,10000,10000,0.000999900009999
MovieLens-1M,profile,sampled_unseen_negatives_with_target,target_margin,primary,primary,intervention_success,loo,greedy_cf,0.23120000000000002,0.0,0.21059999999999998,0.2526,9.999000099990002e-05,6.05092486695206e-123,0.6780588646375112,1000,407,0,593,10000,10000,0.000999900009999
MovieLens-1M,profile,sampled_unseen_negatives_with_target,target_margin,primary,primary,intervention_success,loo,random,0.5494,0.6,0.5351999999999999,0.5638,9.999000099990002e-05,4.892989160178156e-296,2.3816634046978633,1000,982,0,18,10000,10000,0.000999900009999
MovieLens-1M,profile,sampled_unseen_negatives_with_target,target_margin,primary,primary,intervention_success,greedy_cf,random,0.3182,0.4,0.2904,0.3462,9.999000099990002e-05,2.06805088237774e-78,0.7153422896911071,1000,738,186,76,10000,10000,0.000999900009999
MovieLens-1M,profile,sampled_unseen_negatives_with_target,target_margin,primary,primary,abstention,shapley_mc,lime,-0.0002,0.0,-0.0006000000000000001,0.0,1.0,1.0,-0.03162277660168379,1000,0,1,999,10000,10000,1.0
MovieLens-1M,profile,sampled_unseen_negatives_with_target,target_margin,primary,primary,abstention,shapley_mc,loo,-0.0002,0.0,-0.0006000000000000001,0.0,1.0,1.0,-0.03162277660168379,1000,0,1,999,10000,10000,1.0
MovieLens-1M,profile,sampled_unseen_negatives_with_target,target_margin,primary,primary,abstention,shapley_mc,greedy_cf,0.0,0.0,0.0,0.0,1.0,1.0,0.0,1000,0,0,1000,10000,10000,1.0
MovieLens-1M,profile,sampled_unseen_negatives_with_target,target_margin,primary,primary,abstention,shapley_mc,random,-0.0004,0.0,-0.001,0.0,0.5003499650034996,0.5,-0.044743759430964584,1000,0,2,998,10000,10000,1.0
MovieLens-1M,profile,sampled_unseen_negatives_with_target,target_margin,primary,primary,abstention,lime,loo,0.0,0.0,0.0,0.0,1.0,1.0,0.0,1000,0,0,1000,10000,10000,1.0
MovieLens-1M,profile,sampled_unseen_negatives_with_target,target_margin,primary,primary,abstention,lime,greedy_cf,0.0002,0.0,0.0,0.0006000000000000001,1.0,1.0,0.03162277660168379,1000,1,0,999,10000,10000,1.0
MovieLens-1M,profile,sampled_unseen_negatives_with_target,target_margin,primary,primary,abstention,lime,random,-0.0002,0.0,-0.001,0.0004,1.0,1.0,-0.018251329732716395,1000,1,2,997,10000,10000,1.0
MovieLens-1M,profile,sampled_unseen_negatives_with_target,target_margin,primary,primary,abstention,loo,greedy_cf,0.0002,0.0,0.0,0.0006000000000000001,1.0,1.0,0.03162277660168379,1000,1,0,999,10000,10000,1.0
MovieLens-1M,profile,sampled_unseen_negatives_with_target,target_margin,primary,primary,abstention,loo,random,-0.0002,0.0,-0.001,0.0004,1.0,1.0,-0.018251329732716395,1000,1,2,997,10000,10000,1.0
MovieLens-1M,profile,sampled_unseen_negatives_with_target,target_margin,primary,primary,abstention,greedy_cf,random,-0.0004,0.0,-0.001,0.0,0.5067493250674933,0.5,-0.044743759430964584,1000,0,2,998,10000,10000,1.0
MovieLens-1M,profile,sampled_unseen_negatives_with_target,target_margin,primary,primary,joint_regret_primary,shapley_mc,lime,9.165551040247887e-06,0.0,7.84692284389779e-06,1.0526563105587762e-05,9.999000099990002e-05,8.670022469255701e-56,0.4223339244402069,1000,448,95,457,10000,10000,0.000999900009999
MovieLens-1M,profile,sampled_unseen_negatives_with_target,target_margin,primary,primary,joint_regret_primary,shapley_mc,loo,1.122453009841995e-05,1.1575785504147616e-06,9.914128626883057e-06,1.261442317017413e-05,9.999000099990002e-05,1.4372593158179402e-128,0.5140425928366911,1000,518,18,464,10000,10000,0.000999900009999
MovieLens-1M,profile,sampled_unseen_negatives_with_target,target_margin,primary,primary,joint_regret_primary,shapley_mc,greedy_cf,-0.0012955398738132321,-0.0008162553759387848,-0.0013963042049687606,-0.001197379078514743,9.999000099990002e-05,4.778309726736481e-299,-0.7928669622653439,1000,0,992,8,10000,10000,0.000999900009999
MovieLens-1M,profile,sampled_unseen_negatives_with_target,target_margin,primary,primary,joint_regret_primary,shapley_mc,random,-0.00234730137714705,-0.0017475886195604529,-0.0024884702209514685,-0.002214791090723428,9.999000099990002e-05,1.8665272370064378e-301,-1.0816392134614992,1000,0,1000,0,10000,10000,0.000999900009999
MovieLens-1M,profile,sampled_unseen_negatives_with_target,target_margin,primary,primary,joint_regret_primary,lime,loo,2.0589790581720618e-06,0.0,1.6595697091841927e-06,2.5020806957241608e-06,9.999000099990002e-05,7.218467301665132e-48,0.30350957092989655,1000,277,35,688,10000,10000,0.000999900009999
MovieLens-1M,profile,sampled_unseen_negatives_with_target,target_margin,primary,primary,joint_regret_primary,lime,greedy_cf,-0.0013047054248534803,-0.0008203532693574656,-0.0014106457485592438,-0.0012095617471604815,9.999000099990002e-05,4.778309726736481e-299,-0.7999188970258779,1000,0,992,8,10000,10000,0.000999900009999
MovieLens-1M,profile,sampled_unseen_negatives_with_target,target_margin,primary,primary,joint_regret_primary,lime,random,-0.002356466928187299,-0.0017504254768295423,-0.002495754609974427,-0.0022266566033448186,9.999000099990002e-05,1.8665272370064378e-301,-1.0881711903629143,1000,0,1000,0,10000,10000,0.000999900009999
MovieLens-1M,profile,sampled_unseen_negatives_with_target,target_margin,primary,primary,joint_regret_primary,loo,greedy_cf,-0.0013067644039116524,-0.0008224326361659595,-0.0014123723663827532,-0.0012109460762451834,9.999000099990002e-05,4.778309726736481e-299,-0.8005295785592976,1000,0,992,8,10000,10000,0.000999900009999
MovieLens-1M,profile,sampled_unseen_negatives_with_target,target_margin,primary,primary,joint_regret_primary,loo,random,-0.00235852590724547,-0.0017505567145614854,-0.0024978154209720524,-0.0022288523366165076,9.999000099990002e-05,1.8665272370064378e-301,-1.0891410476755334,1000,0,1000,0,10000,10000,0.000999900009999
MovieLens-1M,profile,sampled_unseen_negatives_with_target,target_margin,primary,primary,joint_regret_primary,greedy_cf,random,-0.0010517615033338182,-0.0007027979128442219,-0.0011729855972833754,-0.0009353989139201605,9.999000099990002e-05,2.6005280862694676e-84,-0.539480154547163,1000,202,798,0,10000,10000,0.000999900009999
MovieLens-1M,profile,sampled_unseen_negatives_with_target,target_margin,primary,primary,normalized_regret_primary,shapley_mc,lime,0.015094493991392278,0.0,0.012965499618417739,0.017341214162017497,9.999000099990002e-05,7.822389714717214e-58,0.4231996907939315,1000,451,92,457,10000,10000,0.000999900009999
MovieLens-1M,profile,sampled_unseen_negatives_with_target,target_margin,primary,primary,normalized_regret_primary,shapley_mc,loo,0.01741086263639915,0.0006141045556060122,0.015085601734847347,0.01987424571011982,9.999000099990002e-05,4.974484492668462e-130,0.4484749973695685,1000,519,17,464,10000,10000,0.000999900009999
MovieLens-1M,profile,sampled_unseen_negatives_with_target,target_margin,primary,primary,normalized_regret_primary,shapley_mc,greedy_cf,-0.6871117703499093,-0.5420103765110131,-0.7160620215591574,-0.6576107417032989,9.999000099990002e-05,4.778309726736481e-299,-1.432351482715261,1000,0,992,8,10000,10000,0.000999900009999
MovieLens-1M,profile,sampled_unseen_negatives_with_target,target_margin,primary,primary,normalized_regret_primary,shapley_mc,random,-0.9922044573582781,-0.9948872818528486,-1.0036742920209965,-0.9809147938828798,9.999000099990002e-05,1.8665272370064378e-301,-5.376134065923078,1000,0,1000,0,10000,10000,0.000999900009999
MovieLens-1M,profile,sampled_unseen_negatives_with_target,target_margin,primary,primary,normalized_regret_primary,lime,loo,0.002316368645006876,0.0,0.0016280763434944937,0.003183606444675701,9.999000099990002e-05,5.579977048812955e-47,0.18043285073684642,1000,276,36,688,10000,10000,0.000999900009999
MovieLens-1M,profile,sampled_unseen_negatives_with_target,target_margin,primary,primary,normalized_regret_primary,lime,greedy_cf,-0.7022062643413016,-0.5504947798504142,-0.732432787197558,-0.6732516024199673,9.999000099990002e-05,4.778309726736481e-299,-1.4444962930249405,1000,0,992,8,10000,10000,0.000999900009999
MovieLens-1M,profile,sampled_unseen_negatives_with_target,target_margin,primary,primary,normalized_regret_primary,lime,random,-1.0072989513496704,-1.008345376950568,-1.0186763229137485,-0.9961726664585804,9.999000099990002e-05,1.8665272370064378e-301,-5.527482507773638,1000,0,1000,0,10000,10000,0.000999900009999
MovieLens-1M,profile,sampled_unseen_negatives_with_target,target_margin,primary,primary,normalized_regret_primary,loo,greedy_cf,-0.7045226329863085,-0.5550772121274603,-0.734840898403417,-0.6741674807953169,9.999000099990002e-05,4.778309726736481e-299,-1.4445495023479793,1000,0,992,8,10000,10000,0.000999900009999
MovieLens-1M,profile,sampled_unseen_negatives_with_target,target_margin,primary,primary,normalized_regret_primary,loo,random,-1.0096153199946774,-1.0097697831742476,-1.0207219998730985,-0.9982333165240642,9.999000099990002e-05,1.8665272370064378e-301,-5.536206958691032,1000,0,1000,0,10000,10000,0.000999900009999
MovieLens-1M,profile,sampled_unseen_negatives_with_target,target_margin,primary,primary,normalized_regret_primary,greedy_cf,random,-0.3050926870083688,-0.4130180422397164,-0.3358948451949713,-0.2722198249573831,9.999000099990002e-05,2.3419546740344785e-72,-0.5958201122795119,1000,223,777,0,10000,10000,0.000999900009999
MovieLens-1M,profile,sampled_unseen_negatives_with_target,target_margin,primary,primary,joint_regret_ndcg,shapley_mc,lime,0.000350316880861573,0.0,-6.318588404336687e-05,0.00078097184051593,0.10668933106689331,0.5831321542611763,0.05108632113487172,1000,29,24,947,10000,10000,0.3200679932006799
MovieLens-1M,profile,sampled_unseen_negatives_with_target,target_margin,primary,primary,joint_regret_ndcg,shapley_mc,loo,-0.0001039611010857293,0.0,-0.0005654083470217204,0.00033438420637287714,0.653034696530347,0.5189580031896519,-0.014528985373051626,1000,27,33,940,10000,10000,0.653034696530347
MovieLens-1M,profile,sampled_unseen_negatives_with_target,target_margin,primary,primary,joint_regret_ndcg,shapley_mc,greedy_cf,-0.004694530593481206,0.0,-0.006073231636640698,-0.003436881072214093,9.999000099990002e-05,3.474729849319795e-24,-0.2209867488258548,1000,24,153,823,10000,10000,0.000999900009999
MovieLens-1M,profile,sampled_unseen_negatives_with_target,target_margin,primary,primary,joint_regret_ndcg,shapley_mc,random,-0.0053916532090699165,0.0,-0.00679564021814291,-0.004075654262014509,9.999000099990002e-05,1.5299368708099277e-21,-0.24669106976459954,1000,42,180,778,10000,10000,0.000999900009999
MovieLens-1M,profile,sampled_unseen_negatives_with_target,target_margin,primary,primary,joint_regret_ndcg,lime,loo,-0.0004542779819473023,0.0,-0.0008681562655648912,-7.848156040692141e-05,0.0198980101989801,0.10775214433670044,-0.0710514161264842,1000,8,17,975,10000,10000,0.0795920407959204
MovieLens-1M,profile,sampled_unseen_negatives_with_target,target_margin,primary,primary,joint_regret_ndcg,lime,greedy_cf,-0.005044847474342779,0.0,-0.006453954623045528,-0.003786883209729518,9.999000099990002e-05,2.5636386452508263e-26,-0.23511764976650895,1000,22,157,821,10000,10000,0.000999900009999
MovieLens-1M,profile,sampled_unseen_negatives_with_target,target_margin,primary,primary,joint_regret_ndcg,lime,random,-0.00574197008993149,0.0,-0.007114588586643112,-0.004436153007837751,9.999000099990002e-05,2.984707954938208e-23,-0.26317528766933385,1000,41,186,773,10000,10000,0.000999900009999
MovieLens-1M,profile,sampled_unseen_negatives_with_target,target_margin,primary,primary,joint_regret_ndcg,loo,greedy_cf,-0.004590569492395478,0.0,-0.005942926105881559,-0.0033494231109294772,9.999000099990002e-05,6.0142623008524104e-24,-0.22071125313315107,1000,24,152,824,10000,10000,0.000999900009999
MovieLens-1M,profile,sampled_unseen_negatives_with_target,target_margin,primary,primary,joint_regret_ndcg,loo,random,-0.005287692107984187,0.0,-0.006617760195400709,-0.004017900525975461,9.999000099990002e-05,9.39002117711371e-22,-0.25132600038214065,1000,43,183,774,10000,10000,0.000999900009999
MovieLens-1M,profile,sampled_unseen_negatives_with_target,target_margin,primary,primary,joint_regret_ndcg,greedy_cf,random,-0.0006971226155887102,0.0,-0.0018594407565295085,0.0004967435239352318,0.24917508249175083,0.883771236928979,-0.036691522798788186,1000,92,95,813,10000,10000,0.49835016498350165
MovieLens-1M,profile,sampled_unseen_negatives_with_target,target_margin,primary,primary,normalized_regret_ndcg,shapley_mc,lime,-0.005823662685214748,0.0,-0.0649293637852675,0.037590695133764125,0.9117088291170883,0.7708669945730263,-0.012668530401681954,290,25,22,243,10000,10000,1.0
MovieLens-1M,profile,sampled_unseen_negatives_with_target,target_margin,primary,primary,normalized_regret_ndcg,shapley_mc,loo,-0.03689818611529939,0.0,-0.13573337892462525,0.027540358814231097,0.6204379562043796,0.48845566937989204,-0.04894305183314152,290,23,29,238,10000,10000,1.0
MovieLens-1M,profile,sampled_unseen_negatives_with_target,target_margin,primary,primary,normalized_regret_ndcg,shapley_mc,greedy_cf,-0.4255274916166073,0.0,-0.6201408357486298,-0.24766743847477596,9.999000099990002e-05,1.5494482693583842e-23,-0.26294892769269085,290,15,128,147,10000,10000,0.000999900009999
MovieLens-1M,profile,sampled_unseen_negatives_with_target,target_margin,primary,primary,normalized_regret_ndcg,shapley_mc,random,-0.4819008481806473,-0.3333333333333333,-0.7850713894013626,-0.1780910328706987,0.00019998000199980003,2.5236588624281573e-23,-0.18667271380861947,290,26,154,110,10000,10000,0.0013998600139986002
MovieLens-1M,profile,sampled_unseen_negatives_with_target,target_margin,primary,primary,normalized_regret_ndcg,lime,loo,-0.031074523430084648,0.0,-0.13845213231365355,0.05428598329902743,0.5458454154584541,0.15158963203430176,-0.0371226689922865,290,8,16,266,10000,10000,1.0
MovieLens-1M,profile,sampled_unseen_negatives_with_target,target_margin,primary,primary,normalized_regret_ndcg,lime,greedy_cf,-0.4197038289313926,0.0,-0.6145912225389751,-0.23374982345742898,9.999000099990002e-05,4.6029150281041995e-25,-0.2514994246215303,290,15,134,141,10000,10000,0.000999900009999
MovieLens-1M,profile,sampled_unseen_negatives_with_target,target_margin,primary,primary,normalized_regret_ndcg,lime,random,-0.4760771854954326,-0.388840365085893,-0.7777835312339169,-0.17431883796970724,0.0008999100089991,3.2918357742993623e-25,-0.18197758223682933,290,26,162,102,10000,10000,0.0053994600539946005
MovieLens-1M,profile,sampled_unseen_negatives_with_target,target_margin,primary,primary,normalized_regret_ndcg,loo,greedy_cf,-0.3886293055013079,0.0,-0.5625511197275456,-0.22620204824870874,9.999000099990002e-05,2.215016253400603e-23,-0.2688064222348418,290,16,130,144,10000,10000,0.000999900009999
MovieLens-1M,profile,sampled_unseen_negatives_with_target,target_margin,primary,primary,normalized_regret_ndcg,loo,random,-0.4450026620653479,-0.3333333333333333,-0.74855732699976,-0.13306868427545476,0.0013998600139986002,1.9688420919875754e-23,-0.16637221340238542,290,28,159,103,10000,10000,0.006999300069993001
MovieLens-1M,profile,sampled_unseen_negatives_with_target,target_margin,primary,primary,normalized_regret_ndcg,greedy_cf,random,-0.05637335656404005,0.0,-0.3781983801499302,0.26589114726363766,0.7463253674632536,0.1079876299835527,-0.020236177567432827,290,60,80,150,10000,10000,1.0
MovieLens-1M,profile,sampled_unseen_negatives_with_target,target_margin,primary,primary,intervention_success_ndcg,shapley_mc,lime,-0.0016,0.0,-0.004,0.0008,0.23247675232476753,0.20048842206597334,-0.042180125134556844,1000,11,19,970,10000,10000,0.46495350464953505
MovieLens-1M,profile,sampled_unseen_negatives_with_target,target_margin,primary,primary,intervention_success_ndcg,shapley_mc,loo,-0.00020000000000000006,0.0,-0.0026,0.0022,0.8524147585241476,1.0,-0.005196222642405991,1000,17,17,966,10000,10000,0.8524147585241476
MovieLens-1M,profile,sampled_unseen_negatives_with_target,target_margin,primary,primary,intervention_success_ndcg,shapley_mc,greedy_cf,0.0252,0.0,0.02,0.030400000000000003,9.999000099990002e-05,1.7092920119428793e-23,0.29673412770735674,1000,111,9,880,10000,10000,0.000999900009999
MovieLens-1M,profile,sampled_unseen_negatives_with_target,target_margin,primary,primary,intervention_success_ndcg,shapley_mc,random,0.0322,0.0,0.026199999999999998,0.038400000000000004,9.999000099990002e-05,6.23847834928156e-27,0.32114667138787256,1000,144,16,840,10000,10000,0.000999900009999
MovieLens-1M,profile,sampled_unseen_negatives_with_target,target_margin,primary,primary,intervention_success_ndcg,lime,loo,0.0014000000000000002,0.0,-0.00020000000000000006,0.003000000000000001,0.1272872712728727,0.1670684814453125,0.050823517383839875,1000,13,6,981,10000,10000,0.3818618138186181
MovieLens-1M,profile,sampled_unseen_negatives_with_target,target_margin,primary,primary,intervention_success_ndcg,lime,greedy_cf,0.0268,0.0,0.0216,0.0322,9.999000099990002e-05,7.52085824474887e-27,0.3121955516392314,1000,117,7,876,10000,10000,0.000999900009999
MovieLens-1M,profile,sampled_unseen_negatives_with_target,target_margin,primary,primary,intervention_success_ndcg,lime,random,0.033800000000000004,0.0,0.027600000000000003,0.0402,9.999000099990002e-05,5.491309367550057e-29,0.33487105371592785,1000,152,16,832,10000,10000,0.000999900009999
MovieLens-1M,profile,sampled_unseen_negatives_with_target,target_margin,primary,primary,intervention_success_ndcg,loo,greedy_cf,0.0254,0.0,0.0204,0.030799999999999998,9.999000099990002e-05,7.2744533233669705e-25,0.30529900784872505,1000,113,8,879,10000,10000,0.000999900009999
MovieLens-1M,profile,sampled_unseen_negatives_with_target,target_margin,primary,primary,intervention_success_ndcg,loo,random,0.032400000000000005,0.0,0.0264,0.0386,9.999000099990002e-05,2.8764829253722587e-27,0.327959413722461,1000,148,17,835,10000,10000,0.000999900009999
MovieLens-1M,profile,sampled_unseen_negatives_with_target,target_margin,primary,primary,intervention_success_ndcg,greedy_cf,random,0.007,0.0,0.0022,0.011800000000000001,0.0034996500349965005,0.003529272035686486,0.09225907591777559,1000,69,38,893,10000,10000,0.013998600139986002
